No	Time	12-AccX	12-AccY	12-AccZ	12-GyroX	12-GyroY	12-GyroZ	13-AccX	13-AccY	13-AccZ	13-GyroX	13-GyroY	13-GyroZ	14-AccX	14-AccY	14-AccZ	14-GyroX	14-GyroY	14-GyroZ	15-AccX	15-AccY	15-AccZ	15-GyroX	15-GyroY	15-GyroZ	16-AccX	16-AccY	16-AccZ	16-GyroX	16-GyroY	16-GyroZ	17-AccX	17-AccY	17-AccZ	17-GyroX	17-GyroY	17-GyroZ
0	140	0	0	0	0	0	0				0	0	0	0	0	0				0	0	0	0	0	0				0.528529801324503	-0.384529801324503	-0.709721854304636	-0.317086092715232	-2.3364238410596	-2.01562913907285				0.932026490066225	0.115496688741722	0.261933774834437	-0.0482119205298018	0.0519205298013249	-1.17748344370861				0.319788079470199	-0.0628344370860927	-0.884238410596026	-0.259602649006623	-0.682384105960265	-3.83470198675497			
1	160	0	0	0	0	0	0				0	0	0	0	0	0				0	0	0	0	0	0				0.544529801324503	-0.384529801324503	-0.709721854304636	1.08291390728477	-1.2164238410596	-1.17562913907285				0.932026490066225	0.0994966887417219	0.277933774834437	3.0317880794702	-1.06807947019868	-0.617483443708608				0.335788079470199	-0.0628344370860927	-0.900238410596026	0.0203973509933773	-0.682384105960265	-3.27470198675497			
2	180	0.983841059602649	0.00275496688741723	0.056476821192053	-1.08662251655629	-0.144635761589404	-1.18490066225166				0.992953642384106	0.0637880794701987	0.189139072847682	1.83390728476821	0.307814569536424	0.53403973509934				0.981827814569536	0.110728476821192	-0.0719470198675496	0.287417218543046	0.426490066225167	-0.20026490066225				0.544529801324503	-0.384529801324503	-0.709721854304636	-0.317086092715232	-2.0564238410596	-0.335629139072848				0.932026490066225	0.115496688741722	0.277933774834437	1.3517880794702	-0.788079470198675	-0.337483443708608				0.335788079470199	-0.0948344370860927	-0.884238410596026	-1.37960264900662	0.437615894039735	-2.71470198675497			
3	200	0.967841059602649	0.00275496688741723	0.056476821192053	-0.806622516556291	0.135364238410596	-0.624900662251656				0.976953642384106	0.0637880794701987	0.189139072847682	-0.126092715231788	-0.532185430463576	-0.0259602649006601				0.981827814569536	0.110728476821192	-0.0879470198675496	-1.11258278145695	0.986490066225167	-0.20026490066225				0.544529801324503	-0.400529801324503	-0.709721854304636	0.242913907284768	-1.2164238410596	-0.0556291390728476				0.932026490066225	0.115496688741722	0.261933774834437	1.6317880794702	-1.90807947019868	0.222516556291392				0.335788079470199	-0.0788344370860927	-0.884238410596026	-0.539602649006623	-0.122384105960265	-1.87470198675497			
4	220	0.967841059602649	0.00275496688741723	0.056476821192053	-0.246622516556291	0.415364238410596	-1.46490066225166				0.976953642384106	0.0637880794701987	0.205139072847682	-1.24609271523179	0.0278145695364242	0.25403973509934				0.981827814569536	0.110728476821192	-0.0559470198675496	-0.552582781456954	0.986490066225167	-0.20026490066225				0.528529801324503	-0.368529801324503	-0.709721854304636	-0.0370860927152318	-1.4964238410596	0.224370860927152				0.932026490066225	0.115496688741722	0.261933774834437	2.1917880794702	-1.06807947019868	-0.0574834437086077				0.319788079470199	-0.0628344370860927	-0.884238410596026	0.580397350993377	-0.682384105960265	-2.43470198675497			
5	240	0.967841059602649	0.00275496688741723	0.040476821192053	-0.806622516556291	1.2553642384106	-0.624900662251656				0.976953642384106	0.0637880794701987	0.189139072847682	-0.406092715231788	-0.532185430463576	0.53403973509934				0.965827814569536	0.110728476821192	-0.0559470198675496	-1.39258278145695	1.26649006622517	-0.20026490066225				0.528529801324503	-0.368529801324503	-0.693721854304636	-1.71708609271523	-1.7764238410596	-0.335629139072848				0.932026490066225	0.115496688741722	0.261933774834437	-0.0482119205298018	-1.34807947019868	-0.0574834437086077				0.319788079470199	-0.0628344370860927	-0.852238410596026	-0.539602649006623	0.437615894039735	-1.03470198675497			
6	260	0.967841059602649	0.0187549668874172	0.040476821192053	0.593377483443709	0.415364238410596	-0.624900662251656				0.976953642384106	0.0637880794701987	0.205139072847682	1.55390728476821	-1.09218543046358	0.81403973509934				0.981827814569536	0.110728476821192	-0.0719470198675496	-0.552582781456954	1.54649006622517	0.0797350993377501				0.512529801324503	-0.368529801324503	-0.693721854304636	0.802913907284768	0.1835761589404	0.224370860927152				0.932026490066225	0.115496688741722	0.261933774834437	-0.888211920529802	-0.788079470198675	0.502516556291392				0.319788079470199	-0.0628344370860927	-0.884238410596026	-2.21960264900662	0.717615894039735	-0.474701986754968			
7	280	0.983841059602649	0.00275496688741723	0.056476821192053	-0.526622516556291	1.2553642384106	-0.624900662251656				0.976953642384106	0.0797880794701987	0.205139072847682	1.83390728476821	-0.812185430463576	1.37403973509934				0.981827814569536	0.110728476821192	-0.0559470198675496	1.96741721854305	0.146490066225167	0.35973509933775				0.528529801324503	-0.368529801324503	-0.693721854304636	1.36291390728477	1.5835761589404	-0.895629139072848				0.932026490066225	0.115496688741722	0.261933774834437	-0.0482119205298018	-0.228079470198675	-0.337483443708608				0.319788079470199	-0.0628344370860927	-0.884238410596026	0.300397350993377	0.157615894039735	-0.194701986754968			
8	300	0.983841059602649	0.0187549668874172	0.056476821192053	-1.08662251655629	0.135364238410596	-0.0649006622516557				0.976953642384106	0.0637880794701987	0.189139072847682	1.55390728476821	-0.812185430463576	0.53403973509934				0.981827814569536	0.110728476821192	-0.0879470198675496	2.24741721854305	-0.133509933774833	0.35973509933775				0.544529801324503	-0.384529801324503	-0.693721854304636	-0.317086092715232	-1.2164238410596	-0.0556291390728476				0.932026490066225	0.115496688741722	0.277933774834437	-2.0082119205298	-0.228079470198675	-0.337483443708608				0.319788079470199	-0.0628344370860927	-0.884238410596026	-0.819602649006623	0.997615894039735	-0.474701986754968			
9	320	0.983841059602649	0.0187549668874172	0.056476821192053	1.15337748344371	-0.704635761589404	0.215099337748344				0.976953642384106	0.0637880794701987	0.189139072847682	1.83390728476821	-0.532185430463576	0.81403973509934				0.981827814569536	0.110728476821192	-0.0559470198675496	0.847417218543046	0.986490066225167	0.35973509933775				0.544529801324503	-0.400529801324503	-0.693721854304636	-0.0370860927152318	1.5835761589404	1.06437086092715				0.932026490066225	0.115496688741722	0.277933774834437	-1.1682119205298	0.611920529801325	1.06251655629139				0.319788079470199	-0.0628344370860927	-0.900238410596026	-0.259602649006623	0.437615894039735	-0.194701986754968			
10	340	0.983841059602649	0.00275496688741723	0.056476821192053	1.99337748344371	-0.424635761589404	-0.0649006622516557				0.976953642384106	0.0637880794701987	0.189139072847682	2.67390728476821	0.0278145695364242	1.37403973509934				0.981827814569536	0.110728476821192	-0.0559470198675496	2.52741721854305	1.82649006622517	1.19973509933775				0.544529801324503	-0.384529801324503	-0.693721854304636	1.08291390728477	1.8635761589404	0.784370860927152				0.948026490066225	0.115496688741722	0.293933774834437	1.0717880794702	1.45192052980132	0.782516556291392				0.335788079470199	-0.0788344370860927	-0.900238410596026	0.580397350993377	0.157615894039735	0.0852980132450323			
11	360	0.967841059602649	0.00275496688741723	0.072476821192053	1.15337748344371	0.415364238410596	-0.344900662251656				0.976953642384106	0.0637880794701987	0.189139072847682	2.95390728476821	0.307814569536424	0.53403973509934				0.981827814569536	0.0947284768211921	-0.0559470198675496	3.08741721854305	-0.133509933774833	0.63973509933775				0.528529801324503	-0.384529801324503	-0.693721854304636	1.64291390728477	2.7035761589404	1.34437086092715				0.932026490066225	0.0994966887417219	0.261933774834437	1.3517880794702	0.611920529801325	1.34251655629139				0.335788079470199	-0.0788344370860927	-0.884238410596026	-1.09960264900662	1.55761589403974	0.925298013245032			
12	380	0.983841059602649	0.00275496688741723	0.056476821192053	0.873377483443709	0.135364238410596	0.495099337748344				0.976953642384106	0.0637880794701987	0.189139072847682	2.11390728476821	1.42781456953642	0.81403973509934				0.981827814569536	0.0947284768211921	-0.0719470198675496	3.36741721854305	-0.133509933774833	0.63973509933775				0.544529801324503	-0.384529801324503	-0.693721854304636	3.04291390728477	1.8635761589404	1.06437086092715				0.932026490066225	0.0994966887417219	0.261933774834437	1.0717880794702	0.611920529801325	1.06251655629139				0.335788079470199	-0.0788344370860927	-0.884238410596026	-0.819602649006623	1.55761589403974	0.365298013245032			
13	400	0.983841059602649	0.00275496688741723	0.040476821192053	0.313377483443709	-0.424635761589404	-0.0649006622516557				0.976953642384106	0.0637880794701987	0.189139072847682	0.993907284768212	0.867814569536424	1.09403973509934				0.965827814569536	0.0947284768211921	-0.0719470198675496	1.96741721854305	-0.413509933774833	0.91973509933775				0.544529801324503	-0.384529801324503	-0.693721854304636	0.802913907284768	1.0235761589404	1.06437086092715				0.916026490066225	0.0994966887417219	0.293933774834437	0.791788079470198	1.73192052980133	-0.0574834437086077				0.335788079470199	-0.0788344370860927	-0.884238410596026	0.300397350993377	0.437615894039735	1.48529801324503			
14	420	0.983841059602649	0.00275496688741723	0.040476821192053	-0.526622516556291	0.415364238410596	-0.0649006622516557				0.976953642384106	0.0637880794701987	0.173139072847682	0.433907284768212	0.587814569536424	1.09403973509934				0.981827814569536	0.110728476821192	-0.0719470198675496	1.96741721854305	0.146490066225167	0.91973509933775				0.544529801324503	-0.400529801324503	-0.693721854304636	-0.597086092715232	0.1835761589404	0.224370860927152				0.948026490066225	0.0994966887417219	0.277933774834437	-0.0482119205298018	0.0519205298013249	1.06251655629139				0.335788079470199	-0.0788344370860927	-0.884238410596026	-0.539602649006623	-0.122384105960265	1.48529801324503			
15	440	0.967841059602649	0.00275496688741723	0.024476821192053	-0.806622516556291	0.415364238410596	-0.0649006622516557				0.976953642384106	0.0637880794701987	0.205139072847682	1.83390728476821	0.587814569536424	1.37403973509934				0.981827814569536	0.110728476821192	-0.0559470198675496	2.24741721854305	-0.133509933774833	0.63973509933775				0.560529801324503	-0.400529801324503	-0.709721854304636	1.36291390728477	0.1835761589404	1.06437086092715				0.948026490066225	0.115496688741722	0.277933774834437	-2.8482119205298	1.17192052980133	-0.0574834437086077				0.351788079470199	-0.0788344370860927	-0.884238410596026	0.580397350993377	-0.122384105960265	1.20529801324503			
16	460	0.967841059602649	0.00275496688741723	0.040476821192053	-1.08662251655629	0.695364238410596	0.495099337748344				0.976953642384106	0.0797880794701987	0.189139072847682	1.83390728476821	-0.532185430463576	1.09403973509934				0.981827814569536	0.110728476821192	-0.0559470198675496	1.12741721854305	0.426490066225167	0.63973509933775				0.560529801324503	-0.384529801324503	-0.709721854304636	1.64291390728477	0.4635761589404	0.504370860927152				0.916026490066225	0.115496688741722	0.309933774834437	-1.4482119205298	-0.228079470198675	-0.0574834437086077				0.351788079470199	-0.0788344370860927	-0.884238410596026	0.300397350993377	-0.682384105960265	0.925298013245032			
17	480	0.983841059602649	0.00275496688741723	0.024476821192053	-0.526622516556291	0.975364238410596	-0.0649006622516557				0.976953642384106	0.0637880794701987	0.205139072847682	1.27390728476821	0.0278145695364242	1.09403973509934				0.965827814569536	0.110728476821192	-0.0559470198675496	0.00741721854304636	0.986490066225167	1.19973509933775				0.560529801324503	-0.368529801324503	-0.677721854304636	0.522913907284768	0.7435761589404	-0.0556291390728476				0.932026490066225	0.115496688741722	0.293933774834437	-0.0482119205298018	-0.228079470198675	0.222516556291392				0.335788079470199	-0.0788344370860927	-0.868238410596026	0.300397350993377	-0.122384105960265	1.76529801324503			
18	500	0.983841059602649	0.0187549668874172	0.056476821192053	-1.36662251655629	0.135364238410596	0.775099337748344				0.976953642384106	0.0797880794701987	0.205139072847682	2.39390728476821	0.867814569536424	-0.30596026490066				0.981827814569536	0.110728476821192	-0.0719470198675496	0.287417218543046	0.426490066225167	1.47973509933775				0.576529801324503	-0.352529801324503	-0.677721854304636	0.522913907284768	1.0235761589404	-2.01562913907285				0.932026490066225	0.115496688741722	0.293933774834437	1.0717880794702	-2.46807947019868	0.782516556291392				0.367788079470199	-0.0788344370860927	-0.868238410596026	-0.539602649006623	0.997615894039735	2.60529801324503			
19	520	0.967841059602649	0.0187549668874172	0.040476821192053	-1.92662251655629	-0.704635761589404	1.61509933774834				0.992953642384106	0.0957880794701987	0.221139072847682	4.91390728476821	-0.252185430463576	-0.30596026490066				0.981827814569536	0.126728476821192	-0.0719470198675496	1.68741721854305	-0.973509933774833	2.03973509933775				0.592529801324503	-0.352529801324503	-0.661721854304636	-0.0370860927152318	0.1835761589404	-2.85562913907285				0.932026490066225	0.131496688741722	0.325933774834437	-0.888211920529802	-3.02807947019868	-0.0574834437086077				0.383788079470199	-0.0948344370860927	-0.868238410596026	-2.77960264900662	0.437615894039735	3.16529801324503			
20	540	0.967841059602649	0.0187549668874172	0.040476821192053	-2.76662251655629	0.695364238410596	1.05509933774834				0.992953642384106	0.0797880794701987	0.221139072847682	5.19390728476821	-3.05218543046358	-0.86596026490066				0.981827814569536	0.126728476821192	-0.0719470198675496	-0.272582781456954	-0.693509933774834	2.31973509933775				0.608529801324503	-0.384529801324503	-0.677721854304636	2.20291390728477	1.5835761589404	-4.81562913907285				0.916026490066225	0.131496688741722	0.309933774834437	-3.1282119205298	-6.10807947019868	-0.617483443708608				0.399788079470199	-0.0788344370860927	-0.868238410596026	-2.49960264900662	1.55761589403974	5.40529801324503			
21	560	0.999841059602649	0.0187549668874172	0.040476821192053	-2.76662251655629	0.415364238410596	2.17509933774834				0.960953642384106	0.0797880794701987	0.269139072847682	3.79390728476821	-3.33218543046358	-1.42596026490066				0.965827814569536	0.142728476821192	-0.0879470198675496	-4.75258278145695	-0.693509933774834	2.59973509933775				0.608529801324503	-0.368529801324503	-0.677721854304636	1.92291390728477	1.8635761589404	-8.17562913907285				0.916026490066225	0.131496688741722	0.325933774834437	-0.328211920529802	-6.10807947019868	-0.897483443708608				0.399788079470199	-0.0788344370860927	-0.820238410596026	-1.93960264900662	4.07761589403974	8.20529801324503			
22	580	1.01584105960265	0.0347549668874172	-0.00752317880794696	-5.00662251655629	-2.3846357615894	1.89509933774834				0.960953642384106	0.0797880794701987	0.285139072847682	-0.126092715231788	0.867814569536424	-3.94596026490066				0.997827814569536	0.126728476821192	0.00805298013245037	0.287417218543046	-3.77350993377483	0.35973509933775				0.592529801324503	-0.352529801324503	-0.677721854304636	1.08291390728477	3.2635761589404	-10.9756291390728				0.900026490066225	0.115496688741722	0.341933774834437	1.9117880794702	-6.94807947019868	-2.29748344370861				0.399788079470199	-0.0788344370860927	-0.788238410596027	-3.33960264900662	5.75761589403974	10.165298013245			
23	600	0.999841059602649	0.0827549668874172	-0.039523178807947	-15.6466225165563	-4.0646357615894	-0.0649006622516557				0.992953642384106	0.143788079470199	0.285139072847682	-5.44609271523179	2.26781456953642	-8.42596026490066				1.04582781456954	0.0787284768211921	-0.0239470198675496	11.487417218543	-8.25350993377483	2.59973509933775				0.560529801324503	-0.336529801324503	-0.677721854304636	-1.99708609271523	3.8235761589404	-13.4956291390728				0.900026490066225	0.147496688741722	0.357933774834437	-0.888211920529802	-5.82807947019868	-6.21748344370861				0.447788079470199	-0.0948344370860927	-0.756238410596026	-6.97960264900662	8.55761589403974	9.32529801324503			
24	620	1.03184105960265	0.114754966887417	-0.055523178807947	-22.6466225165563	-4.0646357615894	0.215099337748344				0.976953642384106	0.175788079470199	0.269139072847682	-5.16609271523179	-2.21218543046358	-10.6659602649007				0.981827814569536	0.110728476821192	-0.0559470198675496	-10.352582781457	-12.7335099337748	6.79973509933775				0.576529801324503	-0.320529801324503	-0.677721854304636	-3.39708609271523	6.6235761589404	-16.2956291390729				0.884026490066225	0.163496688741722	0.357933774834437	-7.6082119205298	-6.94807947019868	-9.85748344370861				0.495788079470199	-0.0948344370860927	-0.740238410596026	-12.2996026490066	13.0376158940397	11.565298013245			
25	640	1.07984105960265	0.130754966887417	-0.103523178807947	-21.5266225165563	-11.6246357615894	1.05509933774834				0.944953642384106	0.191788079470199	0.253139072847682	1.83390728476821	1.70781456953642	-12.9059602649007				0.965827814569536	0.174728476821192	-0.00794701986754963	-21.832582781457	-16.6535099337748	7.35973509933775				0.576529801324503	-0.304529801324503	-0.709721854304636	-4.23708609271523	9.1435761589404	-18.5356291390728				0.900026490066225	0.195496688741722	0.389933774834437	-15.4482119205298	-8.06807947019868	-14.3374834437086				0.527788079470199	-0.0628344370860927	-0.740238410596026	-18.7396026490066	14.1576158940397	12.125298013245			
26	660	1.11184105960265	0.146754966887417	-0.087523178807947	-25.4466225165563	-20.3046357615894	2.73509933774834				0.944953642384106	0.175788079470199	0.285139072847682	0.153907284768212	3.94781456953642	-17.9459602649007				1.04582781456954	0.142728476821192	-0.0239470198675496	-21.832582781457	-8.53350993377483	9.87973509933775				0.624529801324503	-0.272529801324503	-0.757721854304636	0.522913907284768	11.3835761589404	-14.6156291390728				0.932026490066225	0.211496688741722	0.373933774834437	-17.4082119205298	-13.9480794701987	-17.4174834437086				0.543788079470199	-0.0148344370860927	-0.788238410596027	-23.7796026490066	13.5976158940397	9.88529801324503			
27	680	1.04784105960265	0.194754966887417	-0.183523178807947	-21.2466225165563	-39.3446357615894	1.33509933774834				0.880953642384106	0.159788079470199	0.429139072847682	-6.00609271523179	0.867814569536424	-23.2659602649007				1.14182781456954	0.174728476821192	0.0240529801324504	-10.632582781457	-6.57350993377483	7.07973509933775				0.640529801324503	-0.288529801324503	-0.805721854304636	6.96291390728477	8.3035761589404	-11.8156291390728				0.900026490066225	0.275496688741722	0.293933774834437	-21.3282119205298	-18.4280794701987	-20.4974834437086				0.527788079470199	0.0331655629139073	-0.804238410596027	-26.2996026490066	7.99761589403974	8.20529801324503			
28	700	1.06384105960265	0.194754966887417	-0.359523178807947	-22.0866225165563	-60.9046357615894	-5.94490066225166				0.896953642384106	0.191788079470199	0.381139072847682	-14.6860927152318	1.14781456953642	-17.6659602649007				0.965827814569536	0.238728476821192	-0.13594701986755	-3.07258278145695	-30.6535099337748	3.71973509933775				0.624529801324503	-0.368529801324503	-0.837721854304636	-5.35708609271523	-2.8964238410596	-9.01562913907285				0.836026490066225	0.307496688741722	0.229933774834437	-24.1282119205298	-20.9480794701987	-22.7374834437086				0.527788079470199	0.0971655629139073	-0.788238410596027	-38.8996026490066	0.717615894039735	10.165298013245			
29	720	0.999841059602649	0.0987549668874172	-0.487523178807947	-56.8066225165563	-79.3846357615894	-14.3449006622517				0.896953642384106	0.175788079470199	0.285139072847682	-30.0860927152318	-11.7321854304636	-14.0259602649007				0.949827814569536	0.190728476821192	-0.00794701986754963	-23.512582781457	-34.0135099337748	6.79973509933775				0.560529801324503	-0.368529801324503	-0.821721854304636	-33.3570860927152	-11.8564238410596	-2.57562913907285				0.788026490066225	0.323496688741722	0.245933774834437	-26.0882119205298	-18.4280794701987	-22.1774834437086				0.511788079470199	0.161165562913907	-0.804238410596027	-48.6996026490066	-6.84238410596027	14.925298013245			
30	740	0.903841059602649	0.0187549668874172	-0.439523178807947	-84.5266225165563	-86.9446357615894	-16.8649006622517				0.864953642384106	0.191788079470199	0.205139072847682	-41.0060927152318	-30.2121854304636	-9.54596026490066				0.949827814569536	0.0307284768211921	-0.00794701986754963	-32.752582781457	-49.4135099337748	11.2797350993378				0.432529801324503	-0.288529801324503	-0.789721854304636	-55.4770860927152	-15.2164238410596	8.62437086092715				0.772026490066225	0.355496688741722	0.277933774834437	-33.3682119205298	-12.5480794701987	-24.1374834437086				0.495788079470199	0.193165562913907	-0.772238410596026	-49.8196026490066	-18.3223841059603	22.765298013245			
31	760	0.951841059602649	-0.0292450331125828	-0.279523178807947	-78.3666225165563	-82.7446357615894	-17.4249006622517				0.960953642384106	0.271788079470199	0.189139072847682	-57.2460927152318	-18.1721854304636	-12.0659602649007				0.933827814569536	0.190728476821192	-0.0559470198675496	-23.512582781457	-37.3735099337748	13.7997350993378				0.320529801324503	-0.176529801324503	-0.773721854304636	-67.5170860927152	-11.0164238410596	22.9043708609272				0.804026490066225	0.387496688741722	0.277933774834437	-42.0482119205298	-6.38807947019868	-27.4974834437086				0.479788079470199	0.257165562913907	-0.756238410596026	-50.9396026490066	-24.2023841059603	27.245298013245			
32	780	0.951841059602649	-0.173245033112583	-0.247523178807947	-97.6866225165563	-90.0246357615894	-6.22490066225166				0.992953642384106	0.271788079470199	0.285139072847682	-65.9260927152318	-12.2921854304636	-7.02596026490066				0.965827814569536	0.206728476821192	-0.0399470198675496	-48.712582781457	-41.8535099337748	18.2797350993378				0.256529801324503	-0.112529801324503	-0.789721854304636	-64.7170860927152	1.5835761589404	40.2643708609272				0.884026490066225	0.371496688741722	0.245933774834437	-48.2082119205298	-3.58807947019868	-26.9374834437086				0.495788079470199	0.273165562913907	-0.788238410596027	-54.8596026490066	-18.6023841059603	27.805298013245			
33	800	0.855841059602649	-0.381245033112583	0.024476821192053	-113.646622516556	-71.2646357615894	17.2950993377483				0.912953642384106	0.223788079470199	0.269139072847682	-79.3660927152318	-28.2521854304636	-4.78596026490066				0.965827814569536	0.110728476821192	-0.15194701986755	-39.192582781457	-43.2535099337748	19.9597350993378				0.256529801324503	-0.160529801324503	-0.805721854304636	-50.4370860927152	15.5835761589404	55.9443708609272				0.964026490066225	0.307496688741722	0.165933774834437	-59.4082119205298	-7.50807947019868	-28.6174834437086				0.543788079470199	0.241165562913907	-0.836238410596026	-50.6596026490066	-9.64238410596027	32.565298013245			
34	820	0.871841059602649	-0.253245033112583	0.280476821192053	-132.686622516556	-44.3846357615894	30.7350993377483				0.896953642384106	0.191788079470199	0.125139072847682	-86.6460927152318	-39.4521854304636	-4.50596026490066				0.917827814569536	0.126728476821192	-0.0559470198675496	-66.352582781457	-44.0935099337748	22.7597350993378				0.256529801324503	-0.208529801324503	-0.869721854304636	-43.1570860927152	23.4235761589404	69.9443708609272				0.980026490066225	0.275496688741722	0.133933774834437	-72.2882119205298	-15.3480794701987	-26.9374834437086				0.511788079470199	0.193165562913907	-0.852238410596026	-49.8196026490066	-2.92238410596027	44.045298013245			
35	840	0.823841059602649	0.0187549668874172	0.296476821192053	-155.646622516556	-40.4646357615894	15.6150993377483				0.960953642384106	0.223788079470199	0.0451390728476822	-102.606092715232	-42.5321854304636	-6.18596026490066				0.917827814569536	0.222728476821192	0.00805298013245037	-80.072582781457	-41.8535099337748	21.0797350993378				0.288529801324503	-0.272529801324503	-0.917721854304636	-45.6770860927152	27.0635761589404	83.9443708609272				1.01202649006623	0.275496688741722	0.149933774834437	-85.1682119205298	-26.2680794701987	-24.1374834437086				0.431788079470199	0.193165562913907	-0.948238410596026	-54.8596026490066	-2.92238410596027	57.485298013245			
36	860	0.791841059602649	0.210754966887417	0.232476821192053	-146.966622516556	-26.7446357615894	-5.10490066225166				0.976953642384106	0.255788079470199	0.0451390728476822	-106.526092715232	-34.1321854304636	-5.90596026490066				0.997827814569536	0.254728476821192	0.0560529801324504	-73.072582781457	-41.8535099337748	18.5597350993378				0.352529801324503	-0.448529801324503	-0.933721854304636	-50.9970860927152	26.7835761589404	94.8643708609272				0.996026490066225	0.291496688741722	0.0539337748344371	-98.8882119205298	-33.2680794701987	-23.0174834437086				0.367788079470199	0.225165562913907	-1.04423841059603	-52.0596026490066	-11.3223841059603	70.365298013245			
37	880	0.823841059602649	0.306754966887417	0.168476821192053	-163.486622516556	5.1753642384106	-0.0649006622516557				0.976953642384106	0.271788079470199	0.0931390728476822	-105.686092715232	-22.9321854304636	-7.58596026490066				0.917827814569536	0.270728476821192	0.0560529801324504	-68.312582781457	-31.7735099337748	23.3197350993378				0.368529801324503	-0.480529801324503	-0.965721854304636	-65.8370860927152	22.0235761589404	101.864370860927				0.980026490066225	0.323496688741722	0.0539337748344371	-108.40821192053	-26.8280794701987	-24.9774834437086				0.335788079470199	0.273165562913907	-1.07623841059603	-38.8996026490066	-22.5223841059603	87.165298013245			
38	900	0.807841059602649	0.226754966887417	0.200476821192053	-160.406622516556	31.7753642384106	16.1750993377483				0.976953642384106	0.303788079470199	0.125139072847682	-111.566092715232	-22.0921854304636	-15.1459602649007				0.933827814569536	0.286728476821192	-0.00794701986754963	-77.552582781457	-18.3335099337748	31.9997350993378				0.336529801324503	-0.400529801324503	-0.917721854304636	-75.6370860927152	18.3835761589404	103.824370860927				0.996026490066225	0.323496688741722	0.0859337748344371	-111.48821192053	-18.9880794701987	-24.9774834437086				0.335788079470199	0.273165562913907	-0.996238410596026	-32.1796026490066	-27.2823841059603	105.925298013245			
39	920	0.887841059602649	0.0347549668874172	0.184476821192053	-162.926622516556	56.6953642384106	26.5350993377483				0.976953642384106	0.335788079470199	0.141139072847682	-123.326092715232	-18.1721854304636	-16.8259602649007				0.949827814569536	0.270728476821192	-0.0399470198675496	-84.832582781457	-16.9335099337748	40.6797350993377				0.352529801324503	-0.336529801324503	-0.837721854304636	-74.7970860927152	23.1435761589404	104.944370860927				0.980026490066225	0.339496688741722	0.0699337748344371	-123.24821192053	-17.0280794701987	-28.8974834437086				0.271788079470199	0.305165562913907	-0.852238410596026	-29.9396026490066	-31.2023841059603	118.805298013245			
40	940	0.903841059602649	0.194754966887417	0.200476821192053	-186.446622516556	67.0553642384106	28.2150993377483				0.928953642384106	0.319788079470199	0.141139072847682	-126.686092715232	-9.21218543046358	-14.0259602649007				0.917827814569536	0.286728476821192	-0.10394701986755	-96.312582781457	-17.2135099337748	45.9997350993377				0.368529801324503	-0.384529801324503	-0.869721854304636	-73.1170860927152	34.3435761589404	108.864370860927				0	0	0	0	0	0				0	0	0	0	0	0			
41	1100	0	0	0	0	0	0				0	0	0	0	0	0				0	0	0	0	0	0				0.848529801324503	-0.416529801324503	-0.869721854304636	-50.9970860927152	59.8235761589404	86.4643708609272				1.10802649006623	0.259496688741722	0.437933774834437	-131.08821192053	-11.4280794701987	-48.7774834437086				0.239788079470199	-0.0468344370860927	-1.10823841059603	-63.2596026490066	-0.962384105960265	92.765298013245			
42	1120	0	0	0	0	0	0				1.15295364238411	0.0317880794701987	0.157139072847682	-132.286092715232	-21.5321854304636	-29.4259602649007				0.773827814569536	-0.241271523178808	-0.64794701986755	-86.232582781457	-43.2535099337748	4.55973509933775				0.832529801324503	-0.496529801324503	-0.901721854304636	-76.4770860927152	44.4235761589404	77.2243708609272				1.26802649006623	0.227496688741722	0.00593377483443711	-116.80821192053	-22.6280794701987	-44.8574834437086				0.271788079470199	0.145165562913907	-1.09223841059603	-61.2996026490066	-2.36238410596027	102.565298013245			
43	1140	0.839841059602649	-0.141245033112583	-0.295523178807947	-139.406622516556	23.6553642384106	32.4150993377484				1.02495364238411	-0.0162119205298013	-0.0828609271523179	-119.966092715232	-43.3721854304636	-23.5459602649007				0.565827814569536	-0.305271523178808	-0.29594701986755	-113.672582781457	-53.0535099337748	-8.88026490066225				0.576529801324503	-0.544529801324503	-0.821721854304636	-74.2370860927152	29.3035761589404	73.8643708609272				1.07602649006623	0.147496688741722	0.149933774834437	-107.28821192053	-33.8280794701987	-38.4174834437086				0.191788079470199	0.289165562913907	-1.07623841059603	-88.1796026490066	16.3976158940397	110.965298013245			
44	1160	0.951841059602649	0.0987549668874172	-0.135523178807947	-113.086622516556	39.3353642384106	18.1350993377483				1.00895364238411	0.0157880794701987	-0.130860927152318	-118.846092715232	-27.9721854304636	-18.2259602649007				0.517827814569536	-0.273271523178808	-0.18394701986755	-150.632582781457	-27.8535099337748	-14.4802649006623				0.336529801324503	-0.448529801324503	-0.725721854304636	-102.237086092715	20.3435761589404	70.7843708609272				0.900026490066225	0.131496688741722	0.149933774834437	-109.52821192053	-37.4680794701987	-30.5774834437086				0.0637880794701987	0.273165562913907	-1.02823841059603	-59.3396026490066	6.59761589403974	104.525298013245			
45	1180	0.967841059602649	0.226754966887417	0.00847682119205304	-87.6066225165563	36.2553642384106	3.57509933774835				0.864953642384106	0.111788079470199	-0.290860927152318	-126.686092715232	-15.6521854304636	-14.5859602649007				0.469827814569536	-0.289271523178808	-0.00794701986754963	-130.192582781457	19.7464900662252	-26.2402649006623				0.192529801324503	-0.288529801324503	-0.581721854304636	-108.397086092715	15.5835761589404	72.7443708609272				0.884026490066225	0.131496688741722	0.00593377483443711	-109.24821192053	-28.2280794701987	-25.8174834437086				-0.0162119205298013	0.241165562913907	-0.932238410596026	-41.1396026490066	4.91761589403974	96.125298013245			
46	1200	0.951841059602649	0.0827549668874172	-0.023523178807947	-68.5666225165563	26.7353642384106	7.21509933774835				0.912953642384106	0.127788079470199	-0.114860927152318	-121.366092715232	-7.81218543046358	-13.4659602649007				0.629827814569536	-0.225271523178808	0.0240529801324504	-135.792582781457	29.2664900662252	-24.8402649006623				0.192529801324503	-0.224529801324503	-0.533721854304636	-73.9570860927152	25.9435761589404	85.9043708609272				0.900026490066225	0.163496688741722	0.0379337748344371	-102.80821192053	-19.8280794701987	-18.5374834437086				0.0157880794701987	0.161165562913907	-0.916238410596027	-53.7396026490066	17.7976158940397	93.325298013245			
47	1220	0.919841059602649	-0.0452450331125828	-0.023523178807947	-61.5666225165563	28.9753642384106	11.9750993377483				0.864953642384106	0.175788079470199	-0.0348609271523178	-100.926092715232	-17.0521854304636	-12.3459602649007				0.805827814569536	-0.225271523178808	0.12005298013245	-143.072582781457	15.5464900662252	0.0797350993377501				0.256529801324503	-0.288529801324503	-0.613721854304636	-29.7170860927152	49.1835761589404	98.2243708609272				0.948026490066225	0.131496688741722	0.0539337748344371	-98.0482119205298	-25.7080794701987	-15.4574834437086				0.111788079470199	0.0971655629139073	-0.964238410596026	-51.4996026490066	14.9976158940397	93.605298013245			
48	1240	0.967841059602649	-0.109245033112583	-0.119523178807947	-45.8866225165563	23.0953642384106	14.4950993377483				0.880953642384106	0.0797880794701987	-0.0188609271523178	-94.4860927152318	-12.0121854304636	-6.74596026490066				0.901827814569536	-0.113271523178808	-0.0719470198675496	-177.232582781457	50.5464900662252	37.0397350993377				0.384529801324503	-0.416529801324503	-0.709721854304636	-8.43708609271523	65.9835761589404	98.5043708609272				0.932026490066225	0.0994966887417219	0.0219337748344371	-94.9682119205298	-30.1880794701987	-14.3374834437086				0.111788079470199	0.0971655629139073	-0.948238410596026	-43.0996026490066	2.95761589403974	96.405298013245			
49	1260	1.01584105960265	-0.141245033112583	-0.215523178807947	-48.9666225165563	19.4553642384106	6.65509933774834				0.976953642384106	0.0637880794701987	0.0451390728476822	-97.8460927152318	0.307814569536424	-5.34596026490066				0.917827814569536	-0.145271523178808	-0.16794701986755	-167.992582781457	80.5064900662252	60.2797350993378				0.480529801324503	-0.528529801324503	-0.757721854304636	-18.2370860927152	55.6235761589404	91.7843708609272				0.884026490066225	0.0834966887417219	0.0699337748344371	-90.7682119205298	-29.0680794701987	-13.2174834437086				0.0957880794701987	0.129165562913907	-0.948238410596026	-38.3396026490066	-7.40238410596027	98.925298013245			
50	1280	1.01584105960265	-0.0612450331125828	-0.343523178807947	-62.6866225165563	11.3353642384106	-9.30490066225166				0.976953642384106	-0.0322119205298013	0.0931390728476822	-100.646092715232	-1.09218543046358	-5.06596026490066				0.773827814569536	-0.113271523178808	0.13605298013245	-119.832582781457	105.426490066225	71.1997350993378				0.496529801324503	-0.544529801324503	-0.741721854304636	-51.2770860927152	33.5035761589404	84.5043708609272				0.900026490066225	0.0514966887417219	0.101933774834437	-88.8082119205298	-18.9880794701987	-11.5374834437086				0.143788079470199	0.129165562913907	-0.996238410596026	-28.2596026490066	-13.8423841059603	101.165298013245			
51	1300	0.999841059602649	-0.0612450331125828	-0.647523178807947	-83.4066225165563	-2.3846357615894	-28.6249006622517				0.976953642384106	-0.0802119205298013	0.0931390728476822	-104.846092715232	-0.532185430463576	-6.74596026490066				0.773827814569536	0.270728476821192	0.55205298013245	-208.872582781457	83.0264900662252	54.1197350993378				0.496529801324503	-0.496529801324503	-0.709721854304636	-67.5170860927152	19.7835761589404	81.1443708609272				0.964026490066225	0.0674966887417219	0.197933774834437	-88.2482119205298	-9.74807947019868	-11.2574834437086				0.239788079470199	0.0811655629139073	-0.948238410596026	-20.6996026490066	-17.7623841059603	102.565298013245			
52	1320	1.09584105960265	-0.0932450331125828	-0.679523178807947	-102.726622516556	-21.9846357615894	-39.2649006622517				1.00895364238411	0.0477880794701987	0.109139072847682	-110.166092715232	-0.532185430463576	-10.9459602649007				1.22182781456954	0.926728476821192	0.0400529801324504	-234.072582781457	103.466490066225	33.9597350993377				0.480529801324503	-0.464529801324503	-0.725721854304636	-57.7170860927152	27.0635761589404	87.3043708609272				0.996026490066225	0.131496688741722	0.245933774834437	-89.0882119205298	-10.3080794701987	-12.0974834437086				0.399788079470199	0.0811655629139073	-0.932238410596026	-20.9796026490066	-20.2823841059603	102.005298013245			
53	1340	1.07984105960265	-0.189245033112583	-0.679523178807947	-118.966622516556	-56.4246357615894	-49.3449006622517				1.12095364238411	0.303788079470199	0.317139072847682	-93.6460927152318	22.4278145695364	-2.26596026490066				2.02182781456954	2.06272847682119	-1.99194701986755	-83.432582781457	10.5064900662252	5.39973509933775				0.480529801324503	-0.512529801324503	-0.869721854304636	-31.1170860927152	45.8235761589404	94.3043708609272				0.964026490066225	0.243496688741722	0.357933774834437	-91.0482119205298	-8.62807947019868	-17.1374834437086				0.495788079470199	0.113165562913907	-0.900238410596026	-30.2196026490066	-23.0823841059603	102.285298013245			
54	1360	1.22384105960265	-0.0452450331125828	-0.327523178807947	-117.846622516556	-93.1046357615894	-55.5049006622517				1.15295364238411	0.495788079470199	0.413139072847682	-88.8860927152318	45.3878145695364	2.77403973509934				0.709827814569536	-0.369271523178808	-1.97594701986755	496.447417218543	-112.973509933775	-21.2002649006623				0.480529801324503	-0.512529801324503	-0.869721854304636	-45.9570860927152	49.4635761589404	89.8243708609272				0.740026490066225	0.323496688741722	0.0219337748344371	-118.76821192053	-15.0680794701987	-24.1374834437086				0.623788079470199	0.353165562913907	-0.772238410596026	-26.5796026490066	-27.5623841059603	116.845298013245			
55	1380	0.855841059602649	-0.109245033112583	-0.055523178807947	-113.366622516556	-101.504635761589	-40.9449006622517				0.688953642384106	0.447788079470199	0.349139072847682	-44.0860927152318	29.7078145695364	2.21403973509934				-0.826172185430464	-1.60127152317881	0.39205298013245	41.1674172185431	-8.81350993377484	133.079735099338				0.480529801324503	-0.144529801324503	-0.725721854304636	-99.9970860927152	17.8235761589404	98.2243708609272				0.628026490066225	0.451496688741722	0.309933774834437	-92.7282119205298	-11.4280794701987	-21.8974834437086				0.447788079470199	0.385165562913907	-0.596238410596026	-13.6996026490066	-55.8423841059603	133.925298013245			
56	1400	0.791841059602649	-0.381245033112583	0.120476821192053	-171.046622516556	-91.4246357615894	8.33509933774834				0.624953642384106	0.239788079470199	-0.0988609271523179	-83.2860927152318	-33.0121854304636	-1.70596026490066				0.117827814569536	-0.209271523178808	0.20005298013245	-448.272582781457	-12.7335099337748	56.3597350993378				0.400529801324503	0.0314701986754967	-0.613721854304636	-100.557086092715	-4.2964238410596	112.504370860927				0.820026490066225	0.387496688741722	0.469933774834437	-93.5682119205298	-26.8280794701987	-19.0974834437086				0.287788079470199	0.321165562913907	-0.692238410596026	-35.8196026490066	-48.8423841059603	120.485298013245			
57	1420	0.791841059602649	-0.365245033112583	0.456476821192053	-230.966622516556	-33.4646357615894	46.9750993377484				0.992953642384106	0.207788079470199	-0.274860927152318	-124.446092715232	-34.4121854304636	-7.58596026490066				1.39782781456954	1.16672847682119	-0.59994701986755	-197.952582781457	19.4664900662252	16.5997350993378				0.384529801324503	-0.112529801324503	-0.693721854304636	-95.7970860927152	6.6235761589404	119.784370860927				1.07602649006623	0.323496688741722	0.213933774834437	-144.80821192053	3.41192052980132	-27.7774834437086				0.159788079470199	0.353165562913907	-0.948238410596026	-29.9396026490066	-32.0423841059603	104.805298013245			
58	1440	0.823841059602649	0.210754966887417	0.312476821192053	-165.726622516556	-0.424635761589404	0.775099337748344				1.40895364238411	0.0637880794701987	0.301139072847682	-116.606092715232	4.50781456953642	-9.82596026490066				1.71782781456954	2.06272847682119	0.34405298013245	-63.552582781457	6.58649006622517	-6.36026490066225				0.448529801324503	-0.352529801324503	-0.837721854304636	-43.4370860927152	44.1435761589404	109.984370860927				1.25202649006623	0.259496688741722	-0.106066225165563	-126.04821192053	-13.6680794701987	-21.8974834437086				0.159788079470199	0.417165562913907	-1.01223841059603	-14.2596026490066	-6.84238410596027	104.805298013245			
59	1460	0.951841059602649	0.290754966887417	0.200476821192053	-147.806622516556	-14.9846357615894	-21.0649006622517				1.12095364238411	0.255788079470199	0.413139072847682	-75.4460927152318	-28.2521854304636	-9.54596026490066				0.885827814569536	0.350728476821192	-0.27994701986755	50.1274172185431	-45.4935099337748	40.6797350993377				0.480529801324503	-0.368529801324503	-0.869721854304636	-15.9970860927152	78.0235761589404	94.3043708609272				1.04402649006623	0.291496688741722	0.181933774834437	-86.8482119205298	-11.1480794701987	-14.3374834437086				0.127788079470199	0.289165562913907	-0.996238410596026	-26.5796026490066	13.8776158940397	107.605298013245			
60	1480	1.17584105960265	0.514754966887417	0.600476821192053	-126.246622516556	25.3353642384106	0.495099337748344				0.688953642384106	0.287788079470199	0.109139072847682	-67.6060927152318	-43.0921854304636	-12.6259602649007				0.661827814569536	-0.113271523178808	-0.42394701986755	-17.352582781457	-20.5735099337748	51.0397350993378				0.512529801324503	-0.256529801324503	-0.805721854304636	-21.0370860927152	71.3035761589404	81.1443708609272				0.884026490066225	0.291496688741722	0.181933774834437	-102.24821192053	-17.0280794701987	-15.7374834437086				0.0797880794701987	0.241165562913907	-0.948238410596026	-28.8196026490066	20.8776158940397	101.445298013245			
61	1500	1.03184105960265	0.498754966887417	0.664476821192053	-70.2466225165563	32.0553642384106	29.0550993377483				0.736953642384106	0.319788079470199	0.157139072847682	-83.5660927152318	4.50781456953642	-10.9459602649007				0.725827814569536	-0.177271523178808	0.0240529801324504	-87.912582781457	-10.7735099337748	28.9197350993378				0.544529801324503	-0.272529801324503	-0.773721854304636	-52.1170860927152	47.7835761589404	67.9843708609272				0.852026490066225	0.339496688741722	0.0219337748344371	-97.4882119205298	-15.9080794701987	-15.7374834437086				0.0637880794701987	0.273165562913907	-0.868238410596026	-22.0996026490066	14.9976158940397	98.925298013245			
62	1520	0.823841059602649	0.306754966887417	0.408476821192053	-47.0066225165563	37.9353642384106	17.0150993377483				1.05695364238411	0.223788079470199	0.445139072847682	-68.7260927152318	20.4678145695364	-9.54596026490066				1.02982781456954	0.446728476821192	-0.00794701986754963	-44.232582781457	12.4664900662252	11.2797350993378				0.576529801324503	-0.288529801324503	-0.741721854304636	-64.4370860927152	38.2635761589404	57.6243708609272				0.804026490066225	0.371496688741722	0.197933774834437	-84.8882119205298	-1.06807947019868	-16.5774834437086				0.0797880794701987	0.241165562913907	-0.788238410596027	-24.0596026490066	9.39761589403974	103.405298013245			
63	1540	0.855841059602649	0.146754966887417	0.280476821192053	-48.4066225165563	38.4953642384106	-1.74490066225166				1.05695364238411	0.207788079470199	0.253139072847682	-49.9660927152318	10.9478145695364	-3.38596026490066				1.17382781456954	0.366728476821192	-0.24794701986755	-10.912582781457	9.94649006622517	24.4397350993378				0.576529801324503	-0.256529801324503	-0.677721854304636	-57.1570860927152	49.7435761589404	57.0643708609272				0.804026490066225	0.339496688741722	0.309933774834437	-72.5682119205298	4.25192052980133	-18.2574834437086				0.223788079470199	0.209165562913907	-0.804238410596027	-28.2596026490066	8.27761589403974	102.845298013245			
64	1560	0.919841059602649	0.0827549668874172	0.200476821192053	-61.8466225165563	43.8153642384106	-5.10490066225166				0.896953642384106	0.191788079470199	0.157139072847682	-56.4060927152318	16.8278145695364	-0.0259602649006601				0.949827814569536	0.0947284768211921	-0.0879470198675496	-7.55258278145695	-3.77350993377483	40.9597350993377				0.608529801324503	-0.224529801324503	-0.645721854304636	-39.2370860927152	59.5435761589404	61.2643708609272				0.820026490066225	0.275496688741722	0.421933774834437	-61.3682119205298	19.9319205298013	-21.6174834437086				0.447788079470199	0.193165562913907	-0.836238410596026	-28.5396026490066	4.91761589403974	102.845298013245			
65	1580	0.967841059602649	0.0507549668874172	0.216476821192053	-95.7266225165563	60.3353642384106	4.69509933774834				0.880953642384106	0.175788079470199	0.333139072847682	-72.0860927152318	22.7078145695364	-1.14596026490066				0.773827814569536	0.254728476821192	-0.11994701986755	-35.272582781457	-1.81350993377483	40.6797350993377				0.688529801324503	-0.240529801324503	-0.629721854304636	-29.9970860927152	58.4235761589404	66.8643708609272				0.868026490066225	0.227496688741722	0.421933774834437	-55.4882119205298	15.4519205298013	-21.6174834437086				0.591788079470199	0.161165562913907	-0.884238410596026	-20.4196026490066	0.437615894039735	100.885298013245			
66	1600	1.01584105960265	0.0827549668874172	0.152476821192053	-107.206622516556	65.6553642384106	11.9750993377483				0.880953642384106	0.175788079470199	0.317139072847682	-70.1260927152318	16.8278145695364	-5.34596026490066				0.901827814569536	0.430728476821192	-0.18394701986755	-36.952582781457	5.46649006622517	35.3597350993377				0.672529801324503	-0.224529801324503	-0.677721854304636	-34.7570860927152	44.4235761589404	76.1043708609272				0.900026490066225	0.211496688741722	0.453933774834437	-59.9682119205298	2.57192052980133	-21.0574834437086				0.559788079470199	0.145165562913907	-0.900238410596026	-5.29960264900662	0.437615894039735	88.565298013245			
67	1620	1.04784105960265	0.210754966887417	-0.199523178807947	-73.8866225165563	55.8553642384106	27.3750993377483				0.992953642384106	0.143788079470199	0.317139072847682	-62.0060927152318	24.1078145695364	-9.82596026490066				1.02982781456954	0.142728476821192	-0.0399470198675496	-38.352582781457	4.62649006622517	35.6397350993377				0.624529801324503	-0.272529801324503	-0.693721854304636	-47.0770860927152	29.8635761589404	68.2643708609272				0.900026490066225	0.195496688741722	0.437933774834437	-63.6082119205298	-5.54807947019868	-19.3774834437086				0.511788079470199	0.161165562913907	-0.852238410596026	6.74039735099338	-6.28238410596027	74.285298013245			
68	1640	0.935841059602649	0.242754966887417	-0.439523178807947	-39.4466225165563	32.6153642384106	43.0550993377484				0.912953642384106	0.175788079470199	0.301139072847682	-54.1660927152318	13.4678145695364	-12.6259602649007				0.965827814569536	0.0147284768211921	0.00805298013245037	-29.672582781457	1.26649006622517	40.9597350993377				0.544529801324503	-0.400529801324503	-0.757721854304636	-38.1170860927152	31.2635761589404	63.7843708609272				0.900026490066225	0.243496688741722	0.373933774834437	-64.4482119205298	-6.38807947019868	-23.0174834437086				0.495788079470199	0.0971655629139073	-0.788238410596027	5.06039735099338	-9.08238410596027	67.845298013245			
69	1660	0.967841059602649	0.306754966887417	0.024476821192053	-82.2866225165563	30.3753642384106	35.7750993377484				0.880953642384106	0.239788079470199	0.301139072847682	-61.4460927152318	8.70781456953642	-12.6259602649007				0.933827814569536	0.0147284768211921	-0.11994701986755	-55.712582781457	0.426490066225167	53.2797350993377				0.480529801324503	-0.416529801324503	-0.821721854304636	-42.0370860927152	32.3835761589404	61.2643708609272				0.884026490066225	0.275496688741722	0.261933774834437	-74.8082119205298	-10.5880794701987	-29.1774834437086				0.431788079470199	0.0811655629139073	-0.804238410596027	-14.2596026490066	-9.64238410596027	68.965298013245			
70	1680	0.951841059602649	0.242754966887417	0.120476821192053	-93.7666225165563	15.8153642384106	39.4150993377484				0.944953642384106	0.159788079470199	0.237139072847682	-76.2860927152318	7.30781456953642	-14.0259602649007				0.949827814569536	0.0147284768211921	-0.0719470198675496	-87.072582781457	7.14649006622517	57.7597350993378				0.480529801324503	-0.368529801324503	-0.869721854304636	-52.3970860927152	26.7835761589404	65.7443708609272				0.916026490066225	0.275496688741722	0.261933774834437	-80.1282119205298	-10.5880794701987	-33.3774834437086				0.367788079470199	0.113165562913907	-0.852238410596026	-24.3396026490066	-21.6823841059603	72.605298013245			
71	1700	1.11184105960265	0.114754966887417	0.168476821192053	-13.6866225165563	32.8953642384106	54.8150993377484				1.00895364238411	0.0477880794701987	0.269139072847682	-102.606092715232	15.1478145695364	-17.3859602649007				0.949827814569536	0.0947284768211921	-0.0559470198675496	-114.232582781457	9.66649006622517	54.1197350993378				0.496529801324503	-0.368529801324503	-0.885721854304636	-56.8770860927152	23.9835761589404	68.8243708609272				0.996026490066225	0.227496688741722	0.341933774834437	-77.6082119205298	-6.94807947019868	-34.2174834437086				0.319788079470199	0.177165562913907	-0.964238410596026	-35.8196026490066	-23.6423841059603	72.605298013245			
72	1720	1.54384105960265	-0.349245033112583	-0.103523178807947	-9.48662251655629	33.4553642384106	57.3350993377484				1.10495364238411	0.0157880794701987	0.365139072847682	-123.326092715232	19.9078145695364	-20.7459602649007				0.917827814569536	0.190728476821192	-0.0879470198675496	-122.632582781457	13.0264900662252	52.1597350993378				0.544529801324503	-0.416529801324503	-0.773721854304636	-63.5970860927152	20.3435761589404	59.5843708609272				1.02802649006623	0.195496688741722	0.261933774834437	-86.0082119205298	2.29192052980133	-32.2574834437086				0.271788079470199	0.225165562913907	-1.10823841059603	-36.3796026490066	-4.32238410596027	66.165298013245			
73	1740	0.919841059602649	-0.269245033112583	-0.583523178807947	-133.246622516556	-30.3846357615894	36.0550993377484				1.07295364238411	0.0477880794701987	0.349139072847682	-102.606092715232	-1.37218543046358	-21.0259602649007				0.885827814569536	0.158728476821192	-0.18394701986755	-117.312582781457	21.7064900662252	52.4397350993378				0.592529801324503	-0.304529801324503	-0.629721854304636	-70.5970860927152	15.5835761589404	45.8643708609272				0.980026490066225	0.227496688741722	0.0859337748344371	-93.8482119205298	2.85192052980133	-24.9774834437086				0.223788079470199	0.257165562913907	-1.04423841059603	-5.85960264900662	9.95761589403974	63.645298013245			
74	1760	0.823841059602649	0.482754966887417	0.00847682119205304	-145.286622516556	34.8553642384106	-2.30490066225166				0.928953642384106	-0.0962119205298013	-0.00286092715231785	-73.4860927152318	-20.6921854304636	-11.5059602649007				0.853827814569536	-0.0332715231788079	-0.32794701986755	-108.912582781457	25.3464900662252	51.8797350993378				0.544529801324503	-0.144529801324503	-0.533721854304636	-51.8370860927152	20.3435761589404	43.9043708609272				0.868026490066225	0.179496688741722	0.325933774834437	-64.4482119205298	-3.86807947019868	-14.8974834437086				0.127788079470199	0.0971655629139073	-0.868238410596026	9.26039735099338	-0.402384105960265	62.245298013245			
75	1780	0.887841059602649	0.178754966887417	0.152476821192053	-57.0866225165563	43.2553642384106	-17.1449006622517				1.00895364238411	-0.160211920529801	-0.0188609271523178	-91.1260927152318	0.867814569536424	-10.3859602649007				1.02982781456954	-0.177271523178808	-0.56794701986755	-119.272582781457	32.6264900662252	44.3197350993377				0.512529801324503	-0.176529801324503	-0.517721854304636	-31.1170860927152	24.2635761589404	45.3043708609272				0.916026490066225	0.0994966887417219	0.453933774834437	-59.6882119205298	-10.8680794701987	-10.4174834437086				0.127788079470199	-0.0628344370860927	-0.900238410596026	-7.81960264900662	0.997615894039735	48.805298013245			
76	1800	0.983841059602649	-0.605245033112583	-0.071523178807947	-48.6866225165563	14.6953642384106	11.1350993377483				1.02495364238411	-0.0482119205298013	0.0771390728476822	-98.6860927152318	-1.65218543046358	-9.54596026490066				1.26982781456954	-0.193271523178808	-0.61594701986755	-121.232582781457	2.94649006622517	34.2397350993378				0.496529801324503	-0.400529801324503	-0.613721854304636	-14.0370860927152	32.1035761589404	45.5843708609272				1.04402649006623	0.0354966887417219	0.325933774834437	-73.9682119205298	-1.34807947019868	-10.4174834437086				0.191788079470199	-0.126834437086093	-0.996238410596026	-14.8196026490066	14.7176158940397	39.285298013245			
77	1820	1.01584105960265	-0.509245033112583	0.024476821192053	-60.7266225165563	6.2953642384106	19.5350993377483				1.15295364238411	-0.0322119205298013	0.189139072847682	-82.4460927152318	-5.85218543046358	-1.98596026490066				1.23782781456954	-0.129271523178808	-0.61594701986755	-99.672582781457	-44.6535099337748	17.7197350993378				0.544529801324503	-0.560529801324503	-0.725721854304636	-1.15708609271523	41.9035761589404	42.7843708609272				1.06002649006623	0.0194966887417219	0.197933774834437	-59.4082119205298	-7.78807947019868	-2.29748344370861				0.255788079470199	-0.0948344370860927	-1.02823841059603	-18.7396026490066	24.5176158940397	44.605298013245			
78	1840	0.983841059602649	-0.253245033112583	-0.023523178807947	-52.3266225165563	7.6953642384106	10.8550993377483				1.12095364238411	-0.0962119205298013	0.221139072847682	-70.1260927152318	-12.2921854304636	-0.30596026490066				0.997827814569536	-0.0812715231788079	-0.58394701986755	-91.832582781457	-56.9735099337748	10.4397350993378				0.608529801324503	-0.528529801324503	-0.741721854304636	-3.67708609271523	43.8635761589404	39.1443708609272				1.01202649006623	0.0354966887417219	0.293933774834437	-52.6882119205298	-5.26807947019868	1.06251655629139				0.287788079470199	-0.0788344370860927	-0.996238410596026	-13.9796026490066	23.1176158940397	51.045298013245			
79	1860	0.903841059602649	-0.173245033112583	-0.055523178807947	-24.3266225165563	12.7353642384106	-1.18490066225166				1.04095364238411	-0.0162119205298013	0.157139072847682	-65.0860927152318	-12.2921854304636	0.25403973509934				0.741827814569536	-0.0332715231788079	-0.43994701986755	-124.312582781457	-59.7735099337748	-0.20026490066225				0.640529801324503	-0.464529801324503	-0.725721854304636	-20.4770860927152	28.4635761589404	38.5843708609272				0.964026490066225	0.0994966887417219	0.277933774834437	-56.3282119205298	-10.5880794701987	2.46251655629139				0.255788079470199	-0.0628344370860927	-0.948238410596026	-9.77960264900662	18.9176158940397	53.005298013245			
80	1880	1.01584105960265	-0.109245033112583	0.024476821192053	-19.5666225165563	16.6553642384106	-12.3849006622517				0.976953642384106	-0.0162119205298013	0.0771390728476822	-63.4060927152318	-13.9721854304636	5.85403973509934				0.677827814569536	0.126728476821192	-0.31194701986755	-134.952582781457	-51.6535099337748	-11.9602649006623				0.608529801324503	-0.416529801324503	-0.677721854304636	-26.6370860927152	17.5435761589404	41.1043708609272				0.948026490066225	0.0994966887417219	0.245933774834437	-52.9682119205298	-13.3880794701987	5.26251655629139				0.191788079470199	-0.0148344370860927	-0.996238410596026	-11.7396026490066	15.2776158940397	49.925298013245			
81	1900	1.03184105960265	-0.0132450331125828	0.024476821192053	-29.0866225165563	6.5753642384106	-6.50490066225166				0.992953642384106	-0.0322119205298013	0.109139072847682	-48.5660927152318	-18.4521854304636	9.21403973509934				0.661827814569536	0.222728476821192	-0.27994701986755	-94.912582781457	-23.6535099337748	-19.2402649006623				0.608529801324503	-0.384529801324503	-0.613721854304636	-18.2370860927152	12.7835761589404	36.9043708609272				0.948026490066225	0.0834966887417219	0.213933774834437	-42.3282119205298	-13.6680794701987	9.46251655629139				0.127788079470199	0.0171655629139073	-0.996238410596026	-3.33960264900662	10.5176158940397	48.805298013245			
82	1920	0.951841059602649	0.0507549668874172	0.104476821192053	-22.3666225165563	3.7753642384106	0.215099337748344				0.976953642384106	-0.000211920529801304	0.0291390728476822	-37.3660927152318	-24.6121854304636	5.57403973509934				0.709827814569536	0.174728476821192	-0.15194701986755	-56.552582781457	12.7464900662252	-22.0402649006623				0.592529801324503	-0.384529801324503	-0.597721854304636	-9.83708609271523	9.1435761589404	33.2643708609272				0	0	0	0	0	0				0.0957880794701987	-0.0148344370860927	-0.932238410596026	0.860397350993377	7.71761589403974	41.805298013245			
83	1940	0.951841059602649	0.0187549668874172	0.088476821192053	0.873377483443709	6.5753642384106	4.13509933774834				0.944953642384106	-0.000211920529801304	0.0451390728476822	-29.5260927152318	-20.1321854304636	4.17403973509934				0.773827814569536	0.0147284768211921	-0.13594701986755	-34.992582781457	35.9864900662252	-18.1202649006623				0	0	0	0	0	0				0	0	0	0	0	0				0	0	0	0	0	0			
84	2080	0	0	0	0	0	0				0	0	0	0	0	0				0	0	0	0	0	0				0	0	0	0	0	0				1.17202649006623	0.0834966887417219	0.469933774834437	16.1917880794702	-9.74807947019868	8.90251655629139				0	0	0	0	0	0			
85	2100	0	0	0	0	0	0				0	0	0	0	0	0				0	0	0	0	0	0				0.512529801324503	-0.688529801324503	-1.06172185430464	26.8429139072848	21.1835761589404	-5.37562913907285				1.10802649006623	0.0514966887417219	0.0699337748344371	1.0717880794702	-11.4280794701987	1.90251655629139				0.543788079470199	0.0491655629139073	-1.06023841059603	-12.2996026490066	10.7976158940397	-2.71470198675497			
86	2120	0.903841059602649	0.0347549668874172	0.392476821192053	-8.92662251655629	-20.3046357615894	-2.02490066225166				0.736953642384106	0.0477880794701987	0.557139072847682	30.6739072847682	36.9878145695364	8.09403973509934				0.0698278145695364	-1.07327152317881	0.0880529801324504	21.567417218543	51.1064900662252	18.2797350993378				0.496529801324503	-0.624529801324503	-0.885721854304636	-6.19708609271523	11.1035761589404	-19.9356291390729				0.740026490066225	0.179496688741722	0.0859337748344371	6.1117880794702	-8.90807947019868	-2.01748344370861				0.511788079470199	0.145165562913907	-0.788238410596027	19.3403973509934	2.67761589403974	12.685298013245			
87	2140	0.855841059602649	0.0987549668874172	0.248476821192053	-7.24662251655629	-22.5446357615894	-6.22490066225166				0.752953642384106	-0.0642119205298013	0.221139072847682	14.4339072847682	2.54781456953642	5.01403973509934				0.437827814569536	-0.113271523178808	-0.18394701986755	-85.112582781457	39.6264900662252	38.4397350993378				0.432529801324503	-0.240529801324503	-0.725721854304636	-42.0370860927152	-21.9364238410596	-16.5756291390728				0.660026490066225	0.259496688741722	0.373933774834437	22.6317880794702	-10.0280794701987	-3.69748344370861				0.415788079470199	0.0651655629139073	-0.612238410596026	7.86039735099338	-17.4823841059603	18.285298013245			
88	2160	0.791841059602649	0.114754966887417	-0.00752317880794696	1.99337748344371	-4.6246357615894	-5.10490066225166				0.928953642384106	-0.0482119205298013	-0.0828609271523179	-21.9660927152318	-6.69218543046358	9.21403973509934				1.10982781456954	0.142728476821192	0.20005298013245	-199.912582781457	56.4264900662252	19.9597350993378				0.432529801324503	-0.0325298013245033	-0.629721854304636	-39.7970860927152	-29.7764238410596	-0.0556291390728476				0.804026490066225	0.243496688741722	0.469933774834437	-1.7282119205298	-3.30807947019868	-5.65748344370861				0.367788079470199	0.0171655629139073	-0.660238410596027	-1.37960264900662	-18.6023841059603	6.52529801324503			
89	2180	0.951841059602649	0.0827549668874172	0.024476821192053	12.9133774834437	13.2953642384106	-7.62490066225166				1.13695364238411	0.0317880794701987	0.157139072847682	-24.4860927152318	19.6278145695364	11.1740397350993				1.20582781456954	0.734728476821192	0.32805298013245	9.52741721854305	63.7064900662252	-8.32026490066225				0.432529801324503	-0.176529801324503	-0.565721854304636	-19.3570860927152	-17.1764238410596	8.34437086092715				0.980026490066225	0.115496688741722	0.261933774834437	-18.2482119205298	16.0119205298013	-7.05748344370861				0.351788079470199	0.0651655629139073	-0.852238410596026	-14.5396026490066	-5.72238410596027	-1.31470198675497			
90	2200	1.04784105960265	0.0667549668874172	0.072476821192053	6.19337748344371	12.4553642384106	-6.22490066225166				1.12095364238411	0.0477880794701987	0.253139072847682	7.71390728476821	-15.0921854304636	13.4140397350993				0.997827814569536	0.542728476821192	-0.00794701986754963	52.3674172185431	51.1064900662252	-7.48026490066225				0.512529801324503	-0.352529801324503	-0.629721854304636	3.60291390728477	2.7035761589404	12.2643708609272				1.02802649006623	0.131496688741722	0.213933774834437	2.4717880794702	0.891920529801325	-0.337483443708608				0.383788079470199	0.113165562913907	-0.996238410596026	-4.73960264900662	4.91761589403974	0.365298013245032			
91	2220	1.06384105960265	0.00275496688741723	-0.071523178807947	12.6333774834437	6.8553642384106	-3.98490066225166				0.848953642384106	0.0797880794701987	0.141139072847682	6.03390728476821	-17.3321854304636	11.1740397350993				0.869827814569536	0.142728476821192	-0.00794701986754963	54.3274172185431	26.4664900662252	12.1197350993378				0.560529801324503	-0.384529801324503	-0.693721854304636	15.6429139072848	14.4635761589404	11.1443708609272				0.980026490066225	0.0834966887417219	0.277933774834437	1.9117880794702	-0.788079470198675	4.98251655629139				0.399788079470199	0.0331655629139073	-0.996238410596026	8.42039735099338	9.11761589403974	-6.07470198675497			
92	2240	1.01584105960265	-0.0612450331125828	-0.039523178807947	19.6333774834437	0.135364238410596	1.05509933774834				0.896953642384106	0.0797880794701987	0.285139072847682	0.153907284768212	-6.97218543046358	5.57403973509934				0.933827814569536	0.142728476821192	-0.0399470198675496	-30.512582781457	33.1864900662252	23.8797350993378				0.544529801324503	-0.384529801324503	-0.725721854304636	9.76291390728477	9.7035761589404	8.90437086092715				0.932026490066225	0.0674966887417219	0.229933774834437	-4.8082119205298	-8.34807947019868	5.54251655629139				0.351788079470199	-0.0308344370860927	-0.932238410596026	10.9403973509934	11.3576158940397	-10.274701986755			
93	2260	0.967841059602649	-0.0292450331125828	0.024476821192053	8.43337748344371	-6.3046357615894	2.45509933774835				0.928953642384106	0.0797880794701987	0.237139072847682	-3.20609271523179	-1.37218543046358	0.81403973509934				1.01382781456954	0.110728476821192	-0.11994701986755	-84.832582781457	43.2664900662252	26.3997350993378				0.528529801324503	-0.384529801324503	-0.757721854304636	-1.15708609271523	-1.4964238410596	4.70437086092715				0.916026490066225	0.115496688741722	0.245933774834437	-5.3682119205298	-11.7080794701987	5.54251655629139				0.287788079470199	-0.0628344370860927	-0.900238410596026	1.42039735099338	2.39761589403974	-8.59470198675497			
94	2280	0.951841059602649	-0.0292450331125828	0.088476821192053	-4.44662251655629	-6.0246357615894	0.495099337748344				0.960953642384106	0.0637880794701987	0.189139072847682	-9.08609271523179	4.22781456953642	-0.0259602649006601				1.09382781456954	-0.0332715231788079	0.00805298013245037	-43.392582781457	19.4664900662252	10.7197350993378				0.496529801324503	-0.416529801324503	-0.757721854304636	-2.55708609271523	-6.2564238410596	1.90437086092715				0.884026490066225	0.131496688741722	0.245933774834437	-2.5682119205298	-9.46807947019868	5.54251655629139				0.287788079470199	-0.0628344370860927	-0.852238410596026	0.860397350993377	-9.92238410596027	-1.59470198675497			
95	2300	0.967841059602649	0.0187549668874172	0.168476821192053	-14.2466225165563	-1.2646357615894	-1.18490066225166				0.992953642384106	-0.000211920529801304	0.253139072847682	-0.126092715231788	2.54781456953642	1.09403973509934				1.06182781456954	0.0147284768211921	0.20005298013245	28.0074172185431	-0.693509933774834	-4.68026490066225				0.496529801324503	-0.416529801324503	-0.725721854304636	-1.43708609271523	-6.2564238410596	1.06437086092715				0.900026490066225	0.115496688741722	0.245933774834437	1.9117880794702	0.331920529801325	1.62251655629139				0.303788079470199	-0.0148344370860927	-0.820238410596026	3.10039735099338	-13.0023841059603	6.80529801324503			
96	2320	0.951841059602649	0.0667549668874172	0.168476821192053	-20.4066225165563	1.8153642384106	-2.86490066225166				0.992953642384106	0.0157880794701987	0.221139072847682	-7.12609271523179	0.307814569536424	0.53403973509934				0.997827814569536	0.142728476821192	-0.0239470198675496	34.7274172185431	-10.7735099337748	-6.64026490066225				0.480529801324503	-0.416529801324503	-0.725721854304636	-4.79708609271523	-4.5764238410596	0.224370860927152				0.916026490066225	0.0994966887417219	0.261933774834437	1.0717880794702	1.17192052980133	-1.45748344370861				0.319788079470199	-0.0148344370860927	-0.804238410596027	0.580397350993377	-9.08238410596027	9.04529801324503			
97	2340	0.967841059602649	0.0667549668874172	0.184476821192053	-16.4866225165563	5.7353642384106	-3.14490066225166				0.992953642384106	0.0157880794701987	0.269139072847682	-12.1660927152318	-3.33218543046358	-0.86596026490066				0.917827814569536	0.222728476821192	-0.13594701986755	-3.63258278145695	-9.93350993377483	-2.16026490066225				0.480529801324503	-0.416529801324503	-0.709721854304636	-6.75708609271523	1.0235761589404	2.18437086092715				0.932026490066225	0.0674966887417219	0.261933774834437	-2.8482119205298	3.97192052980133	-2.29748344370861				0.335788079470199	-0.0148344370860927	-0.852238410596026	-0.819602649006623	-1.80238410596026	5.68529801324503			
98	2360	0.967841059602649	0.0507549668874172	0.216476821192053	-6.96662251655629	9.0953642384106	-1.46490066225166				0.960953642384106	0.0477880794701987	0.221139072847682	-14.6860927152318	-1.93218543046358	-1.70596026490066				0.933827814569536	0.206728476821192	0.0240529801324504	-42.832582781457	1.54649006622517	2.87973509933775				0.480529801324503	-0.352529801324503	-0.693721854304636	-5.63708609271523	3.8235761589404	4.14437086092715				0.948026490066225	0.0994966887417219	0.245933774834437	-6.2082119205298	0.331920529801325	-2.57748344370861				0.367788079470199	0.00116556291390731	-0.884238410596026	-2.21960264900662	4.91761589403974	3.16529801324503			
99	2380	0.983841059602649	0.0347549668874172	0.232476821192053	0.873377483443709	8.2553642384106	1.33509933774834				0.976953642384106	0.0957880794701987	0.253139072847682	-9.08609271523179	-1.09218543046358	-3.38596026490066				0.965827814569536	0.158728476821192	0.15205298013245	-44.512582781457	9.10649006622517	3.99973509933775				0.496529801324503	-0.320529801324503	-0.709721854304636	-1.99708609271523	4.6635761589404	4.98437086092715				0.964026490066225	0.147496688741722	0.261933774834437	-7.3282119205298	-2.46807947019868	-1.45748344370861				0.351788079470199	0.0171655629139073	-0.916238410596027	-4.45960264900662	8.55761589403974	3.16529801324503			
100	2400	0.983841059602649	0.0187549668874172	0.200476821192053	5.63337748344371	5.4553642384106	3.57509933774835				0.960953642384106	0.0957880794701987	0.221139072847682	-6.00609271523179	-1.65218543046358	-3.66596026490066				0.981827814569536	0.126728476821192	0.21605298013245	-20.712582781457	7.98649006622517	4.27973509933775				0.528529801324503	-0.352529801324503	-0.741721854304636	3.88291390728477	5.2235761589404	4.98437086092715				0.948026490066225	0.147496688741722	0.261933774834437	-7.3282119205298	-3.86807947019868	-0.617483443708608				0.351788079470199	0.0171655629139073	-0.916238410596027	-0.819602649006623	4.35761589403974	2.88529801324503			
101	2420	0.999841059602649	0.0347549668874172	0.168476821192053	3.67337748344371	3.7753642384106	3.01509933774834				0.960953642384106	0.111788079470199	0.237139072847682	-2.08609271523179	0.587814569536424	-4.22596026490066				0.997827814569536	0.0947284768211921	0.16805298013245	6.44741721854305	0.986490066225167	2.59973509933775				0.576529801324503	-0.400529801324503	-0.757721854304636	3.32291390728477	5.5035761589404	3.86437086092715				0.932026490066225	0.163496688741722	0.261933774834437	-7.3282119205298	-2.74807947019868	-1.73748344370861				0.335788079470199	0.0331655629139073	-0.900238410596026	-1.09960264900662	0.157615894039735	2.32529801324503			
102	2440	0.951841059602649	0.0507549668874172	0.136476821192053	-3.32662251655629	2.6553642384106	1.89509933774834				0.960953642384106	0.0957880794701987	0.237139072847682	1.27390728476821	2.26781456953642	-2.82596026490066				0.981827814569536	0.0787284768211921	0.10405298013245	8.40741721854305	-2.37350993377483	3.43973509933775				0.592529801324503	-0.400529801324503	-0.741721854304636	-1.15708609271523	2.9835761589404	1.62437086092715				0.932026490066225	0.163496688741722	0.245933774834437	-6.2082119205298	-0.508079470198675	-2.57748344370861				0.319788079470199	0.0331655629139073	-0.900238410596026	1.70039735099338	-5.16238410596027	3.16529801324503			
103	2460	0.983841059602649	0.0347549668874172	0.152476821192053	-0.526622516556291	4.8953642384106	2.73509933774834				0.960953642384106	0.0637880794701987	0.237139072847682	4.07390728476821	3.38781456953642	-0.86596026490066				0.981827814569536	0.0947284768211921	0.12005298013245	3.08741721854305	1.26649006622517	3.15973509933775				0.560529801324503	-0.368529801324503	-0.741721854304636	-6.47708609271523	0.7435761589404	0.504370860927152				0.916026490066225	0.163496688741722	0.245933774834437	-0.608211920529802	1.45192052980132	-3.41748344370861				0.319788079470199	0.0171655629139073	-0.868238410596026	2.26039735099338	-7.12238410596027	4.00529801324503			
104	2480	0.999841059602649	0.00275496688741723	0.200476821192053	-0.806622516556291	3.7753642384106	1.33509933774834				0.976953642384106	0.0317880794701987	0.253139072847682	5.19390728476821	7.86781456953642	0.53403973509934				0.965827814569536	0.0787284768211921	0.15205298013245	1.12741721854305	3.50649006622517	4.83973509933775				0.528529801324503	-0.336529801324503	-0.725721854304636	-9.83708609271523	-0.6564238410596	-0.895629139072848				0.932026490066225	0.147496688741722	0.261933774834437	1.9117880794702	0.891920529801325	-3.41748344370861				0.319788079470199	0.0171655629139073	-0.852238410596026	-2.77960264900662	-7.12238410596027	4.56529801324503			
105	2500	0.967841059602649	-0.0292450331125828	0.232476821192053	-3.60662251655629	2.0953642384106	1.89509933774834				0.976953642384106	0.0477880794701987	0.253139072847682	4.07390728476821	8.70781456953642	0.25403973509934				0.981827814569536	0.0947284768211921	0.13605298013245	3.36741721854305	5.18649006622517	4.83973509933775				0.512529801324503	-0.336529801324503	-0.709721854304636	-8.15708609271523	0.7435761589404	-0.335629139072848				0.932026490066225	0.131496688741722	0.277933774834437	3.3117880794702	0.611920529801325	-3.69748344370861				0.335788079470199	0.00116556291390731	-0.868238410596026	-5.57960264900662	-2.64238410596027	4.00529801324503			
106	2520	0.951841059602649	-0.0612450331125828	0.216476821192053	-0.526622516556291	3.7753642384106	3.85509933774834				0.960953642384106	0.0477880794701987	0.253139072847682	3.23390728476821	7.58781456953643	0.81403973509934				0.981827814569536	0.0947284768211921	0.12005298013245	3.92741721854305	3.50649006622517	5.39973509933775				0.496529801324503	-0.352529801324503	-0.709721854304636	-4.79708609271523	3.5435761589404	1.62437086092715				0.916026490066225	0.115496688741722	0.277933774834437	1.9117880794702	2.29192052980133	-3.69748344370861				0.367788079470199	0.0171655629139073	-0.884238410596026	-3.05960264900662	0.157615894039735	3.16529801324503			
107	2540	0.967841059602649	-0.0452450331125828	0.200476821192053	-0.246622516556291	6.0153642384106	4.41509933774834				0.960953642384106	0.0317880794701987	0.269139072847682	3.23390728476821	8.70781456953642	1.65403973509934				0.981827814569536	0.0947284768211921	0.10405298013245	3.36741721854305	4.06649006622517	4.83973509933775				0.512529801324503	-0.368529801324503	-0.725721854304636	-6.47708609271523	3.8235761589404	2.46437086092715				0.916026490066225	0.115496688741722	0.277933774834437	2.7517880794702	3.41192052980132	-4.53748344370861				0.367788079470199	0.00116556291390731	-0.884238410596026	-1.65960264900662	-1.24238410596026	3.16529801324503			
108	2560	0.967841059602649	0.00275496688741723	0.168476821192053	-0.806622516556291	2.9353642384106	4.13509933774834				0.944953642384106	0.0317880794701987	0.269139072847682	2.11390728476821	9.54781456953642	1.93403973509934				0.997827814569536	0.0787284768211921	0.0880529801324504	1.12741721854305	2.66649006622517	3.71973509933775				0.496529801324503	-0.368529801324503	-0.725721854304636	-8.43708609271523	5.5035761589404	1.90437086092715				0.916026490066225	0.115496688741722	0.277933774834437	-1.4482119205298	2.85192052980133	-4.25748344370861				0.383788079470199	-0.0148344370860927	-0.900238410596026	0.860397350993377	-2.08238410596027	2.88529801324503			
109	2580	0.983841059602649	0.00275496688741723	0.136476821192053	-1.64662251655629	2.6553642384106	2.73509933774834				0.976953642384106	0.0157880794701987	0.269139072847682	0.433907284768212	10.9478145695364	2.21403973509934				0.997827814569536	0.0787284768211921	0.10405298013245	0.567417218543046	1.26649006622517	2.59973509933775				0.496529801324503	-0.352529801324503	-0.693721854304636	-8.71708609271523	5.2235761589404	2.46437086092715				0.932026490066225	0.115496688741722	0.293933774834437	-2.5682119205298	3.97192052980133	-4.25748344370861				0.383788079470199	-0.0308344370860927	-0.884238410596026	1.70039735099338	-2.08238410596027	5.12529801324503			
110	2600	0.967841059602649	0.00275496688741723	0.152476821192053	-4.44662251655629	4.3353642384106	1.61509933774834				0.960953642384106	0.0157880794701987	0.285139072847682	-0.686092715231788	10.9478145695364	1.37403973509934				0.997827814569536	0.0627284768211921	0.10405298013245	-1.39258278145695	-0.973509933774833	2.87973509933775				0.528529801324503	-0.320529801324503	-0.709721854304636	-7.59708609271523	6.9035761589404	4.42437086092715				0.932026490066225	0.115496688741722	0.293933774834437	-4.2482119205298	3.97192052980133	-3.41748344370861				0.383788079470199	-0.0308344370860927	-0.868238410596026	2.54039735099338	-2.92238410596027	7.08529801324503			
111	2620	0.967841059602649	-0.0292450331125828	0.168476821192053	-5.84662251655629	5.7353642384106	1.33509933774834				0.960953642384106	-0.000211920529801304	0.269139072847682	-4.32609271523179	10.3878145695364	0.81403973509934				0.981827814569536	0.0627284768211921	0.13605298013245	-0.272582781456954	-1.53350993377483	2.59973509933775				0.544529801324503	-0.352529801324503	-0.725721854304636	-5.35708609271523	8.0235761589404	5.54437086092715				0.916026490066225	0.131496688741722	0.309933774834437	-3.6882119205298	2.57192052980133	-2.85748344370861				0.383788079470199	-0.0148344370860927	-0.868238410596026	0.580397350993377	-1.80238410596026	7.36529801324503			
112	2640	0.983841059602649	-0.0452450331125828	0.152476821192053	-5.84662251655629	4.6153642384106	2.45509933774835				0.976953642384106	0.0157880794701987	0.269139072847682	-4.60609271523179	9.26781456953642	-0.30596026490066				0.981827814569536	0.0467284768211921	0.13605298013245	-0.552582781456954	-0.413509933774833	3.15973509933775				0.576529801324503	-0.352529801324503	-0.693721854304636	-6.19708609271523	5.2235761589404	4.14437086092715				0.932026490066225	0.115496688741722	0.309933774834437	-6.7682119205298	5.37192052980133	-3.13748344370861				0.367788079470199	-0.0148344370860927	-0.884238410596026	1.14039735099338	0.157615894039735	6.80529801324503			
113	2660	0.967841059602649	-0.0292450331125828	0.152476821192053	-7.24662251655629	3.2153642384106	1.61509933774834				0.960953642384106	0.0317880794701987	0.269139072847682	-4.60609271523179	6.46781456953642	-0.0259602649006601				0.981827814569536	0.0307284768211921	0.15205298013245	-1.95258278145695	1.82649006622517	2.87973509933775				0.560529801324503	-0.352529801324503	-0.693721854304636	-10.6770860927152	1.5835761589404	3.30437086092715				0.916026490066225	0.131496688741722	0.277933774834437	-10.4082119205298	3.97192052980133	-4.25748344370861				0.383788079470199	-0.0148344370860927	-0.884238410596026	2.82039735099338	0.437615894039735	8.48529801324503			
114	2680	0.967841059602649	-0.0292450331125828	0.136476821192053	-8.92662251655629	2.9353642384106	2.73509933774834				0.960953642384106	0.0317880794701987	0.285139072847682	-5.44609271523179	7.30781456953642	-0.30596026490066				0.965827814569536	0.0307284768211921	0.12005298013245	-4.75258278145695	2.10649006622517	3.71973509933775				0.560529801324503	-0.352529801324503	-0.709721854304636	-9.27708609271523	2.7035761589404	4.42437086092715				0.916026490066225	0.131496688741722	0.341933774834437	-9.5682119205298	2.29192052980133	-2.85748344370861				0.383788079470199	-0.0308344370860927	-0.884238410596026	3.38039735099338	-1.52238410596026	7.92529801324503			
115	2700	0.967841059602649	-0.0292450331125828	0.120476821192053	-8.36662251655629	4.3353642384106	2.73509933774834				0.960953642384106	0.0317880794701987	0.269139072847682	-9.08609271523179	8.42781456953642	-0.0259602649006601				0.981827814569536	0.0627284768211921	0.0880529801324504	-9.23258278145695	0.986490066225167	4.27973509933775				0.544529801324503	-0.352529801324503	-0.693721854304636	-4.51708609271523	6.3435761589404	4.98437086092715				0.932026490066225	0.131496688741722	0.309933774834437	-11.5282119205298	1.73192052980133	-2.57748344370861				0.367788079470199	-0.0308344370860927	-0.884238410596026	3.10039735099338	-2.92238410596027	7.64529801324503			
116	2720	0.983841059602649	-0.0292450331125828	0.152476821192053	-8.36662251655629	3.7753642384106	2.45509933774835				0.976953642384106	0.0157880794701987	0.285139072847682	-10.7660927152318	10.1078145695364	0.53403973509934				1.01382781456954	0.0787284768211921	0.0880529801324504	-7.83258278145695	-0.133509933774833	4.27973509933775				0.560529801324503	-0.352529801324503	-0.693721854304636	-4.79708609271523	5.7835761589404	4.98437086092715				0.932026490066225	0.131496688741722	0.325933774834437	-6.4882119205298	0.331920529801325	-2.85748344370861				0.351788079470199	-0.0308344370860927	-0.884238410596026	1.70039735099338	-0.962384105960265	7.08529801324503			
117	2740	0.983841059602649	-0.0132450331125828	0.168476821192053	-10.6066225165563	3.7753642384106	1.61509933774834				0.992953642384106	0.0317880794701987	0.317139072847682	-11.0460927152318	7.58781456953643	-1.14596026490066				0.997827814569536	0.0787284768211921	0.0880529801324504	-6.43258278145695	-1.25350993377483	2.31973509933775				0.576529801324503	-0.352529801324503	-0.709721854304636	-6.75708609271523	4.1035761589404	4.98437086092715				0.932026490066225	0.131496688741722	0.309933774834437	-9.0082119205298	0.331920529801325	-2.85748344370861				0.367788079470199	-0.0308344370860927	-0.868238410596026	0.300397350993377	0.437615894039735	6.52529801324503			
118	2760	0.967841059602649	-0.0132450331125828	0.184476821192053	-12.5666225165563	3.7753642384106	1.05509933774834				0.976953642384106	0.0317880794701987	0.301139072847682	-11.6060927152318	4.50781456953642	-0.30596026490066				0.997827814569536	0.0787284768211921	0.0880529801324504	-6.99258278145695	-1.25350993377483	2.31973509933775				0.560529801324503	-0.352529801324503	-0.709721854304636	-8.15708609271523	3.5435761589404	5.26437086092715				0.916026490066225	0.131496688741722	0.309933774834437	-10.9682119205298	-0.508079470198675	-1.45748344370861				0.367788079470199	-0.0308344370860927	-0.884238410596026	-1.09960264900662	1.83761589403974	6.24529801324503			
119	2780	0.967841059602649	-0.0132450331125828	0.168476821192053	-10.8866225165563	2.6553642384106	1.89509933774834				0.976953642384106	0.0317880794701987	0.317139072847682	-8.24609271523179	2.54781456953642	-0.0259602649006601				0.981827814569536	0.0467284768211921	0.10405298013245	-9.51258278145695	0.426490066225167	3.99973509933775				0.544529801324503	-0.352529801324503	-0.709721854304636	-8.43708609271523	2.7035761589404	5.26437086092715				0.932026490066225	0.131496688741722	0.325933774834437	-9.0082119205298	0.0519205298013249	-1.73748344370861				0.383788079470199	-0.0148344370860927	-0.884238410596026	0.300397350993377	-1.24238410596026	7.64529801324503			
120	2800	0.967841059602649	-0.0292450331125828	0.168476821192053	-8.92662251655629	3.7753642384106	1.61509933774834				0.960953642384106	0.0317880794701987	0.285139072847682	-5.72609271523179	-0.252185430463576	-0.0259602649006601				0.981827814569536	0.0627284768211921	0.0880529801324504	-8.11258278145695	0.986490066225167	3.71973509933775				0.560529801324503	-0.336529801324503	-0.693721854304636	-5.63708609271523	4.3835761589404	5.54437086092715				0.916026490066225	0.131496688741722	0.309933774834437	-10.1282119205298	1.73192052980133	-0.897483443708608				0.383788079470199	-0.0308344370860927	-0.884238410596026	0.580397350993377	-3.48238410596027	9.04529801324503			
121	2820	0.983841059602649	-0.0292450331125828	0.184476821192053	-6.40662251655629	4.3353642384106	2.45509933774835				0.960953642384106	0.0317880794701987	0.301139072847682	-7.12609271523179	-0.252185430463576	-0.30596026490066				0.981827814569536	0.0787284768211921	0.10405298013245	-8.67258278145695	1.82649006622517	3.71973509933775				0.560529801324503	-0.336529801324503	-0.677721854304636	-5.07708609271523	4.1035761589404	6.10437086092715				0.916026490066225	0.131496688741722	0.309933774834437	-10.4082119205298	1.17192052980133	-1.45748344370861				0.351788079470199	-0.0308344370860927	-0.884238410596026	2.26039735099338	-2.36238410596027	9.04529801324503			
122	2840	0.967841059602649	-0.0292450331125828	0.184476821192053	-5.56662251655629	2.9353642384106	3.29509933774834				0.960953642384106	0.0317880794701987	0.285139072847682	-8.80609271523179	0.867814569536424	-1.14596026490066				0.997827814569536	0.0947284768211921	0.10405298013245	-6.71258278145695	1.26649006622517	3.71973509933775				0.576529801324503	-0.320529801324503	-0.677721854304636	-4.23708609271523	3.8235761589404	7.22437086092715				0.916026490066225	0.131496688741722	0.309933774834437	-10.1282119205298	-1.06807947019868	-1.17748344370861				0.351788079470199	-0.0308344370860927	-0.868238410596026	0.860397350993377	-2.08238410596027	9.04529801324503			
123	2860	0.983841059602649	-0.0292450331125828	0.184476821192053	-6.68662251655629	1.5353642384106	2.17509933774834				0.944953642384106	0.0317880794701987	0.285139072847682	-7.40609271523179	3.10781456953642	-0.30596026490066				0.997827814569536	0.0627284768211921	0.0880529801324504	-5.59258278145695	-0.133509933774833	2.87973509933775				0.560529801324503	-0.336529801324503	-0.693721854304636	-3.39708609271523	4.9435761589404	9.18437086092715				0.932026490066225	0.131496688741722	0.309933774834437	-10.1282119205298	-2.74807947019868	-0.897483443708608				0.351788079470199	-0.0308344370860927	-0.868238410596026	-0.259602649006623	-1.24238410596026	8.48529801324503			
124	2880	0.967841059602649	-0.0292450331125828	0.184476821192053	-7.24662251655629	0.975364238410596	1.61509933774834				0.960953642384106	0.0317880794701987	0.301139072847682	-5.72609271523179	4.78781456953642	-0.30596026490066				0.981827814569536	0.0627284768211921	0.10405298013245	-5.59258278145695	-0.133509933774833	2.87973509933775				0.560529801324503	-0.336529801324503	-0.709721854304636	-1.71708609271523	6.9035761589404	8.06437086092715				0.916026490066225	0.131496688741722	0.309933774834437	-8.4482119205298	-0.508079470198675	-0.617483443708608				0.351788079470199	-0.0308344370860927	-0.868238410596026	-0.539602649006623	0.437615894039735	8.48529801324503			
125	2900	0.967841059602649	-0.0452450331125828	0.216476821192053	-5.84662251655629	0.415364238410596	1.89509933774834				0.960953642384106	0.0317880794701987	0.317139072847682	-4.04609271523179	5.62781456953642	0.25403973509934				0.981827814569536	0.0467284768211921	0.12005298013245	-6.15258278145695	-0.973509933774833	2.59973509933775				0.576529801324503	-0.368529801324503	-0.709721854304636	-5.07708609271523	7.7435761589404	4.70437086092715				0.916026490066225	0.115496688741722	0.309933774834437	-7.3282119205298	-1.62807947019868	-0.897483443708608				0.351788079470199	-0.0308344370860927	-0.884238410596026	-1.65960264900662	1.83761589403974	9.88529801324503			
126	2920	0.967841059602649	-0.0452450331125828	0.200476821192053	-5.56662251655629	-0.424635761589404	2.17509933774834				0.960953642384106	0.0157880794701987	0.317139072847682	-3.48609271523179	5.90781456953642	0.81403973509934				0.997827814569536	0.0467284768211921	0.12005298013245	-4.19258278145695	-1.53350993377483	3.15973509933775				0.576529801324503	-0.320529801324503	-0.693721854304636	-5.35708609271523	5.7835761589404	4.42437086092715				0.916026490066225	0.115496688741722	0.309933774834437	-9.8482119205298	0.891920529801325	-2.29748344370861				0.351788079470199	-0.0308344370860927	-0.868238410596026	1.42039735099338	0.717615894039735	9.60529801324503			
127	2940	0.967841059602649	-0.0452450331125828	0.216476821192053	-5.56662251655629	0.695364238410596	3.01509933774834				0	0	0	0	0	0				0	0	0	0	0	0				0.576529801324503	-0.336529801324503	-0.693721854304636	-6.19708609271523	4.1035761589404	4.98437086092715				0	0	0	0	0	0				0.335788079470199	-0.0308344370860927	-0.852238410596026	-1.37960264900662	0.997615894039735	8.76529801324503			
