No	Time	12-AccX	12-AccY	12-AccZ	12-GyroX	12-GyroY	12-GyroZ	13-AccX	13-AccY	13-AccZ	13-GyroX	13-GyroY	13-GyroZ	14-AccX	14-AccY	14-AccZ	14-GyroX	14-GyroY	14-GyroZ	15-AccX	15-AccY	15-AccZ	15-GyroX	15-GyroY	15-GyroZ	16-AccX	16-AccY	16-AccZ	16-GyroX	16-GyroY	16-GyroZ	17-AccX	17-AccY	17-AccZ	17-GyroX	17-GyroY	17-GyroZ
0	140	0	0	0	0	0	0				0.976953642384106	0.0637880794701987	0.157139072847682	3.23390728476821	-1.09218543046358	2.21403973509934				0.981827814569536	0.0627284768211921	-0.0559470198675496	3.36741721854305	0.706490066225167	-2.16026490066225				0	0	0	0	0	0				0	0	0	0	0	0				0	0	0	0	0	0			
1	160	0.983841059602649	-0.0292450331125828	0.104476821192053	3.67337748344371	-0.424635761589404	-2.30490066225166				0.976953642384106	0.0637880794701987	0.141139072847682	1.27390728476821	0.587814569536424	2.49403973509934				0.981827814569536	0.0787284768211921	-0.0559470198675496	1.96741721854305	0.706490066225167	-1.32026490066225				0	0	0	0	0	0				0	0	0	0	0	0				0.287788079470199	-0.110834437086093	-0.916238410596027	0.300397350993377	0.437615894039735	-3.27470198675497			
2	180	0.983841059602649	-0.0292450331125828	0.120476821192053	3.67337748344371	0.135364238410596	-2.30490066225166				0.976953642384106	0.0637880794701987	0.173139072847682	1.55390728476821	2.26781456953642	1.09403973509934				0.981827814569536	0.0787284768211921	-0.0719470198675496	2.80741721854305	0.706490066225167	-1.88026490066225				0.576529801324503	-0.496529801324503	-0.581721854304636	3.32291390728477	-1.7764238410596	-2.29562913907285				0.948026490066225	0.00349668874172187	0.213933774834437	3.5917880794702	0.891920529801325	1.62251655629139				0.303788079470199	-0.0948344370860927	-0.900238410596026	3.10039735099338	-0.122384105960265	-4.11470198675497			
3	200	0.983841059602649	-0.0132450331125828	0.104476821192053	2.55337748344371	0.135364238410596	-2.58490066225166				0.976953642384106	0.0797880794701987	0.173139072847682	3.23390728476821	-1.37218543046358	0.53403973509934				0.981827814569536	0.0787284768211921	-0.0559470198675496	1.96741721854305	0.146490066225167	-1.88026490066225				0.560529801324503	-0.480529801324503	-0.597721854304636	2.76291390728477	-2.3364238410596	-0.895629139072848				0.964026490066225	0.0194966887417219	0.229933774834437	6.3917880794702	0.611920529801325	1.62251655629139				0.303788079470199	-0.0948344370860927	-0.900238410596026	1.70039735099338	1.27761589403974	-3.83470198675497			
4	220	0.983841059602649	-0.0132450331125828	0.104476821192053	2.83337748344371	-0.704635761589404	-2.02490066225166				0.976953642384106	0.0637880794701987	0.157139072847682	2.67390728476821	-2.21218543046358	0.81403973509934				0.981827814569536	0.0787284768211921	-0.0719470198675496	4.76741721854305	-0.413509933774833	-2.44026490066225				0.560529801324503	-0.496529801324503	-0.597721854304636	4.72291390728477	-1.2164238410596	-1.17562913907285				0.948026490066225	0.0194966887417219	0.213933774834437	4.1517880794702	-1.62807947019868	1.34251655629139				0.319788079470199	-0.0948344370860927	-0.900238410596026	2.54039735099338	1.55761589403974	-4.95470198675497			
5	240	0.967841059602649	-0.0132450331125828	0.104476821192053	3.39337748344371	-1.8246357615894	-2.86490066225166				0.976953642384106	0.0797880794701987	0.141139072847682	3.79390728476821	-0.812185430463576	0.81403973509934				0.981827814569536	0.0787284768211921	-0.0399470198675496	5.88741721854305	2.10649006622517	-3.00026490066225				0.560529801324503	-0.480529801324503	-0.581721854304636	4.16291390728477	-2.0564238410596	-2.57562913907285				0.948026490066225	0.0194966887417219	0.213933774834437	5.5517880794702	-0.508079470198675	1.90251655629139				0.303788079470199	-0.110834437086093	-0.884238410596026	2.82039735099338	0.157615894039735	-4.11470198675497			
6	260	0.967841059602649	-0.0292450331125828	0.104476821192053	2.55337748344371	-0.704635761589404	-2.30490066225166				0.976953642384106	0.0637880794701987	0.157139072847682	5.47390728476821	0.0278145695364242	1.93403973509934				0.981827814569536	0.0787284768211921	-0.0559470198675496	5.60741721854305	0.426490066225167	-2.44026490066225				0.576529801324503	-0.496529801324503	-0.581721854304636	5.28291390728477	-1.4964238410596	-2.01562913907285				0.948026490066225	0.0194966887417219	0.229933774834437	4.7117880794702	0.0519205298013249	1.34251655629139				0.319788079470199	-0.0948344370860927	-0.900238410596026	0.0203973509933773	-1.24238410596026	-2.99470198675497			
7	280	0.967841059602649	-0.0452450331125828	0.120476821192053	4.51337748344371	-0.144635761589404	-1.74490066225166				0.976953642384106	0.0797880794701987	0.173139072847682	6.03390728476821	0.587814569536424	1.93403973509934				0.997827814569536	0.0627284768211921	-0.0719470198675496	4.76741721854305	0.426490066225167	-2.16026490066225				0.576529801324503	-0.496529801324503	-0.597721854304636	3.60291390728477	-2.0564238410596	-2.01562913907285				0.948026490066225	0.0194966887417219	0.213933774834437	3.8717880794702	0.331920529801325	1.06251655629139				0.303788079470199	-0.0948344370860927	-0.900238410596026	3.10039735099338	-1.24238410596026	-4.39470198675497			
8	300	0.983841059602649	-0.0132450331125828	0.104476821192053	5.07337748344371	-0.144635761589404	-2.30490066225166				0.992953642384106	0.0637880794701987	0.157139072847682	5.19390728476821	1.14781456953642	1.37403973509934				0.981827814569536	0.0787284768211921	-0.0719470198675496	3.92741721854305	0.146490066225167	-2.16026490066225				0.576529801324503	-0.496529801324503	-0.597721854304636	3.88291390728477	-2.0564238410596	-2.85562913907285				0.948026490066225	0.0194966887417219	0.213933774834437	4.4317880794702	-0.788079470198675	1.90251655629139				0.303788079470199	-0.0788344370860927	-0.884238410596026	1.14039735099338	0.157615894039735	-4.67470198675497			
9	320	0.967841059602649	0.00275496688741723	0.104476821192053	3.39337748344371	-0.984635761589404	-3.14490066225166				0.992953642384106	0.0637880794701987	0.157139072847682	4.63390728476821	0.867814569536424	1.65403973509934				0.981827814569536	0.0947284768211921	-0.0719470198675496	3.36741721854305	1.54649006622517	-1.88026490066225				0.576529801324503	-0.496529801324503	-0.613721854304636	3.60291390728477	-1.7764238410596	-1.17562913907285				0.932026490066225	0.0194966887417219	0.213933774834437	6.3917880794702	-1.62807947019868	1.06251655629139				0.303788079470199	-0.110834437086093	-0.884238410596026	1.42039735099338	0.157615894039735	-4.67470198675497			
10	340	0.983841059602649	-0.0132450331125828	0.104476821192053	3.11337748344371	0.135364238410596	-3.42490066225166				0.976953642384106	0.0637880794701987	0.157139072847682	4.07390728476821	1.70781456953642	1.37403973509934				0.981827814569536	0.0947284768211921	-0.0719470198675496	3.36741721854305	0.706490066225167	-2.72026490066225				0.560529801324503	-0.480529801324503	-0.597721854304636	2.20291390728477	-3.7364238410596	-2.57562913907285				0.948026490066225	0.00349668874172187	0.229933774834437	4.7117880794702	-2.18807947019868	1.62251655629139				0.319788079470199	-0.110834437086093	-0.900238410596026	1.70039735099338	-0.122384105960265	-5.23470198675497			
11	360	0.967841059602649	-0.0132450331125828	0.104476821192053	3.67337748344371	-0.144635761589404	-2.86490066225166				0.976953642384106	0.0797880794701987	0.157139072847682	5.19390728476821	1.14781456953642	1.37403973509934				0.981827814569536	0.0787284768211921	-0.0559470198675496	7.28741721854305	0.146490066225167	-1.88026490066225				0.560529801324503	-0.480529801324503	-0.597721854304636	2.20291390728477	-3.7364238410596	-2.29562913907285				0.948026490066225	0.0194966887417219	0.213933774834437	3.5917880794702	1.17192052980133	1.34251655629139				0.319788079470199	-0.0948344370860927	-0.900238410596026	1.14039735099338	-0.682384105960265	-4.67470198675497			
12	380	0.967841059602649	-0.0132450331125828	0.088476821192053	4.23337748344371	-0.144635761589404	-2.58490066225166				0.992953642384106	0.0797880794701987	0.157139072847682	5.19390728476821	1.14781456953642	1.93403973509934				0.981827814569536	0.0787284768211921	-0.0719470198675496	5.32741721854305	0.426490066225167	-2.72026490066225				0.560529801324503	-0.480529801324503	-0.597721854304636	3.60291390728477	-1.7764238410596	-1.73562913907285				0.948026490066225	0.0194966887417219	0.213933774834437	3.5917880794702	-0.508079470198675	0.502516556291392				0.303788079470199	-0.0948344370860927	-0.900238410596026	0.0203973509933773	-0.402384105960265	-4.67470198675497			
13	400	0.983841059602649	-0.0132450331125828	0.104476821192053	3.67337748344371	0.415364238410596	-2.58490066225166				0.992953642384106	0.0797880794701987	0.141139072847682	4.35390728476821	-0.532185430463576	1.37403973509934				0.965827814569536	0.0947284768211921	-0.0719470198675496	4.76741721854305	2.38649006622517	-2.44026490066225				0.560529801324503	-0.496529801324503	-0.597721854304636	4.44291390728477	-0.0964238410596001	-1.17562913907285				0.964026490066225	0.0194966887417219	0.213933774834437	5.2717880794702	-1.34807947019868	1.34251655629139				0.319788079470199	-0.0948344370860927	-0.900238410596026	-0.819602649006623	0.437615894039735	-4.67470198675497			
14	420	0.967841059602649	-0.0132450331125828	0.088476821192053	1.71337748344371	0.415364238410596	-3.14490066225166				0.992953642384106	0.0957880794701987	0.125139072847682	3.51390728476821	-0.532185430463576	0.81403973509934				0.981827814569536	0.0947284768211921	-0.0559470198675496	2.24741721854305	2.10649006622517	-2.16026490066225				0.544529801324503	-0.496529801324503	-0.613721854304636	3.04291390728477	-0.0964238410596001	-0.895629139072848				0.964026490066225	0.0194966887417219	0.197933774834437	3.8717880794702	-2.46807947019868	1.06251655629139				0.319788079470199	-0.110834437086093	-0.916238410596027	0.300397350993377	-1.24238410596026	-3.83470198675497			
15	440	0.983841059602649	-0.0132450331125828	0.072476821192053	1.43337748344371	0.415364238410596	-2.86490066225166				0.992953642384106	0.0797880794701987	0.157139072847682	3.23390728476821	-1.09218543046358	1.65403973509934				0.981827814569536	0.0787284768211921	-0.0559470198675496	2.80741721854305	3.78649006622517	-1.60026490066225				0.544529801324503	-0.496529801324503	-0.613721854304636	2.76291390728477	0.1835761589404	-0.0556291390728476				0.964026490066225	0.0194966887417219	0.197933774834437	1.9117880794702	-2.74807947019868	1.06251655629139				0.335788079470199	-0.110834437086093	-0.900238410596026	-0.539602649006623	-1.52238410596026	-2.15470198675497			
16	460	0.983841059602649	0.00275496688741723	0.056476821192053	1.43337748344371	0.415364238410596	-3.42490066225166				0.992953642384106	0.127788079470199	0.125139072847682	5.75390728476821	-3.05218543046358	1.09403973509934				0.981827814569536	0.0947284768211921	-0.0559470198675496	2.80741721854305	3.22649006622517	-1.60026490066225				0.528529801324503	-0.496529801324503	-0.629721854304636	1.64291390728477	0.7435761589404	-0.615629139072848				0.964026490066225	0.0194966887417219	0.197933774834437	-0.328211920529802	-3.58807947019868	0.782516556291392				0.319788079470199	-0.0948344370860927	-0.884238410596026	-1.93960264900662	-2.36238410596027	-0.194701986754968			
17	480	0.983841059602649	0.0187549668874172	0.040476821192053	-0.246622516556291	0.135364238410596	-2.58490066225166				0.992953642384106	0.0957880794701987	0.141139072847682	7.15390728476821	-2.77218543046358	1.37403973509934				0.981827814569536	0.110728476821192	-0.0719470198675496	0.847417218543046	2.94649006622517	-1.04026490066225				0.528529801324503	-0.496529801324503	-0.629721854304636	-1.71708609271523	1.5835761589404	0.784370860927152				0.948026490066225	0.0354966887417219	0.197933774834437	-2.2882119205298	-2.74807947019868	0.222516556291392				0.303788079470199	-0.0948344370860927	-0.868238410596026	-3.33960264900662	-1.80238410596026	2.04529801324503			
18	500	0.999841059602649	0.0187549668874172	0.024476821192053	-2.76662251655629	-0.984635761589404	-2.02490066225166				0.992953642384106	0.111788079470199	0.157139072847682	6.31390728476821	-1.93218543046358	0.53403973509934				0.965827814569536	0.126728476821192	-0.0879470198675496	-3.07258278145695	4.34649006622517	0.63973509933775				0.528529801324503	-0.496529801324503	-0.645721854304636	-1.43708609271523	4.6635761589404	3.02437086092715				0.948026490066225	0.0354966887417219	0.181933774834437	-3.6882119205298	-3.02807947019868	-1.45748344370861				0.319788079470199	-0.0788344370860927	-0.868238410596026	-6.69960264900662	-0.402384105960265	4.84529801324503			
19	520	1.06384105960265	0.0507549668874172	-0.023523178807947	-0.806622516556291	-1.2646357615894	-0.624900662251656				1.00895364238411	0.111788079470199	0.189139072847682	8.83390728476821	-4.17218543046358	-0.86596026490066				0.997827814569536	0.126728476821192	-0.0879470198675496	-2.79258278145695	6.30649006622517	2.87973509933775				0.544529801324503	-0.496529801324503	-0.661721854304636	-0.0370860927152318	5.5035761589404	3.58437086092715				0.964026490066225	0.0514966887417219	0.165933774834437	-6.2082119205298	-4.14807947019868	-1.17748344370861				0.303788079470199	-0.0628344370860927	-0.868238410596026	-7.25960264900662	3.79761589403974	6.80529801324503			
20	540	1.12784105960265	0.130754966887417	-0.103523178807947	1.43337748344371	-9.66463576158941	2.17509933774834				0.976953642384106	0.127788079470199	0.173139072847682	11.3539072847682	-9.49218543046358	-1.98596026490066				0.997827814569536	0.0787284768211921	-0.0559470198675496	-3.91258278145695	2.38649006622517	7.07973509933775				0.544529801324503	-0.512529801324503	-0.693721854304636	-6.75708609271523	6.0635761589404	4.98437086092715				0.964026490066225	0.0674966887417219	0.181933774834437	-5.3682119205298	-4.14807947019868	-3.69748344370861				0.303788079470199	-0.0628344370860927	-0.868238410596026	-13.4196026490066	0.997615894039735	8.48529801324503			
21	560	1.07984105960265	0.130754966887417	-0.215523178807947	-7.52662251655629	-34.5846357615894	-1.46490066225166				0.960953642384106	0.191788079470199	0.189139072847682	0.433907284768212	-9.21218543046358	-1.70596026490066				1.01382781456954	0.0467284768211921	-0.00794701986754963	-12.312582781457	-1.53350993377483	10.9997350993378				0.544529801324503	-0.512529801324503	-0.693721854304636	-14.3170860927152	6.6235761589404	4.70437086092715				0.932026490066225	0.0674966887417219	0.149933774834437	-10.6882119205298	-4.70807947019868	-6.49748344370861				0.319788079470199	-0.0468344370860927	-0.852238410596026	-15.9396026490066	3.51761589403974	11.285298013245			
22	580	1.09584105960265	0.130754966887417	-0.407523178807947	-16.4866225165563	-59.5046357615894	-8.74490066225166				0.960953642384106	0.223788079470199	0.253139072847682	2.39390728476821	-3.61218543046358	-0.0259602649006601				0.981827814569536	0.126728476821192	0.00805298013245037	-24.632582781457	-3.49350993377483	12.9597350993378				0.512529801324503	-0.496529801324503	-0.693721854304636	-22.7170860927152	5.2235761589404	2.74437086092715				0.900026490066225	0.115496688741722	0.117933774834437	-13.2082119205298	-4.42807947019868	-8.73748344370861				0.367788079470199	-0.0148344370860927	-0.804238410596027	-18.4596026490066	4.35761589403974	16.045298013245			
23	600	1.09584105960265	0.0667549668874172	-0.471523178807947	-37.2066225165563	-84.1446357615894	-13.2249006622517				0.880953642384106	0.191788079470199	0.253139072847682	1.27390728476821	-10.8921854304636	1.09403973509934				0.949827814569536	0.238728476821192	0.0240529801324504	-24.352582781457	-1.25350993377483	13.7997350993378				0.464529801324503	-0.448529801324503	-0.693721854304636	-27.1970860927152	4.1035761589404	1.90437086092715				0.836026490066225	0.147496688741722	0.149933774834437	-15.4482119205298	-0.788079470198675	-14.0574834437086				0.351788079470199	0.0331655629139073	-0.756238410596026	-17.8996026490066	-2.64238410596027	20.525298013245			
24	620	1.03184105960265	0.0347549668874172	-0.423523178807947	-41.6866225165563	-103.464635761589	-16.8649006622517				0.864953642384106	0.207788079470199	0.141139072847682	-9.64609271523179	-9.49218543046358	1.09403973509934				0.997827814569536	0.222728476821192	0.0720529801324504	-18.192582781457	-5.45350993377483	15.4797350993378				0.448529801324503	-0.368529801324503	-0.725721854304636	-34.4770860927152	6.0635761589404	3.02437086092715				0.820026490066225	0.179496688741722	0.197933774834437	-18.8082119205298	1.45192052980132	-20.2174834437086				0.335788079470199	0.0331655629139073	-0.708238410596026	-17.0596026490066	-12.7223841059603	25.845298013245			
25	640	1.06384105960265	0.0187549668874172	-0.359523178807947	-48.1266225165563	-107.944635761589	-11.2649006622517				0.912953642384106	0.255788079470199	0.109139072847682	-24.2060927152318	-1.65218543046358	-0.30596026490066				1.02982781456954	0.158728476821192	-0.0239470198675496	-20.992582781457	-13.5735099337748	18.2797350993378				0.432529801324503	-0.304529801324503	-0.741721854304636	-40.6370860927152	10.5435761589404	4.42437086092715				0.836026490066225	0.211496688741722	0.261933774834437	-24.1282119205298	5.37192052980133	-26.0974834437086				0.383788079470199	0.0331655629139073	-0.676238410596026	-25.4596026490066	-13.8423841059603	26.405298013245			
26	660	1.07984105960265	-0.0932450331125828	-0.375523178807947	-72.7666225165563	-128.104635761589	6.09509933774834				1.00895364238411	0.239788079470199	0.173139072847682	-37.9260927152318	6.46781456953642	-0.585960264900661				0.997827814569536	0.206728476821192	-0.0719470198675496	-33.592582781457	-18.3335099337748	18.2797350993378				0.464529801324503	-0.336529801324503	-0.773721854304636	-40.3570860927152	15.8635761589404	7.50437086092715				0.964026490066225	0.195496688741722	0.229933774834437	-37.2882119205298	3.13192052980133	-30.2974834437086				0.527788079470199	0.0811655629139073	-0.772238410596026	-39.4596026490066	-5.44238410596027	25.565298013245			
27	680	0.983841059602649	-0.157245033112583	0.120476821192053	-80.3266225165563	-86.9446357615894	17.0150993377483				1.02495364238411	0.159788079470199	0.141139072847682	-61.1660927152318	0.867814569536424	-2.26596026490066				0.965827814569536	0.174728476821192	-0.0239470198675496	-42.832582781457	-16.9335099337748	18.2797350993378				0.464529801324503	-0.400529801324503	-0.837721854304636	-43.7170860927152	20.0635761589404	13.9443708609272				1.02802649006623	0.179496688741722	0.165933774834437	-52.6882119205298	-0.788079470198675	-34.2174834437086				0.623788079470199	0.145165562913907	-0.916238410596027	-41.6996026490066	5.19761589403974	27.525298013245			
28	700	0.823841059602649	-0.221245033112583	0.200476821192053	-124.286622516556	-85.5446357615894	32.4150993377484				0.992953642384106	0.127788079470199	0.0611390728476822	-85.2460927152318	-11.1721854304636	-5.90596026490066				0.933827814569536	0.142728476821192	0.0240529801324504	-64.392582781457	-11.0535099337748	20.5197350993378				0.448529801324503	-0.400529801324503	-0.853721854304636	-51.5570860927152	22.5835761589404	21.7843708609272				1.01202649006623	0.227496688741722	0.181933774834437	-62.7682119205298	-4.98807947019868	-32.5374834437086				0.591788079470199	0.177165562913907	-0.916238410596027	-30.7796026490066	8.83761589403974	35.645298013245			
29	720	0.711841059602649	-0.269245033112583	0.248476821192053	-115.046622516556	-73.2246357615894	30.4550993377483				0.992953642384106	0.207788079470199	0.0291390728476822	-95.6060927152318	-20.1321854304636	-9.82596026490066				0.965827814569536	0.190728476821192	0.0400529801324504	-78.392582781457	-9.93350993377483	22.7597350993378				0.432529801324503	-0.384529801324503	-0.885721854304636	-60.5170860927152	23.9835761589404	35.2243708609272				1.09202649006623	0.211496688741722	0.197933774834437	-72.8482119205298	-15.3480794701987	-29.7374834437086				0.543788079470199	0.0971655629139073	-0.932238410596026	-34.6996026490066	11.0776158940397	47.685298013245			
30	740	0.727841059602649	-0.141245033112583	0.344476821192053	-130.726622516556	-10.7846357615894	34.3750993377484				1.00895364238411	0.207788079470199	0.0931390728476822	-99.8060927152318	-13.9721854304636	-8.98596026490066				0.997827814569536	0.206728476821192	0.0720529801324504	-88.752582781457	-10.7735099337748	26.1197350993378				0.352529801324503	-0.416529801324503	-0.853721854304636	-60.7970860927152	28.1835761589404	47.2643708609272				1.07602649006623	0.211496688741722	0.133933774834437	-91.0482119205298	-27.1080794701987	-26.9374834437086				0.479788079470199	0.0811655629139073	-0.996238410596026	-40.0196026490066	18.6376158940397	61.125298013245			
31	760	0.759841059602649	-0.0772450331125828	0.360476821192053	-175.246622516556	40.4553642384106	40.5350993377483				0.976953642384106	0.207788079470199	0.221139072847682	-98.6860927152318	-0.532185430463576	-14.0259602649007				0.965827814569536	0.222728476821192	-0.00794701986754963	-90.152582781457	-11.3335099337748	28.9197350993378				0.272529801324503	-0.448529801324503	-0.837721854304636	-63.3170860927152	39.3835761589404	52.8643708609272				0.964026490066225	0.211496688741722	0.0699337748344371	-105.88821192053	-20.3880794701987	-24.6974834437086				0.383788079470199	0.145165562913907	-0.964238410596026	-42.5396026490066	21.1576158940397	79.045298013245			
32	780	0.727841059602649	-0.189245033112583	0.344476821192053	-220.326622516556	77.4153642384106	48.9350993377484				0.944953642384106	0.207788079470199	0.285139072847682	-101.766092715232	0.867814569536424	-18.2259602649007				0.965827814569536	0.286728476821192	-0.13594701986755	-92.672582781457	-9.93350993377483	33.6797350993378				0.272529801324503	-0.432529801324503	-0.773721854304636	-72.2770860927152	46.3835761589404	55.1043708609272				0.836026490066225	0.195496688741722	0.0699337748344371	-106.72821192053	-5.54807947019868	-25.5374834437086				0.303788079470199	0.209165562913907	-0.852238410596026	-39.7396026490066	16.6776158940397	97.525298013245			
33	800	0.775841059602649	-0.0132450331125828	0.296476821192053	-226.206622516556	96.4553642384106	48.3750993377484				0.880953642384106	0.223788079470199	0.317139072847682	-113.246092715232	-7.53218543046358	-19.9059602649007				0.917827814569536	0.270728476821192	-0.13594701986755	-95.472582781457	-11.3335099337748	37.5997350993377				0.288529801324503	-0.432529801324503	-0.741721854304636	-80.6770860927152	49.4635761589404	62.3843708609272				0.788026490066225	0.211496688741722	0.0859337748344371	-117.92821192053	1.17192052980133	-29.7374834437086				0.319788079470199	0.193165562913907	-0.740238410596026	-39.4596026490066	10.7976158940397	106.485298013245			
34	820	0.887841059602649	0.434754966887417	0.248476821192053	-213.886622516556	100.935364238411	38.2950993377484				0.784953642384106	0.239788079470199	0.157139072847682	-127.526092715232	-28.2521854304636	-18.7859602649007				0.917827814569536	0.190728476821192	-0.16794701986755	-97.152582781457	-16.0935099337748	39.2797350993377				0.288529801324503	-0.448529801324503	-0.709721854304636	-88.7970860927152	47.2235761589404	71.0643708609272				0.772026490066225	0.195496688741722	0.0219337748344371	-129.96821192053	1.73192052980133	-31.9774834437086				0.335788079470199	0.193165562913907	-0.756238410596026	-46.1796026490066	3.79761589403974	107.605298013245			
35	840	0.791841059602649	1.07475496688742	-0.023523178807947	-214.446622516556	100.655364238411	19.5350993377483				0.688953642384106	0.255788079470199	0.0451390728476822	-140.686092715232	-21.8121854304636	-19.6259602649007				0.917827814569536	0.174728476821192	-0.18394701986755	-106.672582781457	-20.0135099337748	39.8397350993378				0.288529801324503	-0.448529801324503	-0.677721854304636	-94.6770860927152	44.4235761589404	81.4243708609272				0.772026490066225	0.211496688741722	0.00593377483443711	-134.44821192053	4.53192052980133	-34.7774834437086				0.335788079470199	0.209165562913907	-0.772238410596026	-48.4196026490066	-4.32238410596027	109.565298013245			
36	860	1.54384105960265	1.47475496688742	-0.583523178807947	-198.486622516556	49.9753642384106	-7.62490066225166				0.736953642384106	0.239788079470199	-0.0828609271523179	-144.886092715232	-4.17218543046358	-13.1859602649007				0.933827814569536	0.254728476821192	-0.15194701986755	-125.712582781457	-31.7735099337748	37.0397350993377				0.400529801324503	-0.416529801324503	-0.725721854304636	-95.7970860927152	44.7035761589404	91.2243708609272				0.916026490066225	0.211496688741722	0.149933774834437	-134.44821192053	5.93192052980133	-36.4574834437086				0.303788079470199	0.193165562913907	-0.804238410596027	-53.4596026490066	-11.8823841059603	109.565298013245			
37	880	1.92784105960265	1.02675496688742	-0.455523178807947	-87.0466225165563	-95.9046357615894	8.05509933774835				1.15295364238411	0.0797880794701987	-0.130860927152318	-164.206092715232	52.1078145695364	-9.54596026490066				1.02982781456954	0.414728476821192	-0.15194701986755	-144.752582781457	-47.1735099337748	33.6797350993378				0.576529801324503	-0.624529801324503	-0.869721854304636	-95.7970860927152	60.9435761589404	101.304370860927				1.23602649006623	0.0194966887417219	0.405933774834437	-113.72821192053	-2.18807947019868	-36.7374834437086				0.271788079470199	0.0811655629139073	-1.12423841059603	-77.2596026490066	-0.962384105960265	94.4452980132451			
38	900	0.775841059602649	-0.0292450331125828	-0.00752317880794696	123.233377483444	-27.3046357615894	52.2950993377484				1.37695364238411	0.0157880794701987	0.589139072847682	-197.526092715232	84.0278145695364	-30.8259602649007				1.12582781456954	0.142728476821192	-0.19994701986755	-153.712582781457	-66.7735099337748	24.7197350993378				0.768529801324503	-0.992529801324503	-0.597721854304636	-75.3570860927152	73.5435761589404	82.2643708609272				1.12402649006623	-0.0125033112582781	0.0219337748344371	-166.92821192053	-1.62807947019868	-41.2174834437086				0.383788079470199	0.193165562913907	-1.31623841059603	-68.0196026490066	19.4776158940397	90.245298013245			
39	920	0.599841059602649	-1.64524503311258	-0.263523178807947	53.2333774834437	13.0153642384106	71.0550993377483				1.23295364238411	0.287788079470199	0.381139072847682	-119.406092715232	-5.57218543046358	-36.1459602649007				1.25382781456954	-0.0812715231788079	-0.47194701986755	-121.232582781457	-72.0935099337748	21.9197350993378				0.784529801324503	-0.672529801324503	-0.517721854304636	-112.597086092715	50.3035761589404	71.9043708609272				1.04402649006623	0.131496688741722	-0.0420662251655629	-139.76821192053	20.7719205298013	-38.6974834437086				0.335788079470199	0.0651655629139073	-1.12423841059603	-33.0196026490066	10.5176158940397	114.045298013245			
40	940	0	0	0	0	0	0				0	0	0	0	0	0				0	0	0	0	0	0				0.752529801324503	-0.432529801324503	-0.645721854304636	-120.997086092715	39.9435761589404	81.7043708609272				0	0	0	0	0	0				0	0	0	0	0	0			
41	1100	1.17584105960265	-0.189245033112583	-0.823523178807947	-182.526622516556	-65.3846357615894	-35.3449006622517				0.912953642384106	0.159788079470199	0.205139072847682	-116.326092715232	3.94781456953642	-17.1059602649007				0.757827814569536	-0.00127152317880793	0.60005298013245	-194.032582781457	76.5864900662252	71.1997350993378				0	0	0	0	0	0				0.804026490066225	0.179496688741722	0.181933774834437	-122.40821192053	-10.3080794701987	-38.9774834437086				0.175788079470199	0.145165562913907	-0.788238410596027	-49.8196026490066	5.19761589403974	108.445298013245			
42	1120	1.23984105960265	-0.0132450331125828	-1.04752317880795	-180.566622516556	-114.384635761589	-59.7049006622517				0.816953642384106	0.159788079470199	0.221139072847682	-109.606092715232	-9.77218543046358	-14.3059602649007				1.01382781456954	0.430728476821192	0.55205298013245	-225.952582781457	85.8264900662252	62.2397350993378				0.736529801324503	-0.304529801324503	-0.485721854304636	-80.1170860927152	39.6635761589404	67.4243708609272				0.772026490066225	0.227496688741722	0.261933774834437	-110.64821192053	-6.66807947019868	-36.1774834437086				0.239788079470199	0.225165562913907	-0.820238410596026	-58.4996026490066	5.47761589403974	106.205298013245			
43	1140	1.22384105960265	0.306754966887417	-0.967523178807947	-168.246622516556	-165.344635761589	-88.2649006622517				0.640953642384106	0.143788079470199	0.0771390728476822	-92.5260927152318	1.70781456953642	-10.1059602649007				1.17382781456954	0.494728476821192	0.0880529801324504	-206.352582781457	104.866490066225	59.7197350993378				0.720529801324503	-0.256529801324503	-0.549721854304636	-80.3970860927152	27.6235761589404	66.5843708609272				0.676026490066225	0.275496688741722	0.165933774834437	-112.04821192053	-6.38807947019868	-35.8974834437086				0.335788079470199	0.385165562913907	-0.788238410596027	-39.7396026490066	-13.2823841059603	109.845298013245			
44	1160	0.951841059602649	0.434754966887417	-0.567523178807947	-98.8066225165563	-203.984635761589	-101.424900662252				0.592953642384106	0.207788079470199	0.301139072847682	-81.3260927152318	40.6278145695364	-5.34596026490066				1.50982781456954	0.766728476821192	-1.22394701986755	-106.672582781457	42.4264900662252	50.7597350993378				0.656529801324503	-0.160529801324503	-0.549721854304636	-99.7170860927152	17.8235761589404	64.3443708609272				0.724026490066225	0.371496688741722	0.245933774834437	-102.52821192053	-7.22807947019868	-33.3774834437086				0.415788079470199	0.369165562913907	-0.708238410596026	-13.4196026490066	-29.5223841059603	108.445298013245			
45	1180	0.919841059602649	0.290754966887417	-0.071523178807947	-75.5666225165563	-192.224635761589	-43.7449006622517				1.13695364238411	0.335788079470199	0.125139072847682	-106.526092715232	55.7478145695364	-7.86596026490066				2.02182781456954	1.61472847682119	-1.54394701986755	174.727417218543	-79.0935099337748	-27.9202649006623				0.576529801324503	-0.0645298013245033	-0.853721854304636	-84.0370860927152	17.8235761589404	69.6643708609272				1.04402649006623	0.291496688741722	0.597933774834437	-79.2882119205298	-9.74807947019868	-37.8574834437086				0.655788079470199	0.161165562913907	-0.740238410596026	-36.3796026490066	-33.7223841059603	87.445298013245			
46	1200	0.807841059602649	-0.381245033112583	0.168476821192053	-100.486622516556	-131.464635761589	44.1750993377484				1.18495364238411	0.143788079470199	0.605139072847682	-144.606092715232	80.6678145695364	-18.5059602649007				0.0698278145695364	-0.833271523178808	-0.48794701986755	43.4074172185431	-58.3735099337748	87.7197350993378				0.416529801324503	-0.256529801324503	-0.725721854304636	-89.3570860927152	32.6635761589404	59.3043708609272				0.900026490066225	0.147496688741722	0.357933774834437	-131.08821192053	-20.3880794701987	-46.8174834437086				0.911788079470199	0.353165562913907	-0.948238410596026	-52.3396026490066	-25.6023841059603	87.165298013245			
47	1220	0.663841059602649	-1.38924503311258	1.04847682119205	-23.4866225165563	-96.4646357615894	93.4550993377484				0.976953642384106	0.0797880794701987	0.413139072847682	-143.486092715232	-36.9321854304636	-21.3059602649007				-0.234172185430464	0.0947284768211921	-0.0719470198675496	-141.112582781457	-70.4135099337748	86.3197350993377				0.496529801324503	-0.176529801324503	-0.613721854304636	-92.1570860927152	11.6635761589404	69.1043708609272				0.868026490066225	0.291496688741722	0.341933774834437	-148.44821192053	-8.90807947019868	-40.9374834437086				0.751788079470199	0.385165562913907	-0.916238410596027	-39.7396026490066	-11.6023841059603	102.285298013245			
48	1240	0.343841059602649	-0.989245033112583	0.648476821192053	-51.2066225165563	-28.9846357615894	55.0950993377484				0.992953642384106	0.207788079470199	-0.370860927152318	-136.766092715232	-53.4521854304636	-25.5059602649007				0.757827814569536	0.382728476821192	-0.0239470198675496	-337.952582781457	0.986490066225167	46.2797350993377				0.560529801324503	-0.0485298013245033	-0.773721854304636	-97.1970860927152	18.1035761589404	84.7843708609272				0.980026490066225	0.531496688741722	0.533933774834437	-138.36821192053	-24.0280794701987	-31.9774834437086				0.575788079470199	0.385165562913907	-0.932238410596026	-31.8996026490066	-11.6023841059603	114.325298013245			
49	1260	0.263841059602649	-0.141245033112583	0.584476821192053	-212.486622516556	43.2553642384106	18.4150993377483				1.45695364238411	0.0957880794701987	0.381139072847682	-165.326092715232	-5.85218543046358	-26.3459602649007				1.41382781456954	1.27872847682119	-0.26394701986755	-142.512582781457	-5.45350993377483	21.0797350993378				0.688529801324503	-0.144529801324503	-0.789721854304636	-74.7970860927152	32.9435761589404	103.264370860927				1.18802649006623	0.419496688741722	0.501933774834437	-157.96821192053	-22.6280794701987	-31.4174834437086				0.399788079470199	0.305165562913907	-0.932238410596026	-20.6996026490066	-18.0423841059603	128.045298013245			
50	1280	0.407841059602649	-0.0932450331125828	0.424476821192053	-297.606622516556	102.895364238411	20.6550993377483				1.23295364238411	0.271788079470199	0.381139072847682	-173.446092715232	-73.3321854304636	-38.9459602649007				1.12582781456954	0.718728476821192	-0.0399470198675496	-145.312582781457	4.06649006622517	40.3997350993378				0.704529801324503	-0.384529801324503	-0.789721854304636	-57.4370860927152	42.4635761589404	115.304370860927				1.20402649006623	0.259496688741722	0.181933774834437	-174.20821192053	-28.2280794701987	-30.2974834437086				0.399788079470199	0.305165562913907	-1.06023841059603	-43.3796026490066	-7.96238410596027	140.925298013245			
51	1300	0.663841059602649	-0.237245033112583	0.696476821192053	-364.806622516556	149.095364238411	48.3750993377484				0.816953642384106	0.431788079470199	0.0131390728476822	-168.966092715232	-82.8521854304636	-43.1459602649007				0.773827814569536	0.126728476821192	-0.27994701986755	-43.672582781457	-16.6535099337748	57.1997350993378				0.544529801324503	-0.480529801324503	-0.773721854304636	-59.3970860927152	38.2635761589404	120.904370860927				0.948026490066225	0.211496688741722	0.117933774834437	-160.76821192053	-49.5080794701987	-23.2974834437086				0.399788079470199	0.369165562913907	-1.02823841059603	-47.2996026490066	-8.24238410596027	151.565298013245			
52	1320	1.09584105960265	0.354754966887417	0.632476821192053	-311.886622516556	188.295364238411	72.1750993377484				0.528953642384106	0.527788079470199	0.0451390728476822	-134.526092715232	-57.6521854304636	-43.1459602649007				0.661827814569536	-0.257271523178808	-0.18394701986755	-91.552582781457	-1.81350993377483	56.6397350993378				0.352529801324503	-0.400529801324503	-0.757721854304636	-73.3970860927152	27.0635761589404	116.144370860927				0.724026490066225	0.355496688741722	0.149933774834437	-171.12821192053	-45.5880794701987	-23.8574834437086				0.207788079470199	0.465165562913907	-0.820238410596026	-38.8996026490066	-21.1223841059603	150.165298013245			
53	1340	1.51184105960265	1.04275496688742	0.424476821192053	-241.886622516556	213.495364238411	104.095099337748				0.720953642384106	0.431788079470199	0.253139072847682	-106.806092715232	3.66781456953642	-38.9459602649007				0.901827814569536	0.110728476821192	-0.10394701986755	-113.672582781457	0.146490066225167	59.4397350993378				0.416529801324503	-0.304529801324503	-0.709721854304636	-85.7170860927152	23.1435761589404	114.464370860927				0.692026490066225	0.435496688741722	0.101933774834437	-187.08821192053	-35.7880794701987	-30.2974834437086				-0.0162119205298013	0.497165562913907	-0.708238410596026	-29.9396026490066	-44.0823841059603	138.965298013245			
54	1360	1.94384105960265	1.12275496688742	0.216476821192053	-291.166622516556	126.415364238411	90.0950993377484				0.928953642384106	0.303788079470199	0.285139072847682	-130.046092715232	-20.6921854304636	-39.2259602649007				1.01382781456954	0.478728476821192	0.00805298013245037	-119.272582781457	6.86649006622517	76.7997350993378				0.592529801324503	-0.288529801324503	-0.789721854304636	-73.6770860927152	29.5835761589404	120.344370860927				0.916026490066225	0.387496688741722	0.213933774834437	-166.64821192053	-28.2280794701987	-40.6574834437086				-0.208211920529801	0.385165562913907	-0.756238410596026	-36.3796026490066	-44.3623841059603	124.125298013245			
55	1380	1.75184105960265	1.29875496688742	-0.263523178807947	-243.286622516556	21.9753642384106	38.5750993377483				1.07295364238411	-0.0802119205298013	0.269139072847682	-161.406092715232	-27.6921854304636	-34.1859602649007				0.981827814569536	0.0307284768211921	-0.0879470198675496	-102.472582781457	6.58649006622517	91.3597350993378				0.704529801324503	-0.496529801324503	-0.741721854304636	-66.1170860927152	44.1435761589404	112.224370860927				1.02802649006623	0.211496688741722	0.0379337748344371	-140.60821192053	-22.3480794701987	-38.6974834437086				-0.272211920529801	0.337165562913907	-0.980238410596026	-52.3396026490066	-14.9623841059603	99.205298013245			
56	1400	1.39984105960265	1.65075496688742	-0.535523178807947	-88.1666225165563	-8.54463576158941	-16.0249006622517				1.08895364238411	-0.0642119205298013	0.285139072847682	-146.846092715232	-3.61218543046358	-28.5859602649007				0.901827814569536	-0.369271523178808	-0.37594701986755	-133.552582781457	0.706490066225167	83.5197350993378				0.720529801324503	-0.608529801324503	-0.581721854304636	-69.4770860927152	40.2235761589404	98.5043708609272				1.01202649006623	0.131496688741722	-0.186066225165563	-132.20821192053	-4.14807947019868	-31.6974834437086				-0.192211920529801	0.241165562913907	-1.07623841059603	-54.2996026490066	10.7976158940397	92.765298013245			
57	1420	0.919841059602649	0.530754966887417	-0.407523178807947	130.513377483444	-71.5446357615894	35.2150993377483				0.992953642384106	0.175788079470199	-0.0988609271523179	-102.046092715232	-8.65218543046358	-19.0659602649007				1.26982781456954	-0.513271523178808	-0.66394701986755	-215.592582781457	0.426490066225167	61.9597350993378				0.672529801324503	-0.448529801324503	-0.629721854304636	-81.5170860927152	22.8635761589404	96.2643708609272				1.04402649006623	0.0194966887417219	0.165933774834437	-89.6482119205298	9.57192052980133	-21.8974834437086				-0.128211920529801	-0.0148344370860927	-1.10823841059603	-52.3396026490066	12.7576158940397	86.605298013245			
58	1440	1.14384105960265	-1.94924503311258	-1.06352317880795	215.353377483444	-61.4646357615894	112.495099337748				1.16895364238411	-0.0162119205298013	-0.114860927152318	-108.486092715232	31.6678145695364	-2.54596026490066				1.60582781456954	0.366728476821192	-0.71194701986755	-203.272582781457	-37.3735099337748	27.2397350993378				0.720529801324503	-0.416529801324503	-0.677721854304636	-67.5170860927152	30.9835761589404	93.4643708609272				1.20402649006623	-0.0765033112582781	0.373933774834437	-78.1682119205298	-0.228079470198675	-22.4574834437086				0.0317880794701987	-0.222834437086093	-1.26823841059603	-50.0996026490066	2.11761589403974	69.245298013245			
59	1460	1.04784105960265	-1.19724503311258	-0.727523178807947	-153.686622516556	-65.9446357615894	19.2550993377483				1.52095364238411	-0.176211920529801	0.317139072847682	-111.566092715232	41.1878145695364	4.45403973509934				1.47782781456954	0.126728476821192	-0.72794701986755	-72.512582781457	-100.933509933775	13.5197350993378				0.784529801324503	-0.688529801324503	-0.725721854304636	-41.1970860927152	48.9035761589404	76.6643708609272				1.22002649006623	-0.140503311258278	0.0859337748344371	-87.6882119205298	-1.06807947019868	-22.4574834437086				0.255788079470199	-0.126834437086093	-1.38023841059603	-30.7796026490066	-7.68238410596027	74.565298013245			
60	1480	0.807841059602649	-0.381245033112583	0.136476821192053	-205.206622516556	-18.0646357615894	-37.8649006622517				1.32895364238411	-0.160211920529801	0.125139072847682	-97.0060927152318	-9.49218543046358	1.37403973509934				0.773827814569536	-0.273271523178808	-0.79194701986755	-13.432582781457	-102.893509933775	14.6397350993378				0.768529801324503	-0.736529801324503	-0.597721854304636	-52.6770860927152	39.3835761589404	52.0243708609272				1.18802649006623	-0.172503311258278	0.213933774834437	-70.0482119205298	12.9319205298013	-17.1374834437086				0.287788079470199	-0.174834437086093	-1.15623841059603	-21.5396026490066	-14.6823841059603	95.565298013245			
61	1500	0.759841059602649	0.258754966887417	0.520476821192053	-67.1666225165563	-49.4246357615894	-11.8249006622517				1.05695364238411	0.0957880794701987	-0.306860927152318	-110.726092715232	-52.3321854304636	-8.14596026490066				0.389827814569536	-0.241271523178808	-0.56794701986755	-112.272582781457	-92.5335099337748	4.55973509933775				0.672529801324503	-0.448529801324503	-0.565721854304636	-71.4370860927152	17.8235761589404	44.1843708609272				1.06002649006623	-0.156503311258278	0.389933774834437	-57.7282119205298	-0.788079470198675	-12.3774834437086				0.303788079470199	-0.126834437086093	-1.02823841059603	-26.5796026490066	-13.5623841059603	99.765298013245			
62	1520	0.759841059602649	0.0667549668874172	-0.295523178807947	-64.0866225165563	-11.0646357615894	45.5750993377484				0.848953642384106	0.191788079470199	-0.514860927152318	-92.2460927152318	-27.6921854304636	-10.6659602649007				0.277827814569536	-0.0332715231788079	-0.56794701986755	-193.472582781457	-61.4535099337748	-3.56026490066225				0.560529801324503	-0.288529801324503	-0.549721854304636	-68.6370860927152	15.0235761589404	45.5843708609272				1.04402649006623	-0.0125033112582781	0.293933774834437	-93.5682119205298	-5.26807947019868	-13.7774834437086				0.239788079470199	0.0491655629139073	-0.948238410596026	-20.1396026490066	-7.40238410596027	91.085298013245			
63	1540	1.04784105960265	-0.109245033112583	0.040476821192053	-86.2066225165563	60.6153642384106	41.3750993377484				0.992953642384106	-0.0642119205298013	-0.0828609271523179	-79.9260927152318	-15.0921854304636	-14.3059602649007				0.325827814569536	0.0787284768211921	-0.39194701986755	-150.072582781457	-12.1735099337748	0.0797350993377501				0.496529801324503	-0.320529801324503	-0.517721854304636	-35.8770860927152	27.3435761589404	48.6643708609272				1.01202649006623	0.00349668874172187	0.0859337748344371	-83.2082119205298	-25.9880794701987	-5.37748344370861				0.0637880794701987	0.129165562913907	-0.916238410596027	-17.6196026490066	8.27761589403974	79.885298013245			
64	1560	1.11184105960265	0.0827549668874172	0.088476821192053	-39.7266225165563	42.9753642384106	7.21509933774835				0.976953642384106	0.0157880794701987	-0.0188609271523178	-87.4860927152318	2.82781456953642	-16.2659602649007				0.485827814569536	-0.0492715231788079	-0.27994701986755	-85.952582781457	28.9864900662252	9.03973509933775				0.480529801324503	-0.400529801324503	-0.533721854304636	-10.6770860927152	35.7435761589404	51.4643708609272				0.868026490066225	0.00349668874172187	0.149933774834437	-54.0882119205298	-29.0680794701987	2.18251655629139				-0.0642119205298013	0.0651655629139073	-0.916238410596027	-14.8196026490066	18.9176158940397	67.005298013245			
65	1580	1.03184105960265	0.114754966887417	-0.199523178807947	-23.7666225165563	8.8153642384106	-7.06490066225166				0.896953642384106	0.111788079470199	0.0931390728476822	-65.0860927152318	-17.8921854304636	-15.1459602649007				0.517827814569536	-0.241271523178808	-0.24794701986755	-92.672582781457	58.1064900662252	0.91973509933775				0.528529801324503	-0.400529801324503	-0.517721854304636	-10.9570860927152	34.9035761589404	49.7843708609272				0.788026490066225	0.00349668874172187	0.149933774834437	-61.6482119205298	-19.5480794701987	3.58251655629139				-0.128211920529801	0.00116556291390731	-0.916238410596027	-4.17960264900662	13.8776158940397	56.085298013245			
66	1600	0.871841059602649	0.0667549668874172	-0.423523178807947	-29.3666225165563	-5.4646357615894	-8.18490066225166				0.784953642384106	0.0797880794701987	-0.0668609271523178	-31.2060927152318	-25.7321854304636	-10.6659602649007				0.613827814569536	-0.353271523178808	0.16805298013245	-35.272582781457	53.6264900662252	-27.0802649006623				0.592529801324503	-0.368529801324503	-0.501721854304636	-8.15708609271523	27.6235761589404	47.5443708609272				0.836026490066225	0.0354966887417219	0.0539337748344371	-64.1682119205298	-7.22807947019868	3.58251655629139				-0.144211920529801	-0.0468344370860927	-0.884238410596026	2.54039735099338	6.31761589403974	49.365298013245			
67	1620	0.967841059602649	-0.109245033112583	-0.279523178807947	-41.4066225165563	-0.984635761589404	-3.70490066225166				0.848953642384106	-0.0162119205298013	-0.0668609271523178	-21.1260927152318	-9.49218543046358	-1.98596026490066				0.597827814569536	0.0627284768211921	0.55205298013245	-99.952582781457	74.3464900662252	-20.3602649006623				0.640529801324503	-0.384529801324503	-0.645721854304636	2.76291390728477	23.9835761589404	44.7443708609272				0.932026490066225	0.0354966887417219	0.0379337748344371	-38.1282119205298	-8.34807947019868	3.02251655629139				-0.112211920529801	-0.0628344370860927	-0.852238410596026	0.860397350993377	-0.402384105960265	39.565298013245			
68	1640	1.07984105960265	-0.269245033112583	-0.279523178807947	-34.1266225165563	-11.9046357615894	3.85509933774834				1.04095364238411	0.0317880794701987	0.0451390728476822	-30.9260927152318	-0.532185430463576	0.81403973509934				0.741827814569536	0.526728476821192	0.45605298013245	-93.512582781457	133.426490066225	-17.2802649006623				0.624529801324503	-0.528529801324503	-0.709721854304636	-0.0370860927152318	23.1435761589404	35.5043708609272				0.964026490066225	-0.0285033112582781	0.149933774834437	-16.8482119205298	-11.1480794701987	4.14251655629139				-0.0482119205298013	-0.0788344370860927	-0.884238410596026	-8.93960264900662	-1.80238410596026	29.765298013245			
69	1660	0.951841059602649	-0.205245033112583	-0.231523178807947	-6.40662251655629	-23.1046357615894	7.77509933774834				1.04095364238411	0.111788079470199	0.221139072847682	-20.5660927152318	-1.09218543046358	-0.585960264900661				1.20582781456954	0.894728476821192	0.12005298013245	-81.192582781457	178.506490066225	-14.2002649006623				0.560529801324503	-0.576529801324503	-0.629721854304636	-6.47708609271523	16.4235761589404	22.6243708609272				0.964026490066225	-0.0285033112582781	0.149933774834437	-16.8482119205298	-4.14807947019868	1.34251655629139				0.0797880794701987	-0.0628344370860927	-0.980238410596026	-22.0996026490066	5.47761589403974	24.165298013245			
70	1680	0.935841059602649	-0.189245033112583	-0.039523178807947	1.15337748344371	-18.3446357615894	7.21509933774835				1.15295364238411	0.239788079470199	0.157139072847682	13.3139072847682	10.1078145695364	7.81403973509934				2.02182781456954	1.05472847682119	-1.99194701986755	55.7274172185431	8.26649006622517	-20.0802649006623				0.544529801324503	-0.432529801324503	-0.853721854304636	-0.0370860927152318	24.2635761589404	25.7043708609272				1.26802649006623	0.0674966887417219	0.469933774834437	-29.7282119205298	12.6519205298013	-7.61748344370861				0.191788079470199	-0.110834437086093	-1.09223841059603	-23.4996026490066	13.0376158940397	21.645298013245			
71	1700	1.33584105960265	-0.221245033112583	0.328476821192053	-12.0066225165563	-7.4246357615894	20.0950993377483				1.37695364238411	0.111788079470199	0.477139072847682	-22.2460927152318	38.3878145695364	3.89403973509934				1.06182781456954	-0.753271523178808	-1.73594701986755	572.887417218543	-69.2935099337748	-52.0002649006623				0.576529801324503	-0.832529801324503	-0.981721854304636	-0.0370860927152318	50.5835761589404	9.74437086092715				1.02802649006623	-0.0445033112582781	-0.122066225165563	-32.5282119205298	-4.98807947019868	-12.0974834437086				0.479788079470199	0.193165562913907	-1.10823841059603	-12.5796026490066	16.1176158940397	35.085298013245			
72	1720	0.919841059602649	0.114754966887417	0.328476821192053	-54.5666225165563	-2.1046357615894	11.1350993377483				1.13695364238411	0.159788079470199	0.445139072847682	-6.00609271523179	10.9478145695364	2.49403973509934				-0.826172185430464	-1.92127152317881	0.39205298013245	17.927417218543	31.7864900662252	65.5997350993378				0.576529801324503	-0.576529801324503	-0.757721854304636	-40.0770860927152	20.3435761589404	1.34437086092715				0.820026490066225	0.179496688741722	0.133933774834437	-21.3282119205298	31.6919205298013	-14.8974834437086				0.447788079470199	0.145165562913907	-0.820238410596026	9.54039735099338	-5.44238410596027	51.605298013245			
73	1740	0.631841059602649	0.338754966887417	0.216476821192053	-89.0066225165563	13.5753642384106	5.25509933774834				0.512953642384106	0.0317880794701987	-0.450860927152318	-26.7260927152318	-72.2121854304636	6.97403973509934				0.0698278145695364	-0.433271523178808	0.32805298013245	-426.152582781457	10.5064900662252	37.0397350993377				0.528529801324503	-0.112529801324503	-0.709721854304636	-53.7970860927152	-6.2564238410596	13.9443708609272				0.932026490066225	0.179496688741722	0.469933774834437	-16.8482119205298	2.57192052980133	-14.0574834437086				0.447788079470199	0.0971655629139073	-0.868238410596026	2.26039735099338	-15.8023841059603	46.005298013245			
74	1760	0.519841059602649	0.434754966887417	0.168476821192053	-39.7266225165563	31.4953642384106	0.215099337748344				0.832953642384106	-0.176211920529801	-0.0348609271523178	-55.2860927152318	54.9078145695364	5.01403973509934				1.34982781456954	0.750728476821192	-0.64794701986755	-223.712582781457	98.7064900662252	17.4397350993378				0.512529801324503	-0.0805298013245033	-0.645721854304636	-41.4770860927152	4.1035761589404	29.0643708609272				0.948026490066225	0.163496688741722	0.293933774834437	-44.8482119205298	-6.10807947019868	-13.7774834437086				0.255788079470199	0.113165562913907	-0.868238410596026	10.3803973509934	-11.8823841059603	37.325298013245			
75	1780	0.807841059602649	0.290754966887417	0.00847682119205304	1.99337748344371	47.7353642384106	-5.94490066225166				1.23295364238411	-0.000211920529801304	0.445139072847682	-51.3660927152318	2.26781456953642	5.01403973509934				1.33382781456954	1.67872847682119	0.0560529801324504	-12.592582781457	36.8264900662252	3.15973509933775				0.512529801324503	-0.336529801324503	-0.565721854304636	-20.4770860927152	11.9435761589404	31.0243708609272				1.01202649006623	0.0834966887417219	0.0859337748344371	-23.5682119205298	-13.9480794701987	-4.25748344370861				0.175788079470199	0.193165562913907	-0.852238410596026	-12.2996026490066	16.9576158940397	39.285298013245			
76	1800	1.12784105960265	0.146754966887417	-0.039523178807947	40.0733774834437	53.8953642384106	-4.82490066225166				1.02495364238411	0.159788079470199	0.0931390728476822	-30.3660927152318	-17.0521854304636	7.81403973509934				0.901827814569536	0.862728476821192	-0.0239470198675496	10.367417218543	18.6264900662252	-6.08026490066225				0.560529801324503	-0.320529801324503	-0.581721854304636	-8.43708609271523	20.9035761589404	34.3843708609272				0.916026490066225	0.0994966887417219	0.245933774834437	-10.1282119205298	-14.5080794701987	1.34251655629139				0.175788079470199	0.113165562913907	-0.868238410596026	-15.6596026490066	26.4776158940397	35.645298013245			
77	1820	1.17584105960265	0.0507549668874172	-0.119523178807947	49.5933774834437	54.1753642384106	3.57509933774835				0.848953642384106	0.271788079470199	0.109139072847682	-21.9660927152318	-10.3321854304636	-0.30596026490066				0.741827814569536	0.0787284768211921	-0.58394701986755	57.1274172185431	6.30649006622517	1.19973509933775				0.576529801324503	-0.240529801324503	-0.581721854304636	-10.6770860927152	18.1035761589404	32.4243708609272				0.852026490066225	0.115496688741722	0.261933774834437	-24.1282119205298	-9.18807947019868	1.90251655629139				0.239788079470199	0.0331655629139073	-0.900238410596026	-8.93960264900662	26.4776158940397	25.845298013245			
78	1840	1.03184105960265	-0.0612450331125828	-0.151523178807947	25.7933774834437	49.1353642384106	15.8950993377483				0.784953642384106	0.255788079470199	0.141139072847682	-28.6860927152318	14.5878145695364	-6.18596026490066				0.805827814569536	0.0467284768211921	-0.50394701986755	-10.072582781457	21.7064900662252	2.59973509933775				0.608529801324503	-0.288529801324503	-0.613721854304636	-10.3970860927152	15.8635761589404	27.9443708609272				0.868026490066225	0.131496688741722	0.181933774834437	-31.9682119205298	-3.86807947019868	-0.897483443708608				0.239788079470199	0.0491655629139073	-0.916238410596027	-5.57960264900662	18.0776158940397	23.885298013245			
79	1860	0.919841059602649	-0.125245033112583	-0.119523178807947	-12.8466225165563	39.8953642384106	17.8550993377483				0.928953642384106	0.223788079470199	0.269139072847682	-13.0060927152318	9.54781456953642	-8.70596026490066				1.06182781456954	-0.209271523178808	0.0880529801324504	-36.952582781457	29.8264900662252	3.15973509933775				0.656529801324503	-0.320529801324503	-0.661721854304636	-8.15708609271523	10.8235761589404	23.7443708609272				0.900026490066225	0.195496688741722	0.165933774834437	-25.2482119205298	-6.10807947019868	-2.01748344370861				0.239788079470199	0.0651655629139073	-0.900238410596026	0.580397350993377	2.95761589403974	26.965298013245			
80	1880	0.967841059602649	0.00275496688741723	0.024476821192053	-33.8466225165563	28.4153642384106	6.09509933774834				1.07295364238411	0.191788079470199	0.125139072847682	2.95390728476821	9.26781456953642	-3.38596026490066				0.997827814569536	0.0307284768211921	0.10405298013245	31.087417218543	30.6664900662252	-4.68026490066225				0.656529801324503	-0.304529801324503	-0.709721854304636	-6.47708609271523	9.4235761589404	23.1843708609272				0.900026490066225	0.243496688741722	0.229933774834437	-18.2482119205298	-5.26807947019868	-2.85748344370861				0.207788079470199	0.0811655629139073	-0.836238410596026	-1.93960264900662	-7.40238410596027	29.765298013245			
81	1900	0.967841059602649	0.226754966887417	0.00847682119205304	-34.1266225165563	20.0153642384106	-4.54490066225166				1.00895364238411	0.223788079470199	0.189139072847682	5.47390728476821	14.5878145695364	-0.86596026490066				0.965827814569536	-0.0172715231788079	-0.11994701986755	-1.11258278145695	31.5064900662252	5.67973509933775				0.672529801324503	-0.336529801324503	-0.725721854304636	-5.63708609271523	10.8235761589404	22.0643708609272				0.916026490066225	0.211496688741722	0.261933774834437	-11.2482119205298	-2.18807947019868	-5.37748344370861				0.175788079470199	0.113165562913907	-0.820238410596026	-12.8596026490066	-6.00238410596027	26.125298013245			
82	1920	0.983841059602649	0.306754966887417	-0.055523178807947	-9.76662251655629	21.6953642384106	-3.42490066225166				0.928953642384106	0.143788079470199	0.125139072847682	8.83390728476821	1.70781456953642	6.69403973509934				0.981827814569536	0.0787284768211921	-0.16794701986755	-13.712582781457	26.1864900662252	19.6797350993378				0.656529801324503	-0.368529801324503	-0.757721854304636	-9.83708609271523	11.6635761589404	19.8243708609272				0.964026490066225	0.179496688741722	0.245933774834437	-6.7682119205298	-0.228079470198675	-7.61748344370861				0.239788079470199	0.145165562913907	-0.868238410596026	-22.0996026490066	4.35761589403974	21.645298013245			
83	1940	1.01584105960265	0.226754966887417	-0.023523178807947	15.7133774834437	18.8953642384106	3.01509933774834				0.976953642384106	0.0957880794701987	0.253139072847682	3.51390728476821	14.3078145695364	6.13403973509934				0.933827814569536	0.222728476821192	-0.00794701986754963	-38.912582781457	32.9064900662252	21.0797350993378				0.624529801324503	-0.368529801324503	-0.757721854304636	-12.9170860927152	10.2635761589404	18.7043708609272				0.964026490066225	0.163496688741722	0.213933774834437	-2.2882119205298	0.611920529801325	-7.61748344370861				0.303788079470199	0.161165562913907	-0.916238410596027	-22.0996026490066	10.2376158940397	18.005298013245			
84	1960	0.983841059602649	0.0987549668874172	0.088476821192053	31.9533774834437	21.1353642384106	6.65509933774834				1.02495364238411	0.0317880794701987	0.189139072847682	-2.36609271523179	1.70781456953642	6.41403973509934				0	0	0	0	0	0				0.576529801324503	-0.352529801324503	-0.757721854304636	-22.4370860927152	7.1835761589404	15.3443708609272				0.948026490066225	0.147496688741722	0.181933774834437	-0.0482119205298018	-1.90807947019868	-6.49748344370861				0.367788079470199	0.161165562913907	-0.932238410596026	-20.1396026490066	15.5576158940397	16.045298013245			
85	2120	1.03184105960265	0.0347549668874172	-0.023523178807947	-16.2066225165563	17.4953642384106	1.33509933774834				0.992953642384106	0.127788079470199	0.237139072847682	-16.6460927152318	7.02781456953642	-0.0259602649006601				1.10982781456954	0.110728476821192	-0.00794701986754963	-13.152582781457	9.38649006622517	2.03973509933775				0	0	0	0	0	0				0	0	0	0	0	0				0	0	0	0	0	0			
86	2140	1.04784105960265	0.0347549668874172	-0.023523178807947	-13.9666225165563	6.5753642384106	3.57509933774835				0.944953642384106	0.111788079470199	0.237139072847682	-12.7260927152318	11.2278145695364	1.37403973509934				0.917827814569536	0.142728476821192	-0.24794701986755	-1.39258278145695	-7.13350993377484	5.39973509933775				0	0	0	0	0	0				0	0	0	0	0	0				0.239788079470199	0.0491655629139073	-0.868238410596026	10.6603973509934	-3.20238410596026	6.80529801324503			
87	2160	1.03184105960265	0.0827549668874172	-0.00752317880794696	-12.2866225165563	-4.0646357615894	3.29509933774834				0.944953642384106	0.127788079470199	0.237139072847682	-9.92609271523179	16.2678145695364	0.81403973509934				0.949827814569536	0.206728476821192	-0.10394701986755	-15.112582781457	-4.33350993377483	6.23973509933775				0.640529801324503	-0.368529801324503	-0.661721854304636	-1.71708609271523	5.7835761589404	-1.17562913907285				0.884026490066225	0.131496688741722	0.245933774834437	-6.7682119205298	9.01192052980133	-1.73748344370861				0.271788079470199	0.0491655629139073	-0.852238410596026	8.42039735099338	-5.44238410596027	4.56529801324503			
88	2180	0.983841059602649	0.0827549668874172	0.024476821192053	-15.0866225165563	-9.38463576158941	1.89509933774834				0.976953642384106	0.127788079470199	0.221139072847682	-8.80609271523179	14.3078145695364	1.09403973509934				0.981827814569536	0.158728476821192	-0.0399470198675496	-14.552582781457	-5.73350993377484	6.23973509933775				0.672529801324503	-0.368529801324503	-0.677721854304636	-5.63708609271523	2.7035761589404	2.74437086092715				0.916026490066225	0.163496688741722	0.277933774834437	-6.2082119205298	7.89192052980133	-2.57748344370861				0.303788079470199	0.0331655629139073	-0.868238410596026	3.38039735099338	-8.80238410596027	4.00529801324503			
89	2200	0.967841059602649	0.0187549668874172	0.088476821192053	-13.6866225165563	-7.7046357615894	2.45509933774835				0.992953642384106	0.127788079470199	0.237139072847682	-5.72609271523179	14.3078145695364	1.09403973509934				0.949827814569536	0.142728476821192	-0.0879470198675496	-5.31258278145695	-3.49350993377483	7.35973509933775				0.672529801324503	-0.336529801324503	-0.661721854304636	-5.07708609271523	1.8635761589404	1.90437086092715				0.964026490066225	0.131496688741722	0.277933774834437	-1.7282119205298	7.89192052980133	-3.97748344370861				0.335788079470199	0.0651655629139073	-0.900238410596026	-0.259602649006623	-10.7623841059603	1.76529801324503			
90	2220	0.951841059602649	0.00275496688741723	0.184476821192053	-11.1666225165563	-4.0646357615894	3.57509933774835				1.00895364238411	0.111788079470199	0.205139072847682	0.433907284768212	8.70781456953642	0.81403973509934				0.949827814569536	0.110728476821192	-0.0879470198675496	-3.91258278145695	-2.37350993377483	10.7197350993378				0.656529801324503	-0.304529801324503	-0.677721854304636	-2.55708609271523	1.8635761589404	3.02437086092715				0.980026490066225	0.131496688741722	0.293933774834437	2.1917880794702	5.93192052980133	-3.97748344370861				0.367788079470199	0.0651655629139073	-0.932238410596026	-1.65960264900662	-8.52238410596027	0.645298013245032			
91	2240	0.951841059602649	0.0187549668874172	0.232476821192053	-5.00662251655629	0.415364238410596	5.81509933774834				0.992953642384106	0.0797880794701987	0.221139072847682	2.39390728476821	6.18781456953642	0.25403973509934				0.981827814569536	0.0947284768211921	-0.0559470198675496	-1.95258278145695	0.706490066225167	10.9997350993378				0.672529801324503	-0.304529801324503	-0.709721854304636	0.802913907284768	2.9835761589404	1.90437086092715				0.964026490066225	0.147496688741722	0.309933774834437	4.4317880794702	3.97192052980133	-2.57748344370861				0.399788079470199	0.0651655629139073	-0.932238410596026	1.70039735099338	-7.96238410596027	0.925298013245032			
92	2260	0.967841059602649	0.00275496688741723	0.216476821192053	-2.48662251655629	3.2153642384106	6.37509933774834				0.992953642384106	0.0797880794701987	0.237139072847682	1.83390728476821	5.62781456953642	-1.14596026490066				0.997827814569536	0.0627284768211921	-0.0559470198675496	-3.63258278145695	0.986490066225167	8.19973509933775				0.672529801324503	-0.320529801324503	-0.661721854304636	0.522913907284768	2.1435761589404	-0.895629139072848				0.964026490066225	0.115496688741722	0.293933774834437	3.8717880794702	-1.34807947019868	-1.17748344370861				0.415788079470199	0.0491655629139073	-0.916238410596027	4.78039735099338	-9.92238410596027	-0.194701986754968			
93	2280	0.967841059602649	0.0187549668874172	0.200476821192053	-1.08662251655629	4.3353642384106	6.09509933774834				0.960953642384106	0.0797880794701987	0.253139072847682	1.83390728476821	3.94781456953642	0.25403973509934				1.01382781456954	0.0467284768211921	-0.10394701986755	-5.03258278145695	0.426490066225167	6.79973509933775				0.640529801324503	-0.352529801324503	-0.677721854304636	-7.59708609271523	-2.3364238410596	-3.13562913907285				0.948026490066225	0.115496688741722	0.277933774834437	-0.0482119205298018	-2.74807947019868	-1.17748344370861				0.399788079470199	0.0491655629139073	-0.916238410596027	6.46039735099338	-11.6023841059603	-0.754701986754968			
94	2300	0.951841059602649	0.0187549668874172	0.152476821192053	0.593377483443709	3.7753642384106	5.81509933774834				0.960953642384106	0.0637880794701987	0.253139072847682	2.67390728476821	3.66781456953642	-0.30596026490066				0.981827814569536	0.0467284768211921	-0.11994701986755	-2.23258278145695	1.54649006622517	6.79973509933775				0.576529801324503	-0.304529801324503	-0.677721854304636	-7.87708609271523	-3.4564238410596	-4.25562913907285				0.916026490066225	0.131496688741722	0.325933774834437	-0.328211920529802	-2.46807947019868	-0.617483443708608				0.367788079470199	0.0331655629139073	-0.916238410596027	9.54039735099338	-11.0423841059603	1.20529801324503			
95	2320	0.967841059602649	-0.0132450331125828	0.152476821192053	-2.20662251655629	3.7753642384106	4.97509933774835				0.960953642384106	0.0637880794701987	0.285139072847682	2.95390728476821	4.50781456953642	-0.30596026490066				0.981827814569536	0.0627284768211921	-0.0559470198675496	-1.67258278145695	-0.133509933774833	6.51973509933775				0.560529801324503	-0.288529801324503	-0.629721854304636	-6.47708609271523	-1.2164238410596	-2.57562913907285				0.916026490066225	0.115496688741722	0.277933774834437	-3.6882119205298	0.891920529801325	-1.45748344370861				0.319788079470199	0.0331655629139073	-0.916238410596027	18.5003973509934	-6.84238410596027	3.72529801324503			
96	2340	0.999841059602649	-0.0292450331125828	0.152476821192053	-2.76662251655629	6.0153642384106	4.69509933774834				0.992953642384106	0.0477880794701987	0.269139072847682	1.27390728476821	0.0278145695364242	-0.585960264900661				0.997827814569536	0.0627284768211921	-0.00794701986754963	-3.35258278145695	-1.25350993377483	6.79973509933775				0.592529801324503	-0.304529801324503	-0.629721854304636	-5.07708609271523	1.0235761589404	0.224370860927152				0.916026490066225	0.115496688741722	0.293933774834437	-5.6482119205298	2.85192052980133	-0.897483443708608				0.319788079470199	0.0331655629139073	-0.836238410596026	24.1003973509934	-4.60238410596027	8.20529801324503			
97	2360	0.983841059602649	-0.0292450331125828	0.152476821192053	-2.76662251655629	6.0153642384106	5.25509933774834				0.976953642384106	0.0637880794701987	0.237139072847682	0.433907284768212	1.14781456953642	-0.86596026490066				0.981827814569536	0.0467284768211921	0.00805298013245037	-4.19258278145695	-2.09350993377483	7.35973509933775				0.624529801324503	-0.288529801324503	-0.645721854304636	-3.39708609271523	1.3035761589404	2.74437086092715				0.916026490066225	0.0994966887417219	0.293933774834437	-4.5282119205298	3.97192052980133	0.502516556291392				0.303788079470199	-0.0148344370860927	-0.820238410596026	13.1803973509934	-4.04238410596027	7.92529801324503			
98	2380	0.967841059602649	-0.0132450331125828	0.120476821192053	-0.246622516556291	2.6553642384106	5.25509933774834				0.944953642384106	0.0477880794701987	0.285139072847682	1.55390728476821	1.70781456953642	-0.30596026490066				0.997827814569536	0.0467284768211921	0.0240529801324504	-1.39258278145695	-0.693509933774834	5.95973509933775				0.624529801324503	-0.304529801324503	-0.645721854304636	-1.71708609271523	2.4235761589404	2.74437086092715				0.932026490066225	0.115496688741722	0.293933774834437	-4.2482119205298	0.891920529801325	-0.0574834437086077				0.303788079470199	-0.0148344370860927	-0.868238410596026	8.14039735099338	-1.24238410596026	5.68529801324503			
99	2400	0	0	0	0	0	0				0.960953642384106	0.0637880794701987	0.269139072847682	4.07390728476821	1.42781456953642	1.09403973509934				0.997827814569536	0.0307284768211921	-0.00794701986754963	3.08741721854305	-2.65350993377483	4.83973509933775				0.624529801324503	-0.336529801324503	-0.645721854304636	-1.43708609271523	0.7435761589404	1.90437086092715				0.932026490066225	0.115496688741722	0.277933774834437	-6.2082119205298	0.611920529801325	-0.337483443708608				0.303788079470199	-0.0148344370860927	-0.884238410596026	1.42039735099338	-0.682384105960265	5.40529801324503			
100	2420	0.983841059602649	-0.0452450331125828	0.120476821192053	-5.00662251655629	-2.9446357615894	3.57509933774835				0.960953642384106	0.0477880794701987	0.253139072847682	1.27390728476821	3.38781456953642	0.25403973509934				0.965827814569536	0.0307284768211921	-0.0239470198675496	3.92741721854305	-2.37350993377483	4.27973509933775				0.608529801324503	-0.336529801324503	-0.645721854304636	-0.317086092715232	3.2635761589404	1.62437086092715				0.916026490066225	0.0994966887417219	0.277933774834437	-3.4082119205298	-0.228079470198675	0.782516556291392				0.319788079470199	0.00116556291390731	-0.884238410596026	-1.65960264900662	-0.402384105960265	6.24529801324503			
101	2440	0.983841059602649	-0.0612450331125828	0.152476821192053	-7.52662251655629	-1.8246357615894	3.01509933774834				0.976953642384106	0.0477880794701987	0.237139072847682	-1.80609271523179	3.94781456953642	-0.30596026490066				0.981827814569536	0.0307284768211921	-0.00794701986754963	-3.35258278145695	0.146490066225167	4.27973509933775				0.624529801324503	-0.320529801324503	-0.661721854304636	-0.877086092715232	2.7035761589404	4.42437086092715				0.932026490066225	0.115496688741722	0.293933774834437	-3.1282119205298	0.611920529801325	-0.617483443708608				0.335788079470199	0.0171655629139073	-0.900238410596026	0.860397350993377	-0.962384105960265	5.68529801324503			
102	2460	0.967841059602649	-0.0612450331125828	0.184476821192053	-6.40662251655629	0.135364238410596	3.01509933774834				0.976953642384106	0.0317880794701987	0.269139072847682	-5.16609271523179	3.10781456953642	-0.585960264900661				0.981827814569536	0.0147284768211921	-0.00794701986754963	-5.31258278145695	0.706490066225167	4.27973509933775				0.624529801324503	-0.336529801324503	-0.661721854304636	1.64291390728477	2.4235761589404	6.10437086092715				0.932026490066225	0.0994966887417219	0.293933774834437	-4.2482119205298	0.0519205298013249	0.222516556291392				0.351788079470199	0.00116556291390731	-0.900238410596026	2.82039735099338	-0.682384105960265	4.56529801324503			
103	2480	0.967841059602649	-0.0292450331125828	0.168476821192053	-4.16662251655629	2.3753642384106	3.29509933774834				0.960953642384106	0.0317880794701987	0.269139072847682	-3.20609271523179	1.70781456953642	-0.0259602649006601				0.981827814569536	0.0147284768211921	-0.0399470198675496	-2.79258278145695	-0.133509933774833	4.55973509933775				0.624529801324503	-0.352529801324503	-0.693721854304636	-0.317086092715232	2.7035761589404	5.82437086092715				0.932026490066225	0.0834966887417219	0.341933774834437	-0.608211920529802	-1.62807947019868	1.90251655629139				0.351788079470199	-0.0308344370860927	-0.916238410596027	2.82039735099338	0.437615894039735	4.84529801324503			
104	2500	0.967841059602649	-0.0132450331125828	0.168476821192053	-5.00662251655629	1.2553642384106	1.61509933774834				0.960953642384106	0.0317880794701987	0.285139072847682	-2.64609271523179	3.94781456953642	-1.14596026490066				0.981827814569536	0.0307284768211921	-0.0399470198675496	-2.51258278145695	-0.973509933774833	4.55973509933775				0.608529801324503	-0.384529801324503	-0.677721854304636	-4.79708609271523	1.8635761589404	3.30437086092715				0.932026490066225	0.0834966887417219	0.293933774834437	-3.9682119205298	-3.02807947019868	1.06251655629139				0.335788079470199	-0.0308344370860927	-0.884238410596026	2.54039735099338	-0.402384105960265	5.96529801324503			
105	2520	0.967841059602649	-0.0292450331125828	0.152476821192053	-8.64662251655629	0.415364238410596	0.775099337748344				0.976953642384106	0.0317880794701987	0.269139072847682	-4.32609271523179	3.10781456953642	-0.585960264900661				0.981827814569536	0.0307284768211921	-0.0559470198675496	-5.31258278145695	2.66649006622517	3.71973509933775				0.624529801324503	-0.304529801324503	-0.645721854304636	-4.79708609271523	2.1435761589404	3.58437086092715				0.932026490066225	0.0834966887417219	0.293933774834437	-5.9282119205298	-1.06807947019868	1.06251655629139				0.319788079470199	-0.0308344370860927	-0.852238410596026	0.860397350993377	0.717615894039735	7.92529801324503			
106	2540	0.967841059602649	-0.0612450331125828	0.168476821192053	-9.20662251655629	0.975364238410596	1.61509933774834				0.976953642384106	0.0317880794701987	0.253139072847682	-7.40609271523179	1.98781456953642	-1.70596026490066				0.997827814569536	0.0307284768211921	-0.0399470198675496	-6.71258278145695	-0.693509933774834	3.43973509933775				0.608529801324503	-0.288529801324503	-0.661721854304636	-2.27708609271523	1.5835761589404	4.98437086092715				0.932026490066225	0.0994966887417219	0.293933774834437	-3.6882119205298	-3.30807947019868	1.62251655629139				0.319788079470199	-0.0148344370860927	-0.852238410596026	-1.93960264900662	2.39761589403974	7.08529801324503			
107	2560	0.967841059602649	-0.0612450331125828	0.168476821192053	-8.08662251655629	1.2553642384106	1.61509933774834				0.960953642384106	0.0637880794701987	0.269139072847682	-7.96609271523179	1.70781456953642	-1.14596026490066				0.997827814569536	0.0307284768211921	-0.0239470198675496	-5.31258278145695	-1.25350993377483	2.31973509933775				0.608529801324503	-0.320529801324503	-0.645721854304636	-0.597086092715232	0.4635761589404	6.66437086092715				0.948026490066225	0.0994966887417219	0.277933774834437	-2.0082119205298	-5.82807947019868	2.18251655629139				0.319788079470199	-0.0148344370860927	-0.900238410596026	-6.97960264900662	5.47761589403974	5.12529801324503			
108	2580	0.951841059602649	-0.0452450331125828	0.152476821192053	-7.24662251655629	2.3753642384106	1.33509933774834				0.960953642384106	0.0477880794701987	0.269139072847682	-9.08609271523179	2.54781456953642	-0.86596026490066				0.981827814569536	0.0147284768211921	-0.0399470198675496	-5.03258278145695	-3.21350993377483	1.75973509933775				0.608529801324503	-0.336529801324503	-0.645721854304636	1.92291390728477	1.5835761589404	6.10437086092715				0.932026490066225	0.0834966887417219	0.277933774834437	-3.6882119205298	-6.66807947019868	2.18251655629139				0.319788079470199	-0.0148344370860927	-0.932238410596026	-4.45960264900662	4.35761589403974	5.12529801324503			
109	2600	0.983841059602649	-0.0452450331125828	0.152476821192053	-6.96662251655629	3.2153642384106	0.495099337748344				0.976953642384106	0.0637880794701987	0.269139072847682	-8.52609271523179	1.14781456953642	-0.86596026490066				0.981827814569536	0.0307284768211921	-0.0719470198675496	-4.19258278145695	-4.33350993377483	1.75973509933775				0.608529801324503	-0.320529801324503	-0.645721854304636	3.04291390728477	2.7035761589404	5.82437086092715				0.932026490066225	0.0994966887417219	0.277933774834437	-6.4882119205298	-4.70807947019868	3.02251655629139				0.303788079470199	-0.0148344370860927	-0.900238410596026	1.42039735099338	0.157615894039735	4.56529801324503			
110	2620	0.983841059602649	-0.0292450331125828	0.152476821192053	-4.72662251655629	1.8153642384106	-0.0649006622516557				0.960953642384106	0.0797880794701987	0.253139072847682	-7.40609271523179	1.42781456953642	-1.14596026490066				0.981827814569536	0.0627284768211921	-0.0719470198675496	-4.75258278145695	-2.37350993377483	2.31973509933775				0.624529801324503	-0.320529801324503	-0.645721854304636	2.20291390728477	1.0235761589404	7.22437086092715				0.932026490066225	0.0994966887417219	0.277933774834437	-5.9282119205298	-5.54807947019868	2.46251655629139				0.303788079470199	-0.0148344370860927	-0.868238410596026	-2.21960264900662	2.39761589403974	4.28529801324503			
111	2640	0.983841059602649	-0.0132450331125828	0.120476821192053	-4.44662251655629	-1.2646357615894	0.775099337748344				0.960953642384106	0.0797880794701987	0.253139072847682	-5.16609271523179	1.70781456953642	-0.585960264900661				0.981827814569536	0.0627284768211921	-0.0399470198675496	-2.23258278145695	-0.973509933774833	1.75973509933775				0.640529801324503	-0.336529801324503	-0.661721854304636	2.76291390728477	-0.6564238410596	8.34437086092715				0.948026490066225	0.0994966887417219	0.277933774834437	-3.4082119205298	-6.66807947019868	3.02251655629139				0.303788079470199	-0.0148344370860927	-0.884238410596026	-5.57960264900662	4.35761589403974	4.28529801324503			
112	2660	0.983841059602649	-0.0132450331125828	0.136476821192053	-6.96662251655629	-1.2646357615894	-0.0649006622516557				0.976953642384106	0.0637880794701987	0.253139072847682	-4.32609271523179	4.22781456953642	0.53403973509934				0.981827814569536	0.0307284768211921	-0.0399470198675496	-0.832582781456954	-0.413509933774833	0.35973509933775				0.624529801324503	-0.352529801324503	-0.677721854304636	5.00291390728477	1.5835761589404	7.78437086092715				0.932026490066225	0.0994966887417219	0.277933774834437	-1.7282119205298	-7.78807947019868	3.02251655629139				0.303788079470199	0.00116556291390731	-0.900238410596026	-4.17960264900662	2.39761589403974	4.84529801324503			
113	2680	0.967841059602649	-0.0292450331125828	0.136476821192053	-6.96662251655629	-1.5446357615894	1.05509933774834				0.976953642384106	0.0637880794701987	0.269139072847682	-2.64609271523179	5.34781456953642	0.25403973509934				0.981827814569536	0.0307284768211921	-0.0559470198675496	-2.51258278145695	-0.413509933774833	0.91973509933775				0.640529801324503	-0.352529801324503	-0.645721854304636	5.56291390728477	1.5835761589404	4.98437086092715				0.932026490066225	0.0834966887417219	0.261933774834437	-1.7282119205298	-7.22807947019868	1.34251655629139				0.319788079470199	-0.0148344370860927	-0.900238410596026	-1.37960264900662	-0.682384105960265	4.28529801324503			
114	2700	0.983841059602649	-0.0292450331125828	0.136476821192053	0.873377483443709	-0.144635761589404	1.05509933774834				0.960953642384106	0.0797880794701987	0.301139072847682	-1.80609271523179	5.90781456953642	0.25403973509934				0.981827814569536	0.0467284768211921	-0.0719470198675496	-2.23258278145695	0.146490066225167	1.75973509933775				0.608529801324503	-0.352529801324503	-0.661721854304636	3.88291390728477	0.4635761589404	4.14437086092715				0.932026490066225	0.0834966887417219	0.261933774834437	-0.888211920529802	-7.22807947019868	1.34251655629139				0.303788079470199	0.00116556291390731	-0.884238410596026	-1.09960264900662	-1.24238410596026	3.44529801324503			
115	2720	0.983841059602649	-0.0292450331125828	0.152476821192053	3.39337748344371	-0.704635761589404	0.775099337748344				0.960953642384106	0.0637880794701987	0.269139072847682	1.27390728476821	1.98781456953642	0.53403973509934				0.981827814569536	0.0467284768211921	-0.0719470198675496	0.567417218543046	0.146490066225167	1.47973509933775				0.608529801324503	-0.336529801324503	-0.661721854304636	3.32291390728477	0.1835761589404	4.14437086092715				0.916026490066225	0.0994966887417219	0.277933774834437	1.9117880794702	-6.66807947019868	2.46251655629139				0.303788079470199	0.00116556291390731	-0.900238410596026	-3.89960264900662	0.157615894039735	2.32529801324503			
116	2740	0.983841059602649	-0.0452450331125828	0.168476821192053	0.593377483443709	-3.2246357615894	0.215099337748344				0.960953642384106	0.0477880794701987	0.253139072847682	2.11390728476821	1.14781456953642	1.09403973509934				0.981827814569536	0.0307284768211921	-0.0719470198675496	0.567417218543046	-0.973509933774833	0.63973509933775				0.608529801324503	-0.352529801324503	-0.661721854304636	3.32291390728477	-0.6564238410596	3.86437086092715				0.932026490066225	0.0994966887417219	0.261933774834437	4.1517880794702	-5.54807947019868	1.34251655629139				0.287788079470199	0.0171655629139073	-0.868238410596026	-1.65960264900662	0.997615894039735	2.04529801324503			
117	2760	0.983841059602649	-0.0292450331125828	0.152476821192053	-1.08662251655629	-4.9046357615894	0.215099337748344				0.976953642384106	0.0477880794701987	0.269139072847682	-0.406092715231788	0.0278145695364242	0.53403973509934				0.997827814569536	0.0307284768211921	-0.0559470198675496	1.40741721854305	-1.53350993377483	0.0797350993377501				0.608529801324503	-0.336529801324503	-0.645721854304636	5.28291390728477	-0.0964238410596001	3.58437086092715				0.932026490066225	0.0834966887417219	0.245933774834437	3.3117880794702	-5.54807947019868	1.62251655629139				0.303788079470199	0.0171655629139073	-0.884238410596026	-1.09960264900662	1.83761589403974	0.645298013245032			
118	2780	0.967841059602649	-0.0452450331125828	0.152476821192053	-0.806622516556291	-4.6246357615894	-0.344900662251656				0.960953642384106	0.0797880794701987	0.269139072847682	-0.686092715231788	1.98781456953642	1.09403973509934				0.981827814569536	0.0307284768211921	-0.0399470198675496	1.96741721854305	0.426490066225167	0.35973509933775				0.608529801324503	-0.352529801324503	-0.661721854304636	5.28291390728477	0.4635761589404	3.58437086092715				0.932026490066225	0.0994966887417219	0.261933774834437	5.8317880794702	-2.74807947019868	1.34251655629139				0.319788079470199	0.00116556291390731	-0.900238410596026	-1.93960264900662	1.55761589403974	-1.03470198675497			
119	2800	0.951841059602649	-0.0292450331125828	0.136476821192053	1.99337748344371	-4.6246357615894	0.215099337748344				0.992953642384106	0.0797880794701987	0.285139072847682	1.83390728476821	3.10781456953642	1.65403973509934				0.997827814569536	0.0307284768211921	-0.0399470198675496	3.08741721854305	-0.133509933774833	0.0797350993377501				0.592529801324503	-0.368529801324503	-0.661721854304636	4.72291390728477	1.3035761589404	3.30437086092715				0.964026490066225	0.0994966887417219	0.229933774834437	3.8717880794702	-3.86807947019868	1.34251655629139				0.303788079470199	0.00116556291390731	-0.916238410596027	-1.65960264900662	1.27761589403974	0.0852980132450323			
120	2820	0.967841059602649	-0.0452450331125828	0.152476821192053	2.83337748344371	-2.6646357615894	0.775099337748344				0.976953642384106	0.0477880794701987	0.285139072847682	3.23390728476821	1.14781456953642	1.65403973509934				0.981827814569536	0.0147284768211921	-0.0399470198675496	4.20741721854305	-1.25350993377483	0.0797350993377501				0.592529801324503	-0.368529801324503	-0.661721854304636	6.12291390728477	1.8635761589404	3.30437086092715				0.932026490066225	0.0834966887417219	0.229933774834437	-0.888211920529802	-3.86807947019868	0.502516556291392				0.303788079470199	0.00116556291390731	-0.900238410596026	-1.93960264900662	1.55761589403974	0.365298013245032			
121	2840	0.967841059602649	-0.0452450331125828	0.168476821192053	1.71337748344371	-1.5446357615894	-0.624900662251656				0.960953642384106	0.0317880794701987	0.253139072847682	0.153907284768212	0.307814569536424	1.37403973509934				0.981827814569536	0.0307284768211921	-0.0399470198675496	3.08741721854305	-0.133509933774833	0.63973509933775				0.592529801324503	-0.368529801324503	-0.661721854304636	6.12291390728477	2.4235761589404	3.02437086092715				0.948026490066225	0.0834966887417219	0.261933774834437	2.7517880794702	-1.90807947019868	0.502516556291392				0.319788079470199	0.00116556291390731	-0.884238410596026	1.70039735099338	-0.122384105960265	0.365298013245032			
122	2860	0.967841059602649	-0.0292450331125828	0.152476821192053	0.0333774834437086	-2.1046357615894	-0.904900662251656				0.960953642384106	0.0477880794701987	0.269139072847682	-5.72609271523179	1.98781456953642	0.53403973509934				0.981827814569536	0.0307284768211921	-0.0399470198675496	0.00741721854304636	0.426490066225167	-0.48026490066225				0.608529801324503	-0.384529801324503	-0.677721854304636	4.16291390728477	1.8635761589404	1.90437086092715				0.948026490066225	0.0834966887417219	0.229933774834437	1.0717880794702	-2.18807947019868	0.782516556291392				0.319788079470199	-0.0148344370860927	-0.900238410596026	0.860397350993377	0.997615894039735	-1.31470198675497			
123	2880	0.967841059602649	-0.0452450331125828	0.136476821192053	-0.806622516556291	-0.984635761589404	-0.624900662251656				0.976953642384106	0.0637880794701987	0.301139072847682	-2.92609271523179	0.307814569536424	0.25403973509934				0.981827814569536	0.0307284768211921	-0.0399470198675496	0.567417218543046	0.426490066225167	-1.04026490066225				0.592529801324503	-0.368529801324503	-0.677721854304636	-2.27708609271523	-3.7364238410596	-0.335629139072848				0.948026490066225	0.0674966887417219	0.261933774834437	2.4717880794702	-1.34807947019868	1.34251655629139				0.335788079470199	-0.0148344370860927	-0.916238410596027	1.42039735099338	0.437615894039735	-1.31470198675497			
124	2900	0.967841059602649	-0.0452450331125828	0.152476821192053	-1.08662251655629	-0.424635761589404	-1.74490066225166				0.976953642384106	0.0637880794701987	0.269139072847682	0.433907284768212	-0.812185430463576	0.25403973509934				0.981827814569536	0.0307284768211921	-0.0399470198675496	2.24741721854305	-0.133509933774833	-1.04026490066225				0.576529801324503	-0.352529801324503	-0.661721854304636	0.242913907284768	-3.4564238410596	0.224370860927152				0.948026490066225	0.0834966887417219	0.229933774834437	-1.7282119205298	-1.62807947019868	1.34251655629139				0.319788079470199	0.00116556291390731	-0.916238410596027	4.22039735099338	-1.80238410596026	0.0852980132450323			
125	2920	0.967841059602649	-0.0452450331125828	0.136476821192053	0.313377483443709	-0.144635761589404	-1.46490066225166				0.960953642384106	0.0637880794701987	0.269139072847682	0.433907284768212	0.307814569536424	0.25403973509934				0.981827814569536	0.0307284768211921	-0.0559470198675496	2.52741721854305	-0.133509933774833	0.0797350993377501				0.576529801324503	-0.352529801324503	-0.661721854304636	1.92291390728477	-1.2164238410596	0.224370860927152				0.932026490066225	0.0994966887417219	0.245933774834437	-0.888211920529802	-3.58807947019868	0.782516556291392				0.319788079470199	0.00116556291390731	-0.884238410596026	3.94039735099338	-1.52238410596026	0.925298013245032			
126	2940	0.983841059602649	-0.0452450331125828	0.136476821192053	-0.806622516556291	-0.144635761589404	-1.46490066225166				0.960953642384106	0.0797880794701987	0.285139072847682	-0.966092715231788	1.98781456953642	0.25403973509934				0.981827814569536	0.0307284768211921	-0.0719470198675496	-0.832582781456954	-0.693509933774834	-0.20026490066225				0.592529801324503	-0.352529801324503	-0.661721854304636	1.64291390728477	-0.6564238410596	-0.335629139072848				0.916026490066225	0.0994966887417219	0.245933774834437	-2.2882119205298	-3.58807947019868	1.34251655629139				0.303788079470199	0.00116556291390731	-0.884238410596026	3.94039735099338	-1.52238410596026	-0.194701986754968			
127	2960	0.983841059602649	-0.0292450331125828	0.136476821192053	-1.36662251655629	0.135364238410596	-0.904900662251656				0.960953642384106	0.0637880794701987	0.269139072847682	-0.966092715231788	1.14781456953642	0.53403973509934				0.981827814569536	0.0467284768211921	-0.0559470198675496	0.567417218543046	0.146490066225167	0.0797350993377501				0.592529801324503	-0.352529801324503	-0.661721854304636	3.60291390728477	-0.3764238410596	-0.0556291390728476				0.916026490066225	0.0994966887417219	0.245933774834437	-2.2882119205298	-1.06807947019868	2.18251655629139				0.303788079470199	0.0171655629139073	-0.884238410596026	2.82039735099338	-0.962384105960265	-0.754701986754968			
128	2980	0.983841059602649	0.00275496688741723	0.136476821192053	0.593377483443709	-0.704635761589404	-1.18490066225166				0.960953642384106	0.0797880794701987	0.269139072847682	2.11390728476821	2.26781456953642	0.81403973509934				0	0	0	0	0	0				0.592529801324503	-0.336529801324503	-0.645721854304636	1.08291390728477	-0.9364238410596	-1.17562913907285				0.932026490066225	0.115496688741722	0.245933774834437	-2.8482119205298	-1.06807947019868	1.06251655629139				0	0	0	0	0	0			
