No	Time	12-AccX	12-AccY	12-AccZ	12-GyroX	12-GyroY	12-GyroZ	13-AccX	13-AccY	13-AccZ	13-GyroX	13-GyroY	13-GyroZ	14-AccX	14-AccY	14-AccZ	14-GyroX	14-GyroY	14-GyroZ	15-AccX	15-AccY	15-AccZ	15-GyroX	15-GyroY	15-GyroZ	16-AccX	16-AccY	16-AccZ	16-GyroX	16-GyroY	16-GyroZ	17-AccX	17-AccY	17-AccZ	17-GyroX	17-GyroY	17-GyroZ
0	120	0	0	0	0	0	0				0	0	0	0	0	0				0	0	0	0	0	0				0	0	0	0	0	0				0.964026490066225	0.00349668874172187	0.133933774834437	0.231788079470198	1.17192052980133	-0.617483443708608				0.319788079470199	-0.0948344370860927	-0.900238410596026	-0.539602649006623	0.997615894039735	-0.474701986754968			
1	140	0	0	0	0	0	0				0	0	0	0	0	0				0	0	0	0	0	0				0.560529801324503	-0.352529801324503	-0.693721854304636	-1.43708609271523	-0.0964238410596001	-0.0556291390728476				0.964026490066225	0.0194966887417219	0.149933774834437	2.4717880794702	-0.508079470198675	-0.617483443708608				0.319788079470199	-0.0788344370860927	-0.884238410596026	-1.09960264900662	0.157615894039735	1.20529801324503			
2	160	0	0	0	0	0	0				0	0	0	0	0	0				0	0	0	0	0	0				0.560529801324503	-0.352529801324503	-0.677721854304636	-2.27708609271523	-1.2164238410596	0.224370860927152				0.964026490066225	0.00349668874172187	0.149933774834437	-0.888211920529802	-0.788079470198675	-0.617483443708608				0.319788079470199	-0.0948344370860927	-0.900238410596026	-1.65960264900662	0.157615894039735	0.365298013245032			
3	180	0.967841059602649	0.0507549668874172	0.136476821192053	0.0333774834437086	0.135364238410596	-1.18490066225166				0.976953642384106	0.0317880794701987	0.109139072847682	-0.126092715231788	-1.65218543046358	0.25403973509934				0.997827814569536	0.0467284768211921	-0.0239470198675496	-0.552582781456954	0.146490066225167	-0.20026490066225				0.560529801324503	-0.352529801324503	-0.693721854304636	-0.597086092715232	-1.2164238410596	-0.335629139072848				0.948026490066225	0.00349668874172187	0.149933774834437	-0.0482119205298018	-1.62807947019868	-0.0574834437086077				0.303788079470199	-0.0948344370860927	-0.884238410596026	0.300397350993377	0.437615894039735	-0.194701986754968			
4	200	0.967841059602649	0.0507549668874172	0.136476821192053	-0.246622516556291	0.415364238410596	-0.904900662251656				0.992953642384106	0.0317880794701987	0.125139072847682	-0.686092715231788	-0.812185430463576	-0.0259602649006601				0.981827814569536	0.0627284768211921	-0.00794701986754963	-0.832582781456954	0.426490066225167	-0.20026490066225				0.576529801324503	-0.368529801324503	-0.709721854304636	0.242913907284768	-0.3764238410596	-0.0556291390728476				0.964026490066225	0.0194966887417219	0.149933774834437	1.0717880794702	-1.06807947019868	-0.337483443708608				0.303788079470199	-0.0788344370860927	-0.884238410596026	0.0203973509933773	-0.402384105960265	-0.754701986754968			
5	220	0.967841059602649	0.0667549668874172	0.136476821192053	-0.526622516556291	-0.144635761589404	-0.0649006622516557				0.992953642384106	0.0317880794701987	0.125139072847682	0.993907284768212	-2.21218543046358	1.09403973509934				0.981827814569536	0.0467284768211921	-0.00794701986754963	1.12741721854305	0.426490066225167	0.0797350993377501				0.576529801324503	-0.368529801324503	-0.693721854304636	-0.597086092715232	-0.3764238410596	0.784370860927152				0.964026490066225	0.00349668874172187	0.149933774834437	0.791788079470198	-1.06807947019868	-0.617483443708608				0.319788079470199	-0.0788344370860927	-0.900238410596026	-1.37960264900662	-0.122384105960265	-0.754701986754968			
6	240	0.967841059602649	0.0667549668874172	0.136476821192053	-0.526622516556291	0.415364238410596	-0.624900662251656				0.992953642384106	0.0477880794701987	0.109139072847682	0.993907284768212	-0.812185430463576	-0.0259602649006601				0.981827814569536	0.0467284768211921	-0.00794701986754963	0.00741721854304636	0.426490066225167	0.0797350993377501				0.576529801324503	-0.352529801324503	-0.693721854304636	-0.317086092715232	0.1835761589404	0.784370860927152				0.964026490066225	0.00349668874172187	0.149933774834437	-0.0482119205298018	-1.06807947019868	-0.337483443708608				0.319788079470199	-0.0788344370860927	-0.900238410596026	-0.259602649006623	-0.682384105960265	0.0852980132450323			
7	260	0.983841059602649	0.0667549668874172	0.136476821192053	-0.526622516556291	0.415364238410596	-1.18490066225166				0.976953642384106	0.0317880794701987	0.109139072847682	0.713907284768212	-0.532185430463576	-0.0259602649006601				0.981827814569536	0.0467284768211921	-0.0239470198675496	-0.832582781456954	0.986490066225167	0.0797350993377501				0.560529801324503	-0.352529801324503	-0.693721854304636	-0.597086092715232	-0.3764238410596	0.784370860927152				0.964026490066225	0.00349668874172187	0.133933774834437	0.511788079470198	-1.34807947019868	-1.17748344370861				0.319788079470199	-0.0788344370860927	-0.884238410596026	-0.819602649006623	0.157615894039735	-0.754701986754968			
8	280	0.967841059602649	0.0507549668874172	0.120476821192053	0.593377483443709	0.135364238410596	-0.904900662251656				0.976953642384106	0.0317880794701987	0.125139072847682	0.713907284768212	-0.532185430463576	0.25403973509934				0.981827814569536	0.0467284768211921	-0.0239470198675496	0.00741721854304636	0.146490066225167	0.0797350993377501				0.560529801324503	-0.336529801324503	-0.693721854304636	0.522913907284768	-0.0964238410596001	0.504370860927152				0.948026490066225	0.00349668874172187	0.149933774834437	-0.328211920529802	-1.90807947019868	-0.897483443708608				0.319788079470199	-0.0948344370860927	-0.884238410596026	-0.819602649006623	0.997615894039735	-0.754701986754968			
9	300	0.983841059602649	0.0667549668874172	0.136476821192053	-0.246622516556291	-0.424635761589404	-0.624900662251656				0.992953642384106	0.0317880794701987	0.109139072847682	0.993907284768212	-0.252185430463576	-0.0259602649006601				0.997827814569536	0.0467284768211921	-0.00794701986754963	0.847417218543046	-0.133509933774833	-0.20026490066225				0.560529801324503	-0.352529801324503	-0.677721854304636	0.802913907284768	-0.6564238410596	-0.895629139072848				0.964026490066225	0.00349668874172187	0.149933774834437	-2.0082119205298	-0.508079470198675	-0.337483443708608				0.303788079470199	-0.0788344370860927	-0.884238410596026	-0.259602649006623	0.717615894039735	-1.31470198675497			
10	320	0.967841059602649	0.0507549668874172	0.136476821192053	-0.526622516556291	-0.984635761589404	-0.904900662251656				0.976953642384106	0.0317880794701987	0.109139072847682	1.55390728476821	0.587814569536424	0.53403973509934				0.981827814569536	0.0467284768211921	-0.00794701986754963	1.40741721854305	-0.133509933774833	-0.20026490066225				0.560529801324503	-0.352529801324503	-0.709721854304636	0.242913907284768	-1.2164238410596	-0.0556291390728476				0.964026490066225	0.0194966887417219	0.133933774834437	0.511788079470198	0.611920529801325	-1.17748344370861				0.319788079470199	-0.0788344370860927	-0.884238410596026	-1.09960264900662	0.437615894039735	-0.474701986754968			
11	340	0.967841059602649	0.0507549668874172	0.136476821192053	-0.246622516556291	0.135364238410596	-0.0649006622516557				0.976953642384106	0.0317880794701987	0.125139072847682	0.433907284768212	1.14781456953642	0.53403973509934				0.981827814569536	0.0467284768211921	-0.00794701986754963	0.287417218543046	0.426490066225167	0.63973509933775				0.560529801324503	-0.352529801324503	-0.693721854304636	0.802913907284768	1.0235761589404	-0.615629139072848				0.964026490066225	0.00349668874172187	0.133933774834437	-0.0482119205298018	-0.788079470198675	-0.0574834437086077				0.319788079470199	-0.0788344370860927	-0.900238410596026	0.300397350993377	-0.122384105960265	-2.43470198675497			
12	360	0.967841059602649	0.0507549668874172	0.152476821192053	1.71337748344371	0.695364238410596	-0.344900662251656				0.992953642384106	0.0317880794701987	0.109139072847682	0.713907284768212	-0.812185430463576	-0.0259602649006601				0.997827814569536	0.0467284768211921	-0.00794701986754963	0.567417218543046	0.426490066225167	0.63973509933775				0.576529801324503	-0.352529801324503	-0.677721854304636	-0.597086092715232	0.7435761589404	-0.0556291390728476				0.980026490066225	0.00349668874172187	0.133933774834437	1.9117880794702	0.331920529801325	0.782516556291392				0.335788079470199	-0.0788344370860927	-0.900238410596026	-0.259602649006623	-0.122384105960265	-1.87470198675497			
13	380	0.983841059602649	0.0667549668874172	0.136476821192053	0.313377483443709	0.135364238410596	-0.904900662251656				0.976953642384106	0.0317880794701987	0.109139072847682	2.11390728476821	-2.49218543046358	-0.0259602649006601				0.997827814569536	0.0467284768211921	-0.0239470198675496	1.40741721854305	0.146490066225167	0.0797350993377501				0.576529801324503	-0.368529801324503	-0.725721854304636	-0.0370860927152318	-0.0964238410596001	1.62437086092715				0.964026490066225	0.00349668874172187	0.149933774834437	-0.608211920529802	-1.34807947019868	-0.617483443708608				0.335788079470199	-0.0948344370860927	-0.900238410596026	0.300397350993377	-2.08238410596027	-1.03470198675497			
14	400	0.967841059602649	0.0667549668874172	0.136476821192053	-1.08662251655629	-0.704635761589404	-0.624900662251656				0.992953642384106	0.0477880794701987	0.109139072847682	1.27390728476821	-3.33218543046358	-0.585960264900661				0.981827814569536	0.0467284768211921	-0.00794701986754963	1.12741721854305	-0.413509933774833	0.0797350993377501				0.560529801324503	-0.368529801324503	-0.709721854304636	-0.877086092715232	-0.9364238410596	2.18437086092715				0.964026490066225	0.00349668874172187	0.149933774834437	-1.1682119205298	-1.34807947019868	-0.0574834437086077				0.335788079470199	-0.0948344370860927	-0.900238410596026	-0.819602649006623	-2.08238410596027	0.925298013245032			
15	420	0.967841059602649	0.0507549668874172	0.104476821192053	-2.76662251655629	-0.424635761589404	-0.904900662251656				1.00895364238411	0.0317880794701987	0.125139072847682	1.55390728476821	-3.33218543046358	-0.30596026490066				0.997827814569536	0.0627284768211921	0.00805298013245037	0.287417218543046	0.146490066225167	0.63973509933775				0.560529801324503	-0.368529801324503	-0.709721854304636	-1.99708609271523	-1.4964238410596	1.06437086092715				0.964026490066225	0.00349668874172187	0.149933774834437	-0.608211920529802	-2.18807947019868	-0.617483443708608				0.319788079470199	-0.0788344370860927	-0.868238410596026	0.0203973509933773	-3.20238410596026	1.20529801324503			
16	440	0.983841059602649	0.0667549668874172	0.104476821192053	-3.32662251655629	-0.144635761589404	-0.904900662251656				1.00895364238411	0.0317880794701987	0.157139072847682	-2.08609271523179	-0.532185430463576	-0.86596026490066				0.981827814569536	0.0627284768211921	0.00805298013245037	-1.95258278145695	0.146490066225167	0.91973509933775				0.560529801324503	-0.368529801324503	-0.709721854304636	-4.23708609271523	0.4635761589404	1.06437086092715				0.948026490066225	0.0194966887417219	0.133933774834437	-0.608211920529802	-1.06807947019868	-2.01748344370861				0.335788079470199	-0.0948344370860927	-0.868238410596026	-2.49960264900662	-3.20238410596026	1.20529801324503			
17	460	1.01584105960265	0.0667549668874172	0.104476821192053	-5.00662251655629	-1.8246357615894	-1.18490066225166				1.00895364238411	0.0477880794701987	0.157139072847682	-1.80609271523179	-3.89218543046358	-2.54596026490066				0.981827814569536	0.0787284768211921	-0.00794701986754963	-3.07258278145695	0.146490066225167	2.31973509933775				0.544529801324503	-0.352529801324503	-0.709721854304636	-5.63708609271523	0.4635761589404	1.06437086092715				0.948026490066225	0.00349668874172187	0.165933774834437	-0.888211920529802	-0.788079470198675	-2.01748344370861				0.351788079470199	-0.110834437086093	-0.868238410596026	-3.33960264900662	-2.64238410596027	3.44529801324503			
18	480	1.03184105960265	0.114754966887417	0.040476821192053	-14.2466225165563	-6.3046357615894	-3.42490066225166				0.992953642384106	0.0477880794701987	0.157139072847682	3.51390728476821	-5.57218543046358	-2.54596026490066				0.997827814569536	0.0627284768211921	-0.00794701986754963	-1.11258278145695	0.426490066225167	3.99973509933775				0.528529801324503	-0.352529801324503	-0.725721854304636	-7.31708609271523	-0.9364238410596	3.02437086092715				0.932026490066225	0.0194966887417219	0.197933774834437	-3.6882119205298	1.45192052980132	-2.85748344370861				0.367788079470199	-0.0948344370860927	-0.836238410596026	-5.29960264900662	-2.08238410596027	5.40529801324503			
19	500	1.07984105960265	0.178754966887417	-0.039523178807947	-21.8066225165563	-12.4646357615894	-4.82490066225166				1.00895364238411	0.0957880794701987	0.157139072847682	-3.20609271523179	1.42781456953642	-3.66596026490066				0.997827814569536	0.0467284768211921	0.00805298013245037	-1.11258278145695	1.54649006622517	7.35973509933775				0.544529801324503	-0.352529801324503	-0.725721854304636	-11.2370860927152	1.5835761589404	3.58437086092715				0.932026490066225	0.0354966887417219	0.181933774834437	-8.4482119205298	3.13192052980133	-4.53748344370861				0.399788079470199	-0.0628344370860927	-0.836238410596026	-10.0596026490066	0.157615894039735	6.52529801324503			
20	520	1.09584105960265	0.210754966887417	-0.215523178807947	-16.4866225165563	-29.2646357615894	-5.38490066225166				0.976953642384106	0.111788079470199	0.237139072847682	-7.68609271523179	5.06781456953642	-7.30596026490066				1.01382781456954	0.0627284768211921	0.0400529801324504	-11.192582781457	-0.693509933774834	10.7197350993378				0.512529801324503	-0.336529801324503	-0.741721854304636	-14.5970860927152	3.8235761589404	4.70437086092715				0.932026490066225	0.0674966887417219	0.165933774834437	-10.6882119205298	4.25192052980133	-5.93748344370861				0.431788079470199	-0.0308344370860927	-0.836238410596026	-9.21960264900662	0.717615894039735	9.60529801324503			
21	540	1.09584105960265	0.242754966887417	-0.343523178807947	-7.52662251655629	-51.9446357615894	-7.34490066225166				0.912953642384106	0.143788079470199	0.285139072847682	-0.686092715231788	1.70781456953642	-8.42596026490066				1.01382781456954	0.0787284768211921	0.0720529801324504	-12.872582781457	-7.41350993377483	11.2797350993378				0.480529801324503	-0.288529801324503	-0.741721854304636	-17.9570860927152	5.2235761589404	4.70437086092715				0.916026490066225	0.115496688741722	0.165933774834437	-19.0882119205298	4.25192052980133	-8.73748344370861				0.415788079470199	0.00116556291390731	-0.804238410596027	-12.0196026490066	1.55761589403974	14.645298013245			
22	560	1.06384105960265	0.210754966887417	-0.343523178807947	-18.1666225165563	-77.4246357615894	-7.62490066225166				0.896953642384106	0.207788079470199	0.221139072847682	-0.966092715231788	-1.93218543046358	-7.02596026490066				1.02982781456954	0.0787284768211921	0.0720529801324504	-12.872582781457	-17.2135099337748	10.1597350993378				0.448529801324503	-0.256529801324503	-0.757721854304636	-22.4370860927152	6.6235761589404	9.18437086092715				0.852026490066225	0.163496688741722	0.165933774834437	-30.0082119205298	2.29192052980133	-12.9374834437086				0.399788079470199	0.0331655629139073	-0.740238410596026	-14.8196026490066	-1.80238410596026	18.285298013245			
23	580	0.999841059602649	0.130754966887417	-0.295523178807947	-32.1666225165563	-102.344635761589	-7.06490066225166				0.864953642384106	0.239788079470199	0.189139072847682	-1.24609271523179	-1.65218543046358	-2.82596026490066				1.01382781456954	0.158728476821192	0.00805298013245037	-2.79258278145695	-23.3735099337748	10.1597350993378				0.448529801324503	-0.208529801324503	-0.789721854304636	-30.2770860927152	7.1835761589404	17.5843708609272				0.820026490066225	0.227496688741722	0.181933774834437	-36.1682119205298	2.85192052980133	-15.1774834437086				0.399788079470199	0.0651655629139073	-0.724238410596026	-16.7796026490066	-6.00238410596027	25.285298013245			
24	600	0.999841059602649	0.0507549668874172	-0.199523178807947	-27.9666225165563	-109.624635761589	-4.54490066225166				0.912953642384106	0.207788079470199	0.157139072847682	-12.7260927152318	4.78781456953642	-2.26596026490066				0.997827814569536	0.190728476821192	-0.0239470198675496	-9.79258278145695	-21.9735099337748	12.3997350993378				0.480529801324503	-0.176529801324503	-0.821721854304636	-33.9170860927152	9.4235761589404	27.6643708609272				0.852026490066225	0.259496688741722	0.245933774834437	-33.9282119205298	8.17192052980133	-15.7374834437086				0.447788079470199	0.0971655629139073	-0.756238410596026	-20.6996026490066	-7.68238410596027	34.805298013245			
25	620	0.983841059602649	-0.0932450331125828	-0.135523178807947	-39.1666225165563	-109.064635761589	1.05509933774834				0.992953642384106	0.191788079470199	0.189139072847682	-36.8060927152318	12.3478145695364	-0.585960264900661				0.997827814569536	0.174728476821192	-0.00794701986754963	-31.912582781457	-29.5335099337748	15.4797350993378				0.464529801324503	-0.176529801324503	-0.885721854304636	-38.3970860927152	13.0635761589404	36.6243708609272				0.948026490066225	0.291496688741722	0.229933774834437	-31.6882119205298	9.01192052980133	-17.4174834437086				0.479788079470199	0.177165562913907	-0.804238410596027	-25.1796026490066	-6.00238410596027	43.485298013245			
26	640	0.967841059602649	-0.269245033112583	-0.167523178807947	-80.6066225165563	-107.944635761589	17.2950993377483				1.04095364238411	0.255788079470199	0.221139072847682	-51.9260927152318	6.74781456953642	1.37403973509934				1.01382781456954	0.190728476821192	-0.0719470198675496	-40.312582781457	-32.0535099337748	14.3597350993378				0.480529801324503	-0.208529801324503	-0.933721854304636	-44.5570860927152	21.1835761589404	40.2643708609272				1.01202649006623	0.291496688741722	0.165933774834437	-43.1682119205298	12.3719205298013	-18.5374834437086				0.495788079470199	0.241165562913907	-0.868238410596026	-27.1396026490066	-2.36238410596027	50.205298013245			
27	660	0.903841059602649	-0.253245033112583	0.168476821192053	-101.606622516556	-53.9046357615894	19.8150993377483				1.00895364238411	0.239788079470199	0.173139072847682	-56.6860927152318	-3.05218543046358	4.45403973509934				0.997827814569536	0.222728476821192	-0.00794701986754963	-41.152582781457	-28.9735099337748	14.0797350993378				0.464529801324503	-0.208529801324503	-0.869721854304636	-57.1570860927152	20.9035761589404	40.5443708609272				0.964026490066225	0.275496688741722	0.117933774834437	-59.4082119205298	12.3719205298013	-19.3774834437086				0.543788079470199	0.209165562913907	-0.900238410596026	-31.0596026490066	6.87761589403974	57.205298013245			
28	680	0.887841059602649	-0.0772450331125828	0.136476821192053	-151.726622516556	-49.9846357615894	17.5750993377483				0.880953642384106	0.223788079470199	0.125139072847682	-58.3660927152318	-5.85218543046358	3.33403973509934				0.965827814569536	0.254728476821192	-0.0559470198675496	-41.152582781457	-40.4535099337748	12.3997350993378				0.400529801324503	-0.0965298013245033	-0.821721854304636	-66.3970860927152	16.9835761589404	48.1043708609272				0.964026490066225	0.275496688741722	0.133933774834437	-61.0882119205298	7.89192052980133	-17.4174834437086				0.511788079470199	0.177165562913907	-0.884238410596026	-31.6196026490066	6.03761589403974	66.165298013245			
29	700	0.823841059602649	0.194754966887417	0.568476821192053	-185.886622516556	-60.0646357615894	20.6550993377483				0.832953642384106	0.239788079470199	0.141139072847682	-63.1260927152318	-3.33218543046358	1.09403973509934				0.933827814569536	0.286728476821192	-0.18394701986755	-35.552582781457	-49.6935099337748	12.9597350993378				0.352529801324503	-0.0965298013245033	-0.773721854304636	-62.4770860927152	18.9435761589404	61.8243708609272				0.932026490066225	0.243496688741722	0.133933774834437	-62.2082119205298	-3.58807947019868	-12.6574834437086				0.447788079470199	0.177165562913907	-0.884238410596026	-29.3796026490066	-0.962384105960265	75.685298013245			
30	720	0.759841059602649	0.258754966887417	0.408476821192053	-165.446622516556	-54.4646357615894	16.7350993377483				0.848953642384106	0.223788079470199	0.125139072847682	-68.4460927152318	1.14781456953642	0.53403973509934				0.901827814569536	0.302728476821192	-0.10394701986755	-29.672582781457	-55.0135099337748	13.5197350993378				0.336529801324503	-0.144529801324503	-0.741721854304636	-56.5970860927152	20.9035761589404	71.9043708609272				0.852026490066225	0.243496688741722	0.117933774834437	-78.4482119205298	-4.14807947019868	-11.8174834437086				0.399788079470199	0.177165562913907	-0.868238410596026	-26.8596026490066	-0.122384105960265	85.765298013245			
31	740	0.759841059602649	0.402754966887417	0.392476821192053	-138.286622516556	-24.5046357615894	26.2550993377483				0.960953642384106	0.191788079470199	0.173139072847682	-75.1660927152318	9.82781456953643	0.53403973509934				0.837827814569536	0.158728476821192	0.0400529801324504	-33.872582781457	-55.0135099337748	22.4797350993378				0.384529801324503	-0.176529801324503	-0.757721854304636	-57.9970860927152	22.8635761589404	80.0243708609272				0.868026490066225	0.243496688741722	0.197933774834437	-88.2482119205298	2.57192052980133	-12.3774834437086				0.383788079470199	0.145165562913907	-0.868238410596026	-24.6196026490066	0.157615894039735	94.4452980132451			
32	760	0.695841059602649	0.514754966887417	0.280476821192053	-123.166622516556	1.2553642384106	27.6550993377483				1.00895364238411	0.191788079470199	0.157139072847682	-83.0060927152318	3.10781456953642	-6.18596026490066				0.917827814569536	0.0467284768211921	0.0400529801324504	-52.632582781457	-40.1735099337748	34.5197350993378				0.432529801324503	-0.192529801324503	-0.789721854304636	-55.4770860927152	30.7035761589404	87.5843708609272				0.948026490066225	0.227496688741722	0.245933774834437	-90.2082119205298	6.49192052980132	-10.6974834437086				0.463788079470199	0.0971655629139073	-0.868238410596026	-28.8196026490066	2.39761589403974	103.685298013245			
33	780	0.695841059602649	0.210754966887417	0.232476821192053	-130.726622516556	35.1353642384106	31.8550993377483				0.992953642384106	0.319788079470199	0.173139072847682	-86.3660927152318	-6.41218543046358	-10.1059602649007				0.965827814569536	0.0947284768211921	-0.0719470198675496	-69.992582781457	-34.8535099337748	42.0797350993378				0.448529801324503	-0.272529801324503	-0.805721854304636	-48.7570860927152	40.7835761589404	96.8243708609272				0.996026490066225	0.259496688741722	0.165933774834437	-99.7282119205298	11.5319205298013	-14.0574834437086				0.527788079470199	0.145165562913907	-0.820238410596026	-30.7796026490066	4.35761589403974	114.605298013245			
34	800	0.791841059602649	0.0347549668874172	0.216476821192053	-158.726622516556	57.2553642384106	34.3750993377484				0.960953642384106	0.303788079470199	0.237139072847682	-90.5660927152318	-6.13218543046358	-12.0659602649007				0.981827814569536	0.158728476821192	-0.10394701986755	-82.872582781457	-30.0935099337748	46.8397350993378				0.480529801324503	-0.272529801324503	-0.837721854304636	-45.6770860927152	45.8235761589404	112.504370860927				1.01202649006623	0.259496688741722	0.181933774834437	-110.08821192053	12.3719205298013	-22.4574834437086				0.543788079470199	0.193165562913907	-0.788238410596027	-31.3396026490066	-2.36238410596027	123.845298013245			
35	820	0.935841059602649	0.194754966887417	0.216476821192053	-179.726622516556	69.2953642384106	36.8950993377483				0.976953642384106	0.287788079470199	0.269139072847682	-96.4460927152318	-7.25218543046358	-11.5059602649007				0.997827814569536	0.158728476821192	-0.0559470198675496	-97.992582781457	-26.7335099337748	51.5997350993377				0.496529801324503	-0.352529801324503	-0.917721854304636	-43.1570860927152	51.1435761589404	123.984370860927				0.916026490066225	0.227496688741722	0.261933774834437	-116.52821192053	1.17192052980133	-26.3774834437086				0.559788079470199	0.193165562913907	-0.836238410596026	-34.1396026490066	-9.36238410596027	126.645298013245			
36	840	0.967841059602649	0.450754966887417	-0.087523178807947	-178.606622516556	80.2153642384106	48.6550993377484				0.928953642384106	0.287788079470199	0.269139072847682	-106.806092715232	-12.8521854304636	-14.0259602649007				0.981827814569536	0.222728476821192	-0.0239470198675496	-117.312582781457	-24.2135099337748	56.6397350993378				0.512529801324503	-0.480529801324503	-0.885721854304636	-47.0770860927152	50.5835761589404	129.584370860927				0.884026490066225	0.163496688741722	0.213933774834437	-121.56821192053	-1.34807947019868	-30.5774834437086				0.559788079470199	0.193165562913907	-0.900238410596026	-36.0996026490066	-15.8023841059603	126.925298013245			
37	860	1.46384105960265	0.754754966887417	-0.263523178807947	-186.726622516556	65.9353642384106	44.7350993377484				0.784953642384106	0.287788079470199	0.221139072847682	-115.486092715232	-24.6121854304636	-14.0259602649007				0.981827814569536	0.286728476821192	0.0240529801324504	-125.992582781457	-21.9735099337748	64.1997350993378				0.512529801324503	-0.416529801324503	-0.885721854304636	-70.5970860927152	36.5835761589404	130.984370860927				1.10802649006623	0.131496688741722	0.293933774834437	-131.64821192053	0.331920529801325	-37.0174834437086				0.479788079470199	0.161165562913907	-0.980238410596026	-36.0996026490066	-17.4823841059603	127.485298013245			
38	880	2.02384105960265	1.26675496688742	-1.27152317880795	-203.246622516556	-70.9846357615894	24.2950993377483				1.04095364238411	0.0317880794701987	-0.0668609271523178	-149.926092715232	7.86781456953642	-15.4259602649007				1.23782781456954	0.222728476821192	0.0720529801324504	-141.112582781457	-21.9735099337748	69.2397350993378				0.464529801324503	-0.432529801324503	-0.997721854304636	-68.0770860927152	33.2235761589404	133.504370860927				1.33202649006623	-0.0445033112582781	0.501933774834437	-110.92821192053	-11.4280794701987	-31.1374834437086				0.255788079470199	0.0811655629139073	-1.34823841059603	-41.4196026490066	-0.962384105960265	115.445298013245			
39	900	0.567841059602649	0.258754966887417	-0.103523178807947	1.71337748344371	-91.4246357615894	34.0950993377484				1.71295364238411	-0.128211920529801	0.141139072847682	-201.726092715232	108.667814569536	-17.9459602649007				1.57382781456954	0.0467284768211921	-0.0399470198675496	-152.312582781457	-36.5335099337748	65.5997350993378				0.576529801324503	-0.976529801324503	-0.757721854304636	-50.1570860927152	57.5835761589404	107.744370860927				1.22002649006623	-0.0125033112582781	-0.122066225165563	-178.40821192053	28.8919205298013	-35.8974834437086				0.239788079470199	0.0971655629139073	-1.31623841059603	-7.25960264900662	32.0776158940397	110.685298013245			
40	920	-0.136158940397351	-0.413245033112583	0.504476821192053	101.673377483444	-46.0646357615894	65.7350993377484				1.20095364238411	0.111788079470199	0.669139072847682	-117.726092715232	-1.93218543046358	-46.2259602649007				1.10982781456954	-0.0172715231788079	-0.48794701986755	-136.072582781457	-42.1335099337748	62.7997350993378				0.592529801324503	-0.768529801324503	-0.549721854304636	-88.2370860927152	41.0635761589404	92.0643708609272				0.964026490066225	-0.0445033112582781	-0.266066225165563	-152.92821192053	-0.508079470198675	-31.1374834437086				0.111788079470199	-0.0788344370860927	-0.820238410596026	-1.09960264900662	15.8376158940397	129.445298013245			
41	940	0.823841059602649	-1.11724503311258	-0.247523178807947	-31.8866225165563	-10.2246357615894	51.4550993377484				0	0	0	0	0	0				0.789827814569536	-0.0332715231788079	-0.95194701986755	-97.152582781457	-29.5335099337748	41.5197350993378				0	0	0	0	0	0				0	0	0	0	0	0				0	0	0	0	0	0			
42	1080	0	0	0	0	0	0				0	0	0	0	0	0				0	0	0	0	0	0				0	0	0	0	0	0				0.900026490066225	-0.0125033112582781	0.101933774834437	-105.88821192053	-8.34807947019868	-21.6174834437086				0.127788079470199	-0.0948344370860927	-0.884238410596026	-33.8596026490066	8.83761589403974	84.365298013245			
43	1100	0	0	0	0	0	0				0.816953642384106	-0.000211920529801304	-0.0988609271523179	-77.1260927152318	1.14781456953642	-11.5059602649007				0	0	0	0	0	0				0.496529801324503	-0.368529801324503	-0.629721854304636	-51.5570860927152	33.2235761589404	58.7443708609272				0.884026490066225	0.00349668874172187	0.197933774834437	-103.36821192053	-13.1080794701987	-22.4574834437086				0.127788079470199	-0.0628344370860927	-0.852238410596026	-35.8196026490066	5.75761589403974	81.845298013245			
44	1120	0.887841059602649	-0.189245033112583	-0.263523178807947	-49.2466225165563	13.5753642384106	19.8150993377483				1.02495364238411	0.0157880794701987	-0.0188609271523178	-79.9260927152318	17.3878145695364	-9.54596026490066				0.709827814569536	-0.177271523178808	-0.37594701986755	-137.472582781457	44.1064900662252	0.35973509933775				0.512529801324503	-0.368529801324503	-0.645721854304636	-47.3570860927152	28.4635761589404	58.4643708609272				0.900026490066225	0.0194966887417219	0.149933774834437	-79.5682119205298	-10.8680794701987	-19.9374834437086				0.159788079470199	-0.0148344370860927	-0.852238410596026	-38.6196026490066	6.31761589403974	76.525298013245			
45	1140	0.887841059602649	-0.237245033112583	-0.215523178807947	-52.3266225165563	23.0953642384106	22.8950993377483				1.00895364238411	-0.0642119205298013	0.109139072847682	-91.6860927152318	5.62781456953642	-11.2259602649007				0.885827814569536	-0.0492715231788079	-0.21594701986755	-147.272582781457	35.4264900662252	10.1597350993378				0.560529801324503	-0.384529801324503	-0.677721854304636	-44.2770860927152	24.2635761589404	58.1843708609272				0.948026490066225	0.00349668874172187	0.101933774834437	-64.4482119205298	-6.94807947019868	-18.5374834437086				0.191788079470199	0.00116556291390731	-0.916238410596027	-22.9396026490066	2.67761589403974	69.245298013245			
46	1160	0.935841059602649	-0.205245033112583	-0.215523178807947	-61.5666225165563	26.4553642384106	15.8950993377483				0.944953642384106	-0.0962119205298013	0.0931390728476822	-102.606092715232	1.42781456953642	-15.4259602649007				0.933827814569536	0.158728476821192	-0.15194701986755	-143.072582781457	44.9464900662252	24.1597350993378				0.528529801324503	-0.432529801324503	-0.709721854304636	-40.6370860927152	22.8635761589404	53.9843708609272				0.980026490066225	-0.0125033112582781	0.181933774834437	-61.6482119205298	-9.18807947019868	-17.4174834437086				0.207788079470199	-0.0148344370860927	-0.932238410596026	-19.0196026490066	4.35761589403974	63.645298013245			
47	1180	0.967841059602649	-0.125245033112583	-0.183523178807947	-65.7666225165563	25.8953642384106	3.85509933774834				0.960953642384106	-0.0962119205298013	0.0611390728476822	-110.726092715232	7.58781456953643	-15.9859602649007				0.997827814569536	0.110728476821192	-0.0399470198675496	-148.672582781457	60.0664900662252	34.2397350993378				0.496529801324503	-0.464529801324503	-0.725721854304636	-40.3570860927152	21.4635761589404	48.1043708609272				0.980026490066225	-0.0125033112582781	0.213933774834437	-58.0082119205298	-7.50807947019868	-15.1774834437086				0.191788079470199	-0.0628344370860927	-0.964238410596026	-24.8996026490066	8.27761589403974	57.765298013245			
48	1200	0.967841059602649	-0.109245033112583	-0.135523178807947	-73.3266225165563	21.6953642384106	-2.02490066225166				1.05695364238411	-0.0482119205298013	0.125139072847682	-115.206092715232	8.14781456953643	-13.4659602649007				0.965827814569536	0.0147284768211921	-0.0239470198675496	-131.872582781457	73.7864900662252	30.5997350993378				0.480529801324503	-0.448529801324503	-0.725721854304636	-45.6770860927152	17.2635761589404	44.1843708609272				0.948026490066225	-0.0285033112582781	0.149933774834437	-53.8082119205298	-10.8680794701987	-12.6574834437086				0.223788079470199	-0.0628344370860927	-0.980238410596026	-26.5796026490066	6.87761589403974	52.725298013245			
49	1220	0.935841059602649	-0.125245033112583	-0.119523178807947	-66.8866225165563	20.8553642384106	-4.54490066225166				1.02495364238411	-0.000211920529801304	0.173139072847682	-111.286092715232	-5.57218543046358	-7.30596026490066				0.981827814569536	0.0627284768211921	-0.15194701986755	-136.352582781457	79.9464900662252	31.7197350993378				0.496529801324503	-0.448529801324503	-0.693721854304636	-46.5170860927152	11.3835761589404	41.9443708609272				0.916026490066225	-0.0445033112582781	0.133933774834437	-69.7682119205298	-8.34807947019868	-12.6574834437086				0.223788079470199	-0.0628344370860927	-0.980238410596026	-23.7796026490066	0.997615894039735	47.405298013245			
50	1240	0.919841059602649	-0.189245033112583	-0.119523178807947	-59.6066225165563	18.8953642384106	-2.86490066225166				0.880953642384106	-0.000211920529801304	0.189139072847682	-112.126092715232	0.867814569536424	-8.42596026490066				0.965827814569536	0.0947284768211921	-0.0239470198675496	-146.712582781457	67.3464900662252	27.2397350993378				0.496529801324503	-0.416529801324503	-0.677721854304636	-47.6370860927152	6.9035761589404	40.2643708609272				0.916026490066225	0.00349668874172187	0.149933774834437	-76.4882119205298	-5.54807947019868	-13.7774834437086				0.207788079470199	-0.0628344370860927	-0.932238410596026	-18.1796026490066	-4.04238410596027	45.445298013245			
51	1260	0.951841059602649	-0.221245033112583	-0.135523178807947	-62.9666225165563	14.4153642384106	-4.26490066225166				0.816953642384106	0.0157880794701987	0.237139072847682	-111.006092715232	6.74781456953642	-14.3059602649007				0.917827814569536	0.334728476821192	-0.0719470198675496	-193.472582781457	68.4664900662252	15.1997350993378				0.464529801324503	-0.368529801324503	-0.677721854304636	-45.9570860927152	8.3035761589404	37.1843708609272				0.900026490066225	0.0514966887417219	0.197933774834437	-66.1282119205298	-6.10807947019868	-12.6574834437086				0.159788079470199	-0.0788344370860927	-0.868238410596026	-13.4196026490066	-7.68238410596027	45.165298013245			
52	1280	0.983841059602649	-0.173245033112583	-0.151523178807947	-79.2066225165563	7.9753642384106	-11.8249006622517				0.896953642384106	-0.0162119205298013	0.253139072847682	-102.326092715232	4.50781456953642	-17.9459602649007				0.741827814569536	0.430728476821192	0.32805298013245	-199.352582781457	79.1064900662252	9.31973509933775				0.512529801324503	-0.368529801324503	-0.565721854304636	-46.2370860927152	11.1035761589404	32.1443708609272				0.852026490066225	0.00349668874172187	0.149933774834437	-50.1682119205298	-9.18807947019868	-7.05748344370861				0.143788079470199	-0.0948344370860927	-0.820238410596026	-7.25960264900662	-8.52238410596027	45.445298013245			
53	1300	0.983841059602649	-0.0932450331125828	-0.215523178807947	-97.4066225165563	-6.0246357615894	-27.2249006622517				0.928953642384106	-0.000211920529801304	0.205139072847682	-94.7660927152318	-8.09218543046358	-16.5459602649007				0.949827814569536	0.718728476821192	0.13605298013245	-177.232582781457	90.5864900662252	0.63973509933775				0.512529801324503	-0.256529801324503	-0.517721854304636	-44.8370860927152	9.4235761589404	29.0643708609272				0.836026490066225	-0.0125033112582781	0.197933774834437	-61.0882119205298	-4.98807947019868	-7.33748344370861				0.127788079470199	-0.142834437086093	-0.772238410596026	-10.0596026490066	-0.962384105960265	47.965298013245			
54	1320	1.12784105960265	-0.0292450331125828	-0.279523178807947	-111.406622516556	-32.6246357615894	-38.4249006622517				0.928953642384106	0.0797880794701987	0.109139072847682	-99.2460927152318	1.70781456953642	-13.7459602649007				1.31782781456954	0.782728476821192	-0.39194701986755	-137.192582781457	80.2264900662252	-13.9202649006623				0.480529801324503	-0.224529801324503	-0.581721854304636	-38.1170860927152	11.9435761589404	27.3843708609272				0.820026490066225	0.0194966887417219	0.277933774834437	-54.9282119205298	-4.70807947019868	-5.37748344370861				0.159788079470199	-0.142834437086093	-0.756238410596026	-18.4596026490066	11.0776158940397	50.765298013245			
55	1340	1.22384105960265	0.146754966887417	-0.311523178807947	-118.966622516556	-64.8246357615894	-44.3049006622517				0.896953642384106	0.127788079470199	0.125139072847682	-97.2860927152318	22.4278145695364	-11.5059602649007				1.23782781456954	0.542728476821192	-0.69594701986755	-26.872582781457	56.9864900662252	-17.8402649006623				0.496529801324503	-0.224529801324503	-0.645721854304636	-32.7970860927152	21.1835761589404	24.5843708609272				0.852026490066225	0.0994966887417219	0.245933774834437	-50.7282119205298	4.25192052980133	-7.05748344370861				0.239788079470199	-0.142834437086093	-0.740238410596026	-19.5796026490066	18.9176158940397	56.365298013245			
56	1360	1.23984105960265	0.274754966887417	-0.359523178807947	-99.3666225165563	-91.9846357615894	-45.1449006622517				0.976953642384106	0.367788079470199	0.205139072847682	-76.5660927152318	36.4278145695364	-15.7059602649007				1.01382781456954	0.0787284768211921	-0.55194701986755	4.20741721854305	8.54649006622517	-11.6802649006622				0.592529801324503	-0.240529801324503	-0.725721854304636	-31.1170860927152	26.7835761589404	26.8243708609272				0.980026490066225	0.195496688741722	0.245933774834437	-45.4082119205298	5.65192052980133	-10.9774834437086				0.335788079470199	-0.126834437086093	-0.804238410596027	-26.0196026490066	20.3176158940397	64.205298013245			
57	1380	1.11184105960265	0.0347549668874172	-0.327523178807947	-101.046622516556	-111.584635761589	-23.0249006622517				1.24895364238411	0.463788079470199	0.205139072847682	-55.5660927152318	42.5878145695364	-10.9459602649007				2.02182781456954	-0.417271523178808	-1.06394701986755	-27.152582781457	3.78649006622517	31.4397350993378				0.704529801324503	-0.256529801324503	-0.933721854304636	-23.8370860927152	34.0635761589404	38.0243708609272				1.18802649006623	0.291496688741722	0.389933774834437	-56.0482119205298	6.77192052980133	-19.0974834437086				0.447788079470199	-0.0948344370860927	-0.980238410596026	-37.7796026490066	17.2376158940397	75.125298013245			
58	1400	0.999841059602649	-0.0452450331125828	-0.055523178807947	-109.446622516556	-86.6646357615894	-2.86490066225166				1.37695364238411	0.239788079470199	0.445139072847682	-63.6860927152318	60.2278145695364	-12.0659602649007				0.709827814569536	-0.145271523178808	-0.79194701986755	8.96741721854305	-60.8935099337748	20.5197350993378				0.736529801324503	-0.496529801324503	-1.09372185430464	-11.7970860927152	50.0235761589404	46.4243708609272				1.26802649006623	0.243496688741722	0.325933774834437	-42.6082119205298	-3.86807947019868	-21.3374834437086				0.591788079470199	0.0651655629139073	-1.10823841059603	-52.0596026490066	22.8376158940397	89.405298013245			
59	1420	0.775841059602649	-0.0612450331125828	0.040476821192053	-108.326622516556	-55.0246357615894	6.09509933774834				1.07295364238411	-0.000211920529801304	0.461139072847682	-86.3660927152318	17.9478145695364	-21.3059602649007				0.549827814569536	0.286728476821192	0.18405298013245	-153.712582781457	-27.2935099337748	8.47973509933775				0.688529801324503	-0.560529801324503	-0.949721854304636	-35.3170860927152	47.5035761589404	46.7043708609272				1.10802649006623	0.0354966887417219	0.0539337748344371	-51.8482119205298	-25.1480794701987	-18.5374834437086				0.639788079470199	0.161165562913907	-1.04423841059603	-40.2996026490066	16.9576158940397	101.725298013245			
60	1440	0.487841059602649	-0.221245033112583	-0.119523178807947	-113.926622516556	-16.3846357615894	17.0150993377483				1.05695364238411	0.0797880794701987	0.0451390728476822	-95.6060927152318	-34.9721854304636	-19.0659602649007				0.821827814569536	0.750728476821192	0.18405298013245	-157.632582781457	-15.8135099337748	10.1597350993378				0.496529801324503	-0.368529801324503	-0.805721854304636	-72.2770860927152	14.1835761589404	47.2643708609272				0.884026490066225	0.131496688741722	0.261933774834437	-77.8882119205298	-21.2280794701987	-21.8974834437086				0.543788079470199	0.161165562913907	-0.964238410596026	-36.0996026490066	12.1976158940397	95.565298013245			
61	1460	0.583841059602649	-0.237245033112583	-0.135523178807947	-138.566622516556	30.0953642384106	19.5350993377483				1.13695364238411	0.111788079470199	-0.0988609271523179	-114.366092715232	-46.4521854304636	-17.3859602649007				1.02982781456954	0.878728476821192	-0.00794701986754963	-40.872582781457	-2.93350993377483	10.7197350993378				0.304529801324503	-0.176529801324503	-0.757721854304636	-77.5970860927152	7.1835761589404	48.9443708609272				0.980026490066225	0.131496688741722	0.325933774834437	-92.4482119205298	-17.3080794701987	-19.9374834437086				0.415788079470199	0.161165562913907	-0.868238410596026	-40.0196026490066	23.6776158940397	83.805298013245			
62	1480	0.775841059602649	0.00275496688741723	0.104476821192053	-113.646622516556	66.2153642384106	18.6950993377483				0.992953642384106	0.191788079470199	-0.00286092715231785	-94.4860927152318	-19.5721854304636	-20.1859602649007				1.01382781456954	0.382728476821192	-0.0879470198675496	-3.63258278145695	-0.413509933774833	8.19973509933775				0.272529801324503	-0.112529801324503	-0.693721854304636	-58.2770860927152	28.1835761589404	47.8243708609272				1.06002649006623	0.163496688741722	0.165933774834437	-103.36821192053	-22.3480794701987	-18.5374834437086				0.303788079470199	0.241165562913907	-0.868238410596026	-30.7796026490066	25.0776158940397	78.205298013245			
63	1500	0.983841059602649	0.370754966887417	0.328476821192053	-76.6866225165563	81.0553642384106	19.8150993377483				0.928953642384106	0.239788079470199	0.381139072847682	-46.3260927152318	-10.8921854304636	-28.8659602649007				0.901827814569536	-0.161271523178808	-0.21594701986755	-26.312582781457	0.986490066225167	17.9997350993378				0.272529801324503	-0.112529801324503	-0.677721854304636	-40.0770860927152	47.5035761589404	53.7043708609272				0.996026490066225	0.211496688741722	0.0699337748344371	-99.4482119205298	-23.7480794701987	-14.0574834437086				0.239788079470199	0.225165562913907	-0.900238410596026	-21.8196026490066	24.2376158940397	78.205298013245			
64	1520	1.03184105960265	0.514754966887417	0.360476821192053	-60.1666225165563	77.4153642384106	28.4950993377483				0.880953642384106	0.351788079470199	0.237139072847682	-34.5660927152318	-52.3321854304636	-26.3459602649007				0.949827814569536	-0.113271523178808	-0.16794701986755	-82.312582781457	14.1464900662252	18.5597350993378				0.352529801324503	-0.192529801324503	-0.709721854304636	-21.5970860927152	60.1035761589404	66.0243708609272				0.916026490066225	0.227496688741722	0.00593377483443711	-98.6082119205298	-26.8280794701987	-11.2574834437086				0.255788079470199	0.0971655629139073	-0.932238410596026	-17.3396026490066	26.4776158940397	77.085298013245			
65	1540	0.775841059602649	0.418754966887417	0.296476821192053	-104.686622516556	48.5753642384106	32.6950993377484				0.816953642384106	0.271788079470199	0.0131390728476822	-41.5660927152318	-61.2921854304636	-12.9059602649007				0.997827814569536	0.0467284768211921	-0.0559470198675496	-111.992582781457	11.0664900662252	24.1597350993378				0.416529801324503	-0.288529801324503	-0.741721854304636	-16.2770860927152	62.0635761589404	75.5443708609272				0.868026490066225	0.227496688741722	0.00593377483443711	-105.04821192053	-26.2680794701987	-11.5374834437086				0.223788079470199	0.0331655629139073	-0.948238410596026	-38.6196026490066	27.0376158940397	81.845298013245			
66	1560	0.647841059602649	0.242754966887417	0.216476821192053	-38.6066225165563	83.0153642384106	24.8550993377483				0.864953642384106	0.127788079470199	-0.114860927152318	-51.6460927152318	-52.0521854304636	-0.585960264900661				0.949827814569536	0.222728476821192	0.0400529801324504	-70.832582781457	10.2264900662252	17.1597350993378				0.432529801324503	-0.336529801324503	-0.789721854304636	-18.2370860927152	53.9435761589404	80.5843708609272				0.852026490066225	0.227496688741722	-0.0580662251655629	-96.9282119205298	-34.9480794701987	-5.65748344370861				0.143788079470199	0.209165562913907	-0.980238410596026	-51.4996026490066	12.1976158940397	87.445298013245			
67	1580	0.759841059602649	0.130754966887417	0.248476821192053	-21.8066225165563	100.095364238411	5.81509933774834				0.880953642384106	0.0957880794701987	-0.0988609271523179	-54.1660927152318	-38.8921854304636	1.37403973509934				0.917827814569536	0.382728476821192	-0.00794701986754963	-15.112582781457	5.74649006622517	13.5197350993378				0.464529801324503	-0.320529801324503	-0.853721854304636	-24.9570860927152	44.9835761589404	86.4643708609272				0.852026490066225	0.227496688741722	-0.0100662251655629	-91.8882119205298	-27.6680794701987	-2.57748344370861				0.0957880794701987	0.305165562913907	-0.980238410596026	-34.6996026490066	-8.80238410596027	84.925298013245			
68	1600	0.999841059602649	0.194754966887417	0.248476821192053	-6.96662251655629	105.975364238411	1.33509933774834				0.864953642384106	0.191788079470199	0.0451390728476822	-57.2460927152318	-20.9721854304636	3.05403973509934				0.917827814569536	0.286728476821192	-0.19994701986755	-8.39258278145695	0.706490066225167	17.1597350993378				0.576529801324503	-0.320529801324503	-0.853721854304636	-33.6370860927152	36.8635761589404	90.3843708609272				0.884026490066225	0.227496688741722	-0.0100662251655629	-85.4482119205298	-21.7880794701987	-0.617483443708608				0.0957880794701987	0.273165562913907	-0.980238410596026	-29.9396026490066	-10.7623841059603	79.885298013245			
69	1620	1.03184105960265	0.226754966887417	0.104476821192053	12.9133774834437	102.615364238411	9.45509933774835				0.944953642384106	0.303788079470199	0.125139072847682	-55.8460927152318	-11.4521854304636	2.49403973509934				0.917827814569536	0.238728476821192	-0.21594701986755	-20.992582781457	1.26649006622517	18.8397350993378				0.672529801324503	-0.304529801324503	-0.789721854304636	-41.1970860927152	25.1035761589404	85.6243708609272				0.932026490066225	0.243496688741722	-0.0580662251655629	-76.4882119205298	-18.9880794701987	0.782516556291392				0.143788079470199	0.177165562913907	-0.948238410596026	-20.1396026490066	-13.5623841059603	77.645298013245			
70	1640	1.17584105960265	0.274754966887417	-0.071523178807947	29.1533774834437	98.9753642384106	13.6550993377483				0.960953642384106	0.271788079470199	0.0771390728476822	-48.8460927152318	-26.0121854304636	5.57403973509934				0.933827814569536	0.334728476821192	-0.21594701986755	-21.552582781457	-0.973509933774833	16.8797350993378				0.640529801324503	-0.240529801324503	-0.757721854304636	-46.2370860927152	16.4235761589404	73.3043708609272				1.04402649006623	0.211496688741722	0.0379337748344371	-70.3282119205298	-11.7080794701987	1.34251655629139				0.143788079470199	0.113165562913907	-0.916238410596027	-17.6196026490066	-14.1223841059603	76.805298013245			
71	1660	2.02384105960265	0.434754966887417	-0.471523178807947	-10.3266225165563	77.4153642384106	4.13509933774834				1.16895364238411	0.0637880794701987	0.0291390728476822	-54.1660927152318	2.82781456953642	3.89403973509934				0.981827814569536	0.446728476821192	-0.0879470198675496	-18.752582781457	-6.85350993377483	13.7997350993378				0.592529801324503	-0.224529801324503	-0.773721854304636	-37.2770860927152	20.3435761589404	62.9443708609272				1.20402649006623	0.0674966887417219	0.261933774834437	-49.6082119205298	-1.06807947019868	1.06251655629139				0.0317880794701987	-0.0148344370860927	-1.02823841059603	-25.1796026490066	-0.962384105960265	68.125298013245			
72	1680	1.01584105960265	-0.221245033112583	-0.887523178807947	16.2733774834437	-41.5846357615894	34.0950993377484				1.36095364238411	-0.000211920529801304	0.317139072847682	-89.1660927152318	24.3878145695364	-9.54596026490066				1.01382781456954	0.302728476821192	0.0400529801324504	-20.712582781457	-16.0935099337748	7.35973509933775				0.624529801324503	-0.496529801324503	-0.789721854304636	-10.3970860927152	37.9835761589404	50.0643708609272				1.10802649006623	0.0994966887417219	-0.154066225165563	-29.7282119205298	-18.4280794701987	3.86251655629139				0.0797880794701987	0.129165562913907	-1.18823841059603	-27.9796026490066	25.0776158940397	51.605298013245			
73	1700	0.327841059602649	-0.525245033112583	-0.119523178807947	70.0333774834437	37.9353642384106	70.2150993377483				0.816953642384106	0.0957880794701987	0.381139072847682	-45.2060927152318	-14.5321854304636	-3.38596026490066				0.917827814569536	0.0467284768211921	0.0240529801324504	-28.272582781457	-9.93350993377483	10.9997350993378				0.592529801324503	-0.560529801324503	-0.613721854304636	-21.0370860927152	32.3835761589404	39.4243708609272				0.772026490066225	0.0674966887417219	-0.202066225165563	-47.6482119205298	3.97192052980133	5.54251655629139				0.0957880794701987	0.145165562913907	-0.996238410596026	-2.49960264900662	22.5576158940397	58.885298013245			
74	1720	0.583841059602649	-0.253245033112583	0.120476821192053	26.6333774834437	61.4553642384106	29.8950993377483				0.784953642384106	0.0957880794701987	-0.146860927152318	2.11390728476821	-21.8121854304636	-5.06596026490066				0.933827814569536	-0.113271523178808	0.0400529801324504	-21.272582781457	-0.413509933774833	17.4397350993378				0.560529801324503	-0.288529801324503	-0.517721854304636	-40.3570860927152	8.8635761589404	45.0243708609272				0.740026490066225	-0.0445033112582781	0.181933774834437	-26.9282119205298	14.8919205298013	10.3025165562914				0.127788079470199	-0.0948344370860927	-0.900238410596026	-8.93960264900662	5.19761589403974	60.845298013245			
75	1740	1.06384105960265	-0.0292450331125828	0.408476821192053	-48.6866225165563	69.2953642384106	8.33509933774834				0.848953642384106	0.0317880794701987	-0.290860927152318	-21.6860927152318	-6.13218543046358	-7.58596026490066				0.981827814569536	-0.209271523178808	-0.0239470198675496	-24.072582781457	-1.81350993377483	21.9197350993378				0.528529801324503	-0.208529801324503	-0.581721854304636	-29.9970860927152	6.9035761589404	54.8243708609272				0.900026490066225	-0.0765033112582781	0.213933774834437	-26.9282119205298	-6.10807947019868	8.90251655629139				0.223788079470199	-0.190834437086093	-0.836238410596026	-0.539602649006623	-12.7223841059603	52.725298013245			
76	1760	1.15984105960265	0.00275496688741723	-0.151523178807947	-65.4866225165563	22.5353642384106	-5.94490066225166				0.992953642384106	0.0317880794701987	-0.0348609271523178	-52.4860927152318	19.0678145695364	-1.42596026490066				1.01382781456954	-0.225271523178808	-0.11994701986755	-41.152582781457	-5.73350993377484	21.6397350993378				0.512529801324503	-0.400529801324503	-0.629721854304636	-3.67708609271523	16.9835761589404	53.7043708609272				0.964026490066225	-0.0285033112582781	0.0539337748344371	-27.2082119205298	-8.62807947019868	4.42251655629139				0.223788079470199	-0.126834437086093	-0.788238410596027	-0.259602649006623	-15.5223841059603	47.125298013245			
77	1780	0.967841059602649	0.0667549668874172	-0.135523178807947	-40.8466225165563	21.9753642384106	-3.70490066225166				1.02495364238411	-0.0802119205298013	0.0771390728476822	-48.0060927152318	9.54781456953642	3.89403973509934				0.997827814569536	-0.0652715231788079	-0.11994701986755	-51.512582781457	-3.21350993377483	18.5597350993378				0.480529801324503	-0.512529801324503	-0.677721854304636	-4.23708609271523	21.4635761589404	41.9443708609272				0.980026490066225	-0.0445033112582781	0.0699337748344371	-25.2482119205298	0.0519205298013249	0.222516556291392				0.239788079470199	-0.0308344370860927	-0.820238410596026	-6.13960264900662	-2.36238410596027	47.965298013245			
78	1800	0.999841059602649	0.00275496688741723	-0.055523178807947	-19.0066225165563	27.0153642384106	2.73509933774834				0.992953642384106	-0.0322119205298013	0.141139072847682	-41.0060927152318	5.06781456953642	5.29403973509934				0.997827814569536	0.0627284768211921	-0.0559470198675496	-42.832582781457	-2.65350993377483	14.9197350993378				0.496529801324503	-0.480529801324503	-0.693721854304636	-17.6770860927152	23.7035761589404	29.3443708609272				0.964026490066225	-0.0765033112582781	0.0539337748344371	-27.7682119205298	-0.508079470198675	0.782516556291392				0.223788079470199	-0.0628344370860927	-0.852238410596026	-5.01960264900662	6.31761589403974	43.485298013245			
79	1820	1.01584105960265	-0.221245033112583	0.00847682119205304	-11.7266225165563	14.9753642384106	1.05509933774834				0.992953642384106	-0.0162119205298013	0.125139072847682	-35.4060927152318	4.50781456953642	3.61403973509934				0.949827814569536	0.126728476821192	-0.0399470198675496	-32.192582781457	-2.09350993377483	12.9597350993378				0.496529801324503	-0.352529801324503	-0.677721854304636	-20.7570860927152	22.5835761589404	26.2643708609272				0.964026490066225	-0.0605033112582781	0.0699337748344371	-28.0482119205298	-1.06807947019868	1.62251655629139				0.271788079470199	-0.0628344370860927	-0.900238410596026	-9.21960264900662	13.3176158940397	34.245298013245			
80	1840	1.01584105960265	-0.253245033112583	0.088476821192053	-26.0066225165563	2.6553642384106	-0.904900662251656				0.976953642384106	0.0157880794701987	0.0771390728476822	-34.5660927152318	0.587814569536424	0.81403973509934				0.885827814569536	0.158728476821192	-0.0719470198675496	-34.712582781457	-0.973509933774833	13.5197350993378				0.592529801324503	-0.352529801324503	-0.677721854304636	-11.5170860927152	16.4235761589404	27.9443708609272				0.948026490066225	-0.0125033112582781	0.117933774834437	-29.7282119205298	-5.54807947019868	1.06251655629139				0.303788079470199	-0.0628344370860927	-0.948238410596026	-0.819602649006623	7.71761589403974	27.805298013245			
81	1860	0.983841059602649	-0.109245033112583	0.120476821192053	-29.3666225165563	-7.4246357615894	-2.86490066225166				0.976953642384106	0.0477880794701987	0.0611390728476822	-30.0860927152318	-0.812185430463576	-1.14596026490066				0.933827814569536	0.142728476821192	-0.11994701986755	-39.192582781457	5.18649006622517	13.5197350993378				0.656529801324503	-0.416529801324503	-0.709721854304636	-8.43708609271523	6.3435761589404	25.9843708609272				0.964026490066225	0.0194966887417219	0.101933774834437	-27.2082119205298	-8.62807947019868	1.90251655629139				0.319788079470199	-0.0628344370860927	-0.948238410596026	-3.89960264900662	7.15761589403974	23.605298013245			
82	1880	0.983841059602649	0.0507549668874172	0.024476821192053	-24.0466225165563	-12.7446357615894	-5.10490066225166				0.992953642384106	0.0797880794701987	0.0771390728476822	-25.3260927152318	-2.21218543046358	-0.86596026490066				0.981827814569536	0.0787284768211921	-0.13594701986755	-32.752582781457	8.82649006622517	9.87973509933775				0.640529801324503	-0.416529801324503	-0.677721854304636	-12.3570860927152	1.8635761589404	19.2643708609272				0.964026490066225	0.0194966887417219	0.133933774834437	-28.0482119205298	-7.22807947019868	2.18251655629139				0.287788079470199	-0.0468344370860927	-0.932238410596026	-5.29960264900662	2.95761589403974	21.365298013245			
83	1900	0.967841059602649	0.0507549668874172	-0.039523178807947	-4.44662251655629	-10.5046357615894	-7.62490066225166				1.02495364238411	0.0317880794701987	0.0931390728476822	-21.1260927152318	-0.252185430463576	-1.42596026490066				0.997827814569536	0.0307284768211921	-0.11994701986755	-17.632582781457	9.10649006622517	7.07973509933775				0.560529801324503	-0.416529801324503	-0.677721854304636	-11.2370860927152	2.4235761589404	13.1043708609272				0.964026490066225	0.0194966887417219	0.117933774834437	-23.0082119205298	-6.38807947019868	1.90251655629139				0.207788079470199	-0.0308344370860927	-0.916238410596027	2.82039735099338	-6.28238410596027	18.285298013245			
84	1920	0.967841059602649	-0.0452450331125828	0.072476821192053	8.15337748344371	-2.3846357615894	-6.50490066225166				0.992953642384106	0.0157880794701987	0.109139072847682	-20.5660927152318	0.0278145695364242	-0.86596026490066				0.965827814569536	-0.0332715231788079	-0.11994701986755	-10.352582781457	6.58649006622517	8.19973509933775				0.528529801324503	-0.400529801324503	-0.693721854304636	-13.1970860927152	3.8235761589404	13.1043708609272				0.932026490066225	0.00349668874172187	0.0859337748344371	-14.8882119205298	-6.38807947019868	2.74251655629139				0.207788079470199	-0.0468344370860927	-0.916238410596027	5.06039735099338	-7.68238410596027	14.925298013245			
85	1940	0.967841059602649	-0.0772450331125828	0.232476821192053	-1.64662251655629	8.5353642384106	-2.02490066225166				0.976953642384106	0.0317880794701987	0.0611390728476822	-20.0060927152318	-5.85218543046358	0.81403973509934				0.965827814569536	-0.0492715231788079	-0.11994701986755	-16.792582781457	6.30649006622517	10.7197350993378				0.560529801324503	-0.432529801324503	-0.677721854304636	-14.5970860927152	-0.0964238410596001	15.6243708609272				0.964026490066225	0.00349668874172187	0.0699337748344371	-14.6082119205298	-2.74807947019868	2.74251655629139				0.239788079470199	-0.0948344370860927	-0.932238410596026	1.98039735099338	-7.68238410596027	11.845298013245			
86	1960	0.967841059602649	-0.0772450331125828	0.328476821192053	-20.6866225165563	6.2953642384106	0.495099337748344				0	0	0	0	0	0				0	0	0	0	0	0				0.592529801324503	-0.448529801324503	-0.693721854304636	-11.5170860927152	-4.2964238410596	20.3843708609272				0.996026490066225	-0.0285033112582781	0.0379337748344371	-11.2482119205298	-7.78807947019868	3.58251655629139				0.271788079470199	-0.126834437086093	-0.948238410596026	-0.539602649006623	-9.36238410596027	12.685298013245			
87	2120	0.967841059602649	-0.0132450331125828	0.168476821192053	-5.56662251655629	2.3753642384106	2.73509933774834				0.992953642384106	0.0637880794701987	0.0771390728476822	3.23390728476821	-3.89218543046358	-1.98596026490066				0.981827814569536	0.0467284768211921	-0.0239470198675496	-3.35258278145695	0.426490066225167	3.71973509933775				0	0	0	0	0	0				0.964026490066225	0.00349668874172187	0.0699337748344371	-1.4482119205298	-3.58807947019868	-0.337483443708608				0	0	0	0	0	0			
88	2140	0.967841059602649	-0.0612450331125828	0.136476821192053	-2.76662251655629	2.0953642384106	3.29509933774834				0.976953642384106	0.0637880794701987	0.0931390728476822	0.433907284768212	-4.73218543046358	-1.70596026490066				0.981827814569536	0.0627284768211921	-0.00794701986754963	-3.91258278145695	1.82649006622517	4.27973509933775				0.528529801324503	-0.448529801324503	-0.709721854304636	1.64291390728477	3.2635761589404	3.30437086092715				0.964026490066225	0.00349668874172187	0.0859337748344371	0.791788079470198	-3.30807947019868	-0.897483443708608				0.239788079470199	-0.110834437086093	-0.916238410596027	-2.21960264900662	-2.08238410596027	0.925298013245032			
89	2160	0.967841059602649	-0.0612450331125828	0.184476821192053	1.15337748344371	3.7753642384106	4.13509933774834				0.976953642384106	0.0637880794701987	0.0931390728476822	1.55390728476821	-3.05218543046358	-2.26596026490066				0.981827814569536	0.0467284768211921	-0.00794701986754963	-2.79258278145695	4.34649006622517	4.27973509933775				0.528529801324503	-0.448529801324503	-0.725721854304636	2.20291390728477	3.2635761589404	3.02437086092715				0.964026490066225	0.00349668874172187	0.0699337748344371	0.231788079470198	-3.02807947019868	-1.45748344370861				0.255788079470199	-0.0948344370860927	-0.900238410596026	-2.49960264900662	-2.92238410596027	1.20529801324503			
90	2180	0.951841059602649	-0.0452450331125828	0.184476821192053	3.95337748344371	5.4553642384106	4.13509933774834				0.992953642384106	0.0477880794701987	0.0771390728476822	3.79390728476821	-1.93218543046358	-1.70596026490066				0.997827814569536	0.0147284768211921	-0.00794701986754963	2.80741721854305	2.66649006622517	3.43973509933775				0.528529801324503	-0.448529801324503	-0.725721854304636	0.242913907284768	1.8635761589404	2.46437086092715				0.964026490066225	-0.0125033112582781	0.0859337748344371	0.511788079470198	-2.18807947019868	-2.57748344370861				0.255788079470199	-0.0948344370860927	-0.900238410596026	-4.45960264900662	-1.52238410596026	1.20529801324503			
91	2200	0.967841059602649	-0.0292450331125828	0.200476821192053	2.27337748344371	6.0153642384106	2.45509933774835				0.992953642384106	0.0317880794701987	0.0771390728476822	5.19390728476821	-2.49218543046358	-1.14596026490066				0.997827814569536	0.0147284768211921	-0.00794701986754963	0.567417218543046	2.10649006622517	3.99973509933775				0.528529801324503	-0.432529801324503	-0.725721854304636	-0.877086092715232	1.3035761589404	2.46437086092715				0.964026490066225	-0.0125033112582781	0.0859337748344371	-0.328211920529802	-2.74807947019868	-3.69748344370861				0.271788079470199	-0.0948344370860927	-0.916238410596027	-4.73960264900662	-1.80238410596026	0.925298013245032			
92	2220	0.967841059602649	-0.0452450331125828	0.200476821192053	-0.246622516556291	5.7353642384106	1.05509933774834				0.976953642384106	0.0317880794701987	0.0931390728476822	3.23390728476821	-2.21218543046358	-0.86596026490066				0.997827814569536	-0.00127152317880793	-0.0239470198675496	-2.23258278145695	1.26649006622517	3.43973509933775				0.512529801324503	-0.400529801324503	-0.725721854304636	-1.15708609271523	1.5835761589404	1.62437086092715				0.980026490066225	-0.0125033112582781	0.0859337748344371	1.0717880794702	-3.58807947019868	-3.13748344370861				0.271788079470199	-0.110834437086093	-0.900238410596026	-2.21960264900662	-1.52238410596026	0.365298013245032			
93	2240	0.983841059602649	-0.0612450331125828	0.168476821192053	-1.64662251655629	2.3753642384106	1.05509933774834				0.976953642384106	0.0317880794701987	0.109139072847682	3.23390728476821	-0.812185430463576	-1.14596026490066				0.997827814569536	0.0147284768211921	-0.0239470198675496	-0.552582781456954	2.94649006622517	2.59973509933775				0.512529801324503	-0.400529801324503	-0.709721854304636	-3.67708609271523	-0.6564238410596	0.224370860927152				0.948026490066225	0.00349668874172187	0.0859337748344371	1.6317880794702	-3.86807947019868	-3.41748344370861				0.271788079470199	-0.0788344370860927	-0.900238410596026	-3.33960264900662	-0.962384105960265	1.20529801324503			
94	2260	0.983841059602649	-0.0612450331125828	0.152476821192053	-2.76662251655629	1.2553642384106	1.05509933774834				0.976953642384106	0.0317880794701987	0.109139072847682	2.39390728476821	0.0278145695364242	-0.585960264900661				0.981827814569536	0.0147284768211921	-0.00794701986754963	-1.39258278145695	2.38649006622517	2.03973509933775				0.512529801324503	-0.384529801324503	-0.709721854304636	-4.23708609271523	-2.6164238410596	0.224370860927152				0.948026490066225	0.00349668874172187	0.0859337748344371	-0.608211920529802	-3.58807947019868	-3.69748344370861				0.271788079470199	-0.0788344370860927	-0.916238410596027	-3.05960264900662	-0.122384105960265	1.48529801324503			
95	2280	0.967841059602649	-0.0612450331125828	0.168476821192053	-1.92662251655629	1.5353642384106	1.05509933774834				0.992953642384106	0.0317880794701987	0.125139072847682	0.433907284768212	1.14781456953642	-1.42596026490066				0.981827814569536	0.0147284768211921	0.00805298013245037	-1.67258278145695	1.82649006622517	3.15973509933775				0.496529801324503	-0.384529801324503	-0.693721854304636	-4.51708609271523	-3.1764238410596	-2.57562913907285				0.948026490066225	0.00349668874172187	0.133933774834437	-1.4482119205298	0.891920529801325	-2.57748344370861				0.271788079470199	-0.0628344370860927	-0.900238410596026	-1.65960264900662	0.157615894039735	0.365298013245032			
96	2300	0.967841059602649	-0.0612450331125828	0.184476821192053	-1.92662251655629	0.975364238410596	1.61509933774834				0.992953642384106	0.0477880794701987	0.109139072847682	-0.686092715231788	1.14781456953642	-1.98596026490066				0.981827814569536	0.0307284768211921	0.00805298013245037	-1.11258278145695	2.66649006622517	1.19973509933775				0.512529801324503	-0.400529801324503	-0.693721854304636	-4.51708609271523	-2.8964238410596	-2.85562913907285				0.948026490066225	0.00349668874172187	0.0699337748344371	-0.0482119205298018	0.0519205298013249	-2.85748344370861				0.287788079470199	-0.0628344370860927	-0.900238410596026	0.300397350993377	-0.962384105960265	-0.194701986754968			
97	2320	0.951841059602649	-0.0452450331125828	0.200476821192053	-2.20662251655629	0.975364238410596	0.775099337748344				0.992953642384106	0.0477880794701987	0.0931390728476822	-1.24609271523179	0.587814569536424	-1.42596026490066				0.997827814569536	0.0147284768211921	0.0240529801324504	-1.39258278145695	4.06649006622517	0.91973509933775				0.496529801324503	-0.416529801324503	-0.709721854304636	-4.23708609271523	-1.4964238410596	-2.85562913907285				0.964026490066225	0.00349668874172187	0.101933774834437	-8.1682119205298	1.45192052980132	-3.69748344370861				0.287788079470199	-0.0628344370860927	-0.884238410596026	0.0203973509933773	-0.682384105960265	-1.31470198675497			
98	2340	0.967841059602649	-0.0452450331125828	0.184476821192053	-3.60662251655629	0.975364238410596	-0.624900662251656				0.992953642384106	0.0477880794701987	0.0771390728476822	-2.08609271523179	0.307814569536424	-0.86596026490066				0.981827814569536	0.0147284768211921	0.00805298013245037	-3.63258278145695	3.50649006622517	0.91973509933775				0.496529801324503	-0.400529801324503	-0.693721854304636	-3.95708609271523	1.3035761589404	-3.41562913907285				0.964026490066225	0.0194966887417219	0.101933774834437	-7.8882119205298	2.57192052980133	-3.41748344370861				0.287788079470199	-0.0788344370860927	-0.868238410596026	-1.37960264900662	0.717615894039735	-1.87470198675497			
99	2360	0.983841059602649	-0.0612450331125828	0.184476821192053	-4.16662251655629	0.415364238410596	-0.904900662251656				0.992953642384106	0.0637880794701987	0.125139072847682	-4.04609271523179	1.70781456953642	-0.30596026490066				0.997827814569536	0.0147284768211921	0.00805298013245037	-6.71258278145695	3.22649006622517	1.47973509933775				0.496529801324503	-0.400529801324503	-0.725721854304636	-2.83708609271523	3.8235761589404	-2.01562913907285				0.964026490066225	0.00349668874172187	0.0859337748344371	-6.2082119205298	3.13192052980133	-3.69748344370861				0.271788079470199	-0.0628344370860927	-0.900238410596026	0.860397350993377	-0.122384105960265	-2.15470198675497			
100	2380	0.983841059602649	-0.0612450331125828	0.200476821192053	-5.28662251655629	0.415364238410596	-0.624900662251656				0.992953642384106	0.0637880794701987	0.141139072847682	-5.16609271523179	0.307814569536424	-0.86596026490066				0.981827814569536	0.0147284768211921	-0.00794701986754963	-4.75258278145695	2.66649006622517	0.0797350993377501				0.528529801324503	-0.400529801324503	-0.725721854304636	-2.83708609271523	4.6635761589404	-0.0556291390728476				0.980026490066225	0.0194966887417219	0.0859337748344371	-3.6882119205298	2.85192052980133	-2.29748344370861				0.287788079470199	-0.0788344370860927	-0.916238410596027	-0.539602649006623	1.27761589403974	-2.15470198675497			
101	2400	0.951841059602649	-0.0292450331125828	0.216476821192053	-5.56662251655629	0.695364238410596	-1.18490066225166				0.992953642384106	0.0637880794701987	0.109139072847682	-5.44609271523179	-1.09218543046358	-0.585960264900661				0.997827814569536	0.0147284768211921	0.00805298013245037	-4.19258278145695	2.66649006622517	0.35973509933775				0.544529801324503	-0.400529801324503	-0.709721854304636	-4.79708609271523	2.1435761589404	0.784370860927152				0.980026490066225	0.0194966887417219	0.0859337748344371	-5.9282119205298	2.85192052980133	-1.73748344370861				0.287788079470199	-0.0788344370860927	-0.932238410596026	-1.93960264900662	0.997615894039735	-0.754701986754968			
102	2420	0.951841059602649	-0.0452450331125828	0.232476821192053	-4.16662251655629	2.0953642384106	-1.74490066225166				0.992953642384106	0.0637880794701987	0.0931390728476822	-6.84609271523179	-0.532185430463576	-0.30596026490066				0.981827814569536	0.0147284768211921	0.00805298013245037	-6.99258278145695	1.54649006622517	0.35973509933775				0.544529801324503	-0.400529801324503	-0.725721854304636	-3.67708609271523	1.3035761589404	1.90437086092715				0.980026490066225	0.0194966887417219	0.0859337748344371	-7.0482119205298	2.01192052980133	-2.57748344370861				0.287788079470199	-0.0788344370860927	-0.916238410596027	-0.259602649006623	-1.24238410596026	0.925298013245032			
103	2440	0.967841059602649	-0.0452450331125828	0.216476821192053	-5.56662251655629	2.9353642384106	-2.58490066225166				0.992953642384106	0.0477880794701987	0.0931390728476822	-7.12609271523179	0.307814569536424	0.53403973509934				0.981827814569536	0.0307284768211921	-0.00794701986754963	-6.99258278145695	0.426490066225167	0.35973509933775				0.528529801324503	-0.384529801324503	-0.725721854304636	-4.51708609271523	-0.3764238410596	1.62437086092715				0.980026490066225	0.0194966887417219	0.0859337748344371	-4.8082119205298	0.891920529801325	-1.73748344370861				0.287788079470199	-0.0628344370860927	-0.916238410596027	-1.37960264900662	-0.402384105960265	1.20529801324503			
104	2460	0.967841059602649	-0.0452450331125828	0.200476821192053	-8.36662251655629	1.8153642384106	-2.86490066225166				0.992953642384106	0.0477880794701987	0.109139072847682	-6.84609271523179	0.0278145695364242	-0.0259602649006601				0.997827814569536	0.0307284768211921	-0.0239470198675496	-5.87258278145695	1.54649006622517	-0.20026490066225				0.512529801324503	-0.368529801324503	-0.725721854304636	-5.07708609271523	-0.6564238410596	0.504370860927152				0.964026490066225	0.0194966887417219	0.0859337748344371	-5.6482119205298	1.17192052980133	-1.45748344370861				0.271788079470199	-0.0628344370860927	-0.900238410596026	1.70039735099338	-1.80238410596026	0.925298013245032			
105	2480	0.967841059602649	-0.0452450331125828	0.184476821192053	-5.84662251655629	2.3753642384106	-2.58490066225166				0.992953642384106	0.0637880794701987	0.109139072847682	-7.12609271523179	0.867814569536424	-0.0259602649006601				0.981827814569536	0.0307284768211921	-0.00794701986754963	-5.03258278145695	0.706490066225167	-1.32026490066225				0.512529801324503	-0.368529801324503	-0.709721854304636	-5.91708609271523	-0.6564238410596	0.784370860927152				0.964026490066225	0.0354966887417219	0.0859337748344371	-4.8082119205298	1.17192052980133	-1.73748344370861				0.271788079470199	-0.0628344370860927	-0.900238410596026	-1.09960264900662	-0.682384105960265	0.925298013245032			
106	2500	0.983841059602649	-0.0292450331125828	0.216476821192053	-3.32662251655629	3.4953642384106	-2.30490066225166				0.976953642384106	0.0797880794701987	0.0931390728476822	-7.68609271523179	0.867814569536424	0.25403973509934				0.981827814569536	0.0307284768211921	-0.00794701986754963	-4.47258278145695	2.66649006622517	-1.04026490066225				0.512529801324503	-0.368529801324503	-0.709721854304636	-5.07708609271523	-0.3764238410596	1.62437086092715				0.964026490066225	0.0354966887417219	0.0699337748344371	-6.2082119205298	1.73192052980133	-0.617483443708608				0.271788079470199	-0.0468344370860927	-0.916238410596027	-1.37960264900662	0.997615894039735	1.20529801324503			
107	2520	0.967841059602649	-0.0292450331125828	0.232476821192053	-3.04662251655629	3.2153642384106	-2.02490066225166				0.992953642384106	0.0957880794701987	0.0931390728476822	-5.16609271523179	1.98781456953642	0.53403973509934				0.981827814569536	0.0307284768211921	-0.00794701986754963	-4.75258278145695	3.50649006622517	-0.20026490066225				0.528529801324503	-0.352529801324503	-0.693721854304636	-2.83708609271523	-0.6564238410596	1.62437086092715				0.964026490066225	0.0354966887417219	0.0859337748344371	-7.8882119205298	3.41192052980132	-0.897483443708608				0.271788079470199	-0.0628344370860927	-0.916238410596027	0.300397350993377	1.27761589403974	0.645298013245032			
108	2540	0.967841059602649	-0.0292450331125828	0.232476821192053	-3.32662251655629	2.9353642384106	-2.30490066225166				0.992953642384106	0.0797880794701987	0.109139072847682	-3.48609271523179	1.42781456953642	1.09403973509934				0.981827814569536	0.0307284768211921	-0.0399470198675496	-3.07258278145695	1.82649006622517	0.0797350993377501				0.528529801324503	-0.352529801324503	-0.693721854304636	-2.27708609271523	0.7435761589404	0.784370860927152				0.980026490066225	0.0354966887417219	0.101933774834437	-6.7682119205298	1.45192052980132	-0.0574834437086077				0.271788079470199	-0.0468344370860927	-0.916238410596027	-0.259602649006623	1.55761589403974	1.20529801324503			
109	2560	0.983841059602649	-0.0132450331125828	0.216476821192053	-1.92662251655629	2.9353642384106	-2.02490066225166				0.976953642384106	0.0637880794701987	0.109139072847682	-2.36609271523179	1.70781456953642	1.37403973509934				0.997827814569536	0.0467284768211921	-0.0239470198675496	-1.39258278145695	0.706490066225167	-1.04026490066225				0.528529801324503	-0.336529801324503	-0.677721854304636	-0.0370860927152318	2.4235761589404	1.06437086092715				0.948026490066225	0.0354966887417219	0.101933774834437	-4.2482119205298	2.57192052980133	0.502516556291392				0.239788079470199	-0.0468344370860927	-0.884238410596026	1.70039735099338	0.437615894039735	1.48529801324503			
110	2580	0.967841059602649	-0.0292450331125828	0.184476821192053	-1.36662251655629	1.2553642384106	-2.86490066225166				0.976953642384106	0.0637880794701987	0.109139072847682	-1.80609271523179	3.38781456953642	1.37403973509934				0.981827814569536	0.0467284768211921	-0.0239470198675496	0.847417218543046	0.706490066225167	-1.60026490066225				0.528529801324503	-0.336529801324503	-0.693721854304636	0.802913907284768	4.9435761589404	-0.0556291390728476				0.948026490066225	0.0514966887417219	0.0859337748344371	-2.0082119205298	2.57192052980133	1.90251655629139				0.239788079470199	-0.0468344370860927	-0.884238410596026	1.70039735099338	2.39761589403974	0.365298013245032			
111	2600	0.967841059602649	-0.0452450331125828	0.168476821192053	0.873377483443709	0.975364238410596	-1.46490066225166				0.976953642384106	0.0637880794701987	0.109139072847682	0.153907284768212	3.38781456953642	1.65403973509934				0.981827814569536	0.0467284768211921	-0.0239470198675496	0.00741721854304636	1.26649006622517	-1.88026490066225				0.544529801324503	-0.352529801324503	-0.693721854304636	2.20291390728477	4.3835761589404	-0.335629139072848				0.964026490066225	0.0354966887417219	0.0859337748344371	2.7517880794702	3.13192052980133	1.90251655629139				0.255788079470199	-0.0468344370860927	-0.900238410596026	0.580397350993377	5.47761589403974	-0.194701986754968			
112	2620	0.951841059602649	-0.0292450331125828	0.216476821192053	2.55337748344371	1.8153642384106	-1.46490066225166				0.992953642384106	0.0797880794701987	0.109139072847682	-0.126092715231788	1.70781456953642	1.65403973509934				0.981827814569536	0.0307284768211921	-0.00794701986754963	1.12741721854305	1.26649006622517	-1.60026490066225				0.544529801324503	-0.368529801324503	-0.709721854304636	3.60291390728477	3.2635761589404	-0.335629139072848				0.948026490066225	0.0354966887417219	0.101933774834437	0.791788079470198	3.13192052980133	2.46251655629139				0.271788079470199	-0.0468344370860927	-0.900238410596026	0.0203973509933773	6.31761589403974	-0.474701986754968			
113	2640	0.967841059602649	-0.0292450331125828	0.216476821192053	1.15337748344371	1.2553642384106	-2.02490066225166				0.992953642384106	0.0797880794701987	0.109139072847682	-0.126092715231788	0.867814569536424	1.09403973509934				0.981827814569536	0.0307284768211921	-0.00794701986754963	2.80741721854305	-0.413509933774833	-2.16026490066225				0.560529801324503	-0.368529801324503	-0.709721854304636	1.36291390728477	2.1435761589404	-1.17562913907285				0.964026490066225	0.0354966887417219	0.101933774834437	-0.0482119205298018	3.41192052980132	1.90251655629139				0.303788079470199	-0.0628344370860927	-0.916238410596027	2.82039735099338	2.67761589403974	-2.15470198675497			
114	2660	0.967841059602649	-0.0292450331125828	0.200476821192053	0.313377483443709	1.5353642384106	-2.02490066225166				0.976953642384106	0.0957880794701987	0.0931390728476822	0.713907284768212	0.587814569536424	1.37403973509934				0.981827814569536	0.0307284768211921	-0.00794701986754963	1.40741721854305	1.82649006622517	-1.32026490066225				0.544529801324503	-0.400529801324503	-0.725721854304636	3.04291390728477	1.0235761589404	-1.17562913907285				0.980026490066225	0.0194966887417219	0.0859337748344371	2.7517880794702	2.85192052980133	1.06251655629139				0.287788079470199	-0.0628344370860927	-0.932238410596026	2.82039735099338	1.27761589403974	-1.87470198675497			
115	2680	0.983841059602649	-0.0132450331125828	0.184476821192053	1.99337748344371	0.975364238410596	-2.02490066225166				0.992953642384106	0.0797880794701987	0.109139072847682	2.67390728476821	1.42781456953642	1.93403973509934				0.997827814569536	0.0467284768211921	-0.00794701986754963	1.96741721854305	1.54649006622517	-1.60026490066225				0.544529801324503	-0.384529801324503	-0.725721854304636	3.04291390728477	1.0235761589404	-1.45562913907285				0.980026490066225	0.0354966887417219	0.101933774834437	1.9117880794702	2.29192052980133	1.62251655629139				0.287788079470199	-0.0628344370860927	-0.916238410596027	5.62039735099338	-1.24238410596026	-2.43470198675497			
116	2700	0.967841059602649	-0.0132450331125828	0.184476821192053	2.55337748344371	0.415364238410596	-2.02490066225166				0.992953642384106	0.0797880794701987	0.109139072847682	3.79390728476821	1.70781456953642	2.49403973509934				0.997827814569536	0.0467284768211921	0.00805298013245037	3.64741721854305	1.54649006622517	-0.76026490066225				0.544529801324503	-0.384529801324503	-0.725721854304636	1.36291390728477	0.4635761589404	-2.01562913907285				0.980026490066225	0.0194966887417219	0.101933774834437	3.3117880794702	2.01192052980133	2.18251655629139				0.287788079470199	-0.0788344370860927	-0.900238410596026	3.66039735099338	-0.962384105960265	-2.43470198675497			
117	2720	0.967841059602649	-0.0132450331125828	0.184476821192053	3.11337748344371	0.135364238410596	-2.30490066225166				0.992953642384106	0.0637880794701987	0.125139072847682	3.51390728476821	1.42781456953642	1.65403973509934				0.981827814569536	0.0467284768211921	0.00805298013245037	5.04741721854305	3.78649006622517	-0.76026490066225				0.528529801324503	-0.368529801324503	-0.709721854304636	1.92291390728477	0.7435761589404	-1.17562913907285				0.964026490066225	0.0194966887417219	0.101933774834437	3.3117880794702	1.17192052980133	1.62251655629139				0.271788079470199	-0.0788344370860927	-0.900238410596026	4.22039735099338	-0.402384105960265	-1.87470198675497			
118	2740	0.951841059602649	-0.0452450331125828	0.200476821192053	2.83337748344371	1.2553642384106	-1.46490066225166				0.976953642384106	0.0797880794701987	0.109139072847682	2.67390728476821	0.587814569536424	1.65403973509934				0.965827814569536	0.0307284768211921	0.00805298013245037	3.64741721854305	4.06649006622517	-0.20026490066225				0.528529801324503	-0.368529801324503	-0.709721854304636	2.20291390728477	-0.6564238410596	-0.895629139072848				0.964026490066225	0.0354966887417219	0.101933774834437	2.4717880794702	0.331920529801325	1.90251655629139				0.271788079470199	-0.0468344370860927	-0.884238410596026	4.78039735099338	-1.80238410596026	-2.15470198675497			
119	2760	0.951841059602649	-0.0452450331125828	0.200476821192053	2.55337748344371	0.975364238410596	-1.74490066225166				0.960953642384106	0.0637880794701987	0.125139072847682	3.23390728476821	1.42781456953642	1.93403973509934				0.981827814569536	0.0307284768211921	-0.00794701986754963	2.24741721854305	4.06649006622517	-0.20026490066225				0.544529801324503	-0.352529801324503	-0.709721854304636	1.08291390728477	-2.0564238410596	-0.615629139072848				0.964026490066225	0.0194966887417219	0.117933774834437	2.7517880794702	1.17192052980133	1.62251655629139				0.287788079470199	-0.0788344370860927	-0.884238410596026	1.98039735099338	-0.402384105960265	-2.43470198675497			
120	2780	0.967841059602649	-0.0292450331125828	0.200476821192053	2.27337748344371	1.2553642384106	-1.74490066225166				0.992953642384106	0.0637880794701987	0.109139072847682	2.67390728476821	1.98781456953642	1.93403973509934				0.997827814569536	0.0307284768211921	-0.00794701986754963	2.52741721854305	3.78649006622517	0.0797350993377501				0.544529801324503	-0.368529801324503	-0.709721854304636	1.92291390728477	-1.4964238410596	-1.73562913907285				0.964026490066225	0.0354966887417219	0.117933774834437	4.1517880794702	0.331920529801325	1.62251655629139				0.287788079470199	-0.0628344370860927	-0.884238410596026	1.42039735099338	0.157615894039735	-1.87470198675497			
121	2800	0.983841059602649	-0.0292450331125828	0.168476821192053	2.27337748344371	0.695364238410596	-2.58490066225166				0.992953642384106	0.0637880794701987	0.125139072847682	2.11390728476821	1.42781456953642	1.93403973509934				0.997827814569536	0.0467284768211921	-0.00794701986754963	1.68741721854305	2.38649006622517	-0.48026490066225				0.528529801324503	-0.368529801324503	-0.709721854304636	2.20291390728477	-0.3764238410596	-2.29562913907285				0.964026490066225	0.0194966887417219	0.117933774834437	2.7517880794702	0.0519205298013249	1.90251655629139				0.287788079470199	-0.0628344370860927	-0.884238410596026	2.26039735099338	0.157615894039735	-1.31470198675497			
