No	Time	12-AccX	12-AccY	12-AccZ	12-GyroX	12-GyroY	12-GyroZ	13-AccX	13-AccY	13-AccZ	13-GyroX	13-GyroY	13-GyroZ	14-AccX	14-AccY	14-AccZ	14-GyroX	14-GyroY	14-GyroZ	15-AccX	15-AccY	15-AccZ	15-GyroX	15-GyroY	15-GyroZ	16-AccX	16-AccY	16-AccZ	16-GyroX	16-GyroY	16-GyroZ	17-AccX	17-AccY	17-AccZ	17-GyroX	17-GyroY	17-GyroZ
0	140	0	0	0	0	0	0				0	0	0	0	0	0				0	0	0	0	0	0				0.560529801324503	-0.368529801324503	-0.709721854304636	-0.597086092715232	6.9035761589404	15.9043708609272				0.964026490066225	0.147496688741722	0.197933774834437	-10.6882119205298	-10.5880794701987	2.74251655629139				0.447788079470199	0.0171655629139073	-0.964238410596026	-5.57960264900662	9.11761589403974	17.445298013245			
1	160	0	0	0	0	0	0				0	0	0	0	0	0				0	0	0	0	0	0				0.560529801324503	-0.384529801324503	-0.725721854304636	0.242913907284768	7.1835761589404	15.3443708609272				0.932026490066225	0.195496688741722	0.245933774834437	-8.4482119205298	-9.18807947019868	3.30251655629139				0.431788079470199	0.0171655629139073	-0.980238410596026	0.860397350993377	3.51761589403974	18.565298013245			
2	180	0.983841059602649	0.0187549668874172	0.00847682119205304	-28.2466225165563	12.4553642384106	7.49509933774834				0.992953642384106	0.159788079470199	0.221139072847682	-3.20609271523179	12.0678145695364	4.73403973509934				0.949827814569536	0.222728476821192	-0.13594701986755	-10.912582781457	2.66649006622517	7.91973509933775				0.576529801324503	-0.400529801324503	-0.709721854304636	-4.23708609271523	5.2235761589404	17.0243708609272				0.964026490066225	0.195496688741722	0.245933774834437	-14.6082119205298	-9.18807947019868	3.86251655629139				0.431788079470199	0.0171655629139073	-0.948238410596026	1.98039735099338	2.11761589403974	23.045298013245			
3	200	0.999841059602649	0.0187549668874172	-0.00752317880794696	-30.2066225165563	12.4553642384106	9.45509933774835				0.976953642384106	0.159788079470199	0.237139072847682	-1.80609271523179	3.94781456953642	5.29403973509934				0.949827814569536	0.206728476821192	-0.10394701986755	-4.47258278145695	4.06649006622517	7.63973509933775				0.592529801324503	-0.352529801324503	-0.661721854304636	-10.6770860927152	3.5435761589404	19.8243708609272				0.948026490066225	0.227496688741722	0.229933774834437	-13.4882119205298	-6.10807947019868	6.10251655629139				0.415788079470199	0.0331655629139073	-0.916238410596027	1.98039735099338	3.23761589403974	28.645298013245			
4	220	0.999841059602649	0.0507549668874172	-0.00752317880794696	-28.5266225165563	9.6553642384106	10.0150993377483				0.992953642384106	0.143788079470199	0.237139072847682	0.153907284768212	4.78781456953642	7.81403973509934				0.965827814569536	0.158728476821192	-0.0879470198675496	-0.832582781456954	6.86649006622517	8.47973509933775				0.576529801324503	-0.304529801324503	-0.645721854304636	-7.03708609271523	6.0635761589404	23.7443708609272				0.932026490066225	0.243496688741722	0.277933774834437	-12.6482119205298	-4.42807947019868	8.34251655629139				0.415788079470199	0.0491655629139073	-0.884238410596026	5.62039735099338	-0.122384105960265	31.445298013245			
5	240	0.999841059602649	0.114754966887417	-0.023523178807947	-15.9266225165563	9.3753642384106	8.05509933774835				0.976953642384106	0.127788079470199	0.221139072847682	2.11390728476821	0.587814569536424	11.1740397350993				0.981827814569536	0.110728476821192	-0.0719470198675496	-4.75258278145695	9.94649006622517	8.47973509933775				0.576529801324503	-0.288529801324503	-0.613721854304636	-0.597086092715232	8.8635761589404	27.9443708609272				0.900026490066225	0.243496688741722	0.293933774834437	-8.4482119205298	-4.42807947019868	10.8625165562914				0.431788079470199	0.0491655629139073	-0.852238410596026	10.3803973509934	-5.16238410596027	31.725298013245			
6	260	0.967841059602649	0.146754966887417	-0.00752317880794696	-6.96662251655629	9.6553642384106	6.09509933774834				0.928953642384106	0.0797880794701987	0.237139072847682	-0.406092715231788	-2.77218543046358	12.5740397350993				0.965827814569536	0.0947284768211921	-0.0719470198675496	-8.95258278145695	7.14649006622517	7.35973509933775				0.544529801324503	-0.320529801324503	-0.645721854304636	6.96291390728477	13.0635761589404	31.0243708609272				0.916026490066225	0.179496688741722	0.277933774834437	-8.4482119205298	-2.74807947019868	11.7025165562914				0.415788079470199	0.0171655629139073	-0.868238410596026	14.0203973509934	-4.88238410596027	29.765298013245			
7	280	0.951841059602649	0.0987549668874172	0.00847682119205304	0.313377483443709	-0.424635761589404	6.09509933774834				0.928953642384106	0.0637880794701987	0.189139072847682	-6.00609271523179	-5.57218543046358	12.8540397350993				0.965827814569536	0.0947284768211921	-0.0399470198675496	-5.31258278145695	7.98649006622517	8.19973509933775				0.512529801324503	-0.336529801324503	-0.661721854304636	10.6029139072848	16.9835761589404	32.4243708609272				0.948026490066225	0.131496688741722	0.245933774834437	-13.2082119205298	-3.86807947019868	11.7025165562914				0.399788079470199	0.0171655629139073	-0.852238410596026	15.1403973509934	-0.962384105960265	30.325298013245			
8	300	0.887841059602649	0.0667549668874172	0.00847682119205304	-3.60662251655629	0.135364238410596	5.53509933774834				0.992953642384106	0.0957880794701987	0.157139072847682	-10.2060927152318	0.867814569536424	12.5740397350993				0.981827814569536	0.0947284768211921	-0.0559470198675496	-5.31258278145695	9.10649006622517	8.19973509933775				0.480529801324503	-0.368529801324503	-0.645721854304636	10.6029139072848	17.8235761589404	32.9843708609272				0.932026490066225	0.131496688741722	0.261933774834437	-12.6482119205298	-8.62807947019868	14.5025165562914				0.383788079470199	-0.0308344370860927	-0.836238410596026	14.3003973509934	3.51761589403974	30.045298013245			
9	320	0.887841059602649	0.0187549668874172	0.056476821192053	7.87337748344371	12.1753642384106	4.41509933774834				1.00895364238411	0.127788079470199	0.221139072847682	-13.8460927152318	4.50781456953642	13.1340397350993				0.981827814569536	0.0787284768211921	-0.0559470198675496	-7.27258278145696	10.7864900662252	9.87973509933775				0.496529801324503	-0.368529801324503	-0.629721854304636	11.1629139072848	17.5435761589404	35.7843708609272				0.900026490066225	0.131496688741722	0.245933774834437	-16.5682119205298	-4.98807947019868	16.1825165562914				0.399788079470199	-0.0628344370860927	-0.820238410596026	12.3403973509934	4.63761589403974	29.765298013245			
10	340	0.919841059602649	0.00275496688741723	0.056476821192053	15.9933774834437	13.5753642384106	3.29509933774834				0.976953642384106	0.111788079470199	0.221139072847682	-14.9660927152318	0.867814569536424	13.4140397350993				0.981827814569536	0.110728476821192	-0.10394701986755	-10.912582781457	11.9064900662252	11.5597350993378				0.544529801324503	-0.400529801324503	-0.661721854304636	11.4429139072848	16.9835761589404	39.9843708609272				0.900026490066225	0.147496688741722	0.261933774834437	-18.8082119205298	-4.70807947019868	16.7425165562914				0.415788079470199	-0.0628344370860927	-0.820238410596026	9.54039735099338	4.35761589403974	29.205298013245			
11	360	0.967841059602649	-0.0292450331125828	0.024476821192053	21.0333774834437	13.2953642384106	6.93509933774835				0.944953642384106	0.0797880794701987	0.269139072847682	-13.8460927152318	-0.532185430463576	13.1340397350993				0.965827814569536	0.174728476821192	-0.13594701986755	-7.83258278145695	7.98649006622517	12.1197350993378				0.560529801324503	-0.464529801324503	-0.645721854304636	7.52291390728477	13.3435761589404	43.9043708609272				0.884026490066225	0.147496688741722	0.245933774834437	-19.9282119205298	-8.62807947019868	17.8625165562914				0.415788079470199	-0.0628344370860927	-0.852238410596026	5.34039735099338	4.35761589403974	31.165298013245			
12	380	0.919841059602649	-0.0612450331125828	-0.023523178807947	11.2333774834437	8.8153642384106	12.8150993377483				0.944953642384106	0.0797880794701987	0.237139072847682	-12.4460927152318	-8.65218543046358	13.1340397350993				0.965827814569536	0.0947284768211921	-0.15194701986755	-5.59258278145695	-0.973509933774833	12.6797350993378				0.560529801324503	-0.512529801324503	-0.629721854304636	3.32291390728477	12.5035761589404	44.7443708609272				0.900026490066225	0.115496688741722	0.213933774834437	-19.6482119205298	-7.50807947019868	17.3025165562914				0.415788079470199	-0.0628344370860927	-0.836238410596026	7.58039735099338	2.11761589403974	33.685298013245			
13	400	0.983841059602649	-0.109245033112583	0.104476821192053	-1.08662251655629	14.9753642384106	20.6550993377483				0.976953642384106	0.0477880794701987	0.189139072847682	-13.8460927152318	-12.0121854304636	12.2940397350993				0.981827814569536	0.142728476821192	-0.0879470198675496	-12.592582781457	-3.77350993377483	9.59973509933775				0.544529801324503	-0.496529801324503	-0.613721854304636	-0.317086092715232	11.3835761589404	41.6643708609272				0.932026490066225	0.0834966887417219	0.245933774834437	-18.5282119205298	-3.58807947019868	17.0225165562914				0.383788079470199	-0.0788344370860927	-0.836238410596026	6.46039735099338	0.717615894039735	33.405298013245			
14	420	0.983841059602649	-0.125245033112583	0.088476821192053	-21.8066225165563	20.8553642384106	26.5350993377483				1.02495364238411	0.0157880794701987	0.253139072847682	-15.5260927152318	-6.13218543046358	11.1740397350993				0.965827814569536	0.174728476821192	-0.0559470198675496	-19.312582781457	-5.45350993377483	8.47973509933775				0.576529801324503	-0.464529801324503	-0.597721854304636	-2.55708609271523	11.3835761589404	38.0243708609272				0.964026490066225	0.0514966887417219	0.245933774834437	-19.6482119205298	-3.30807947019868	17.0225165562914				0.399788079470199	-0.0948344370860927	-0.884238410596026	8.70039735099338	-2.08238410596027	29.765298013245			
15	440	1.17584105960265	-0.205245033112583	0.024476821192053	-16.4866225165563	31.4953642384106	26.2550993377483				1.05695364238411	-0.000211920529801304	0.269139072847682	-18.0460927152318	-16.2121854304636	9.77403973509934				0.997827814569536	0.206728476821192	-0.0399470198675496	-22.392582781457	-5.17350993377483	7.35973509933775				0.576529801324503	-0.480529801324503	-0.629721854304636	-0.877086092715232	8.3035761589404	36.3443708609272				0.964026490066225	0.0354966887417219	0.277933774834437	-19.9282119205298	-0.508079470198675	16.1825165562914				0.399788079470199	-0.126834437086093	-0.900238410596026	9.54039735099338	-0.682384105960265	25.845298013245			
16	460	1.11184105960265	-0.253245033112583	-0.215523178807947	-31.3266225165563	18.8953642384106	32.9750993377484				1.04095364238411	0.0157880794701987	0.237139072847682	-18.6060927152318	-22.3721854304636	8.93403973509934				1.01382781456954	0.142728476821192	-0.0559470198675496	-25.472582781457	-11.3335099337748	9.87973509933775				0.528529801324503	-0.528529801324503	-0.629721854304636	2.48291390728477	11.3835761589404	36.0643708609272				0.964026490066225	0.0194966887417219	0.277933774834437	-20.7682119205298	-1.62807947019868	16.7425165562914				0.383788079470199	-0.126834437086093	-0.948238410596026	4.50039735099338	6.03761589403974	23.885298013245			
17	480	0.951841059602649	-0.125245033112583	0.040476821192053	-33.5666225165563	35.9753642384106	37.1750993377484				0.944953642384106	-0.0642119205298013	0.221139072847682	-18.0460927152318	-24.8921854304636	8.65403973509934				1.01382781456954	0.0147284768211921	-0.10394701986755	-32.752582781457	-22.8135099337748	14.6397350993378				0.496529801324503	-0.592529801324503	-0.549721854304636	6.68291390728477	14.4635761589404	30.4643708609272				0.964026490066225	-0.0285033112582781	0.165933774834437	-18.8082119205298	2.57192052980133	17.5825165562914				0.351788079470199	-0.158834437086093	-0.932238410596026	7.86039735099338	9.39761589403974	24.445298013245			
18	500	0.951841059602649	0.210754966887417	0.136476821192053	-47.8466225165563	38.7753642384106	13.6550993377483				0.896953642384106	-0.128211920529801	0.141139072847682	-17.2060927152318	-23.2121854304636	8.65403973509934				0.997827814569536	-0.0812715231788079	-0.13594701986755	-32.472582781457	-32.6135099337748	14.6397350993378				0.496529801324503	-0.608529801324503	-0.501721854304636	8.08291390728477	13.0635761589404	24.5843708609272				0.900026490066225	-0.124503311258278	0.149933774834437	-16.2882119205298	4.25192052980133	17.0225165562914				0.319788079470199	-0.190834437086093	-0.852238410596026	12.0603973509934	5.47761589403974	21.645298013245			
19	520	0.967841059602649	0.274754966887417	0.152476821192053	-33.8466225165563	28.9753642384106	1.89509933774834				0.880953642384106	-0.128211920529801	0.0931390728476822	-26.1660927152318	-11.7321854304636	5.01403973509934				0.997827814569536	-0.0812715231788079	-0.0719470198675496	-24.632582781457	-42.9735099337748	9.31973509933775				0.464529801324503	-0.592529801324503	-0.469721854304636	5.56291390728477	3.8235761589404	23.1843708609272				0.852026490066225	-0.204503311258278	0.261933774834437	-17.1282119205298	1.17192052980133	18.1425165562914				0.239788079470199	-0.270834437086093	-0.804238410596027	20.7403973509934	-3.76238410596027	16.045298013245			
20	540	1.04784105960265	0.0507549668874172	0.056476821192053	-9.76662251655629	15.8153642384106	1.89509933774834				0.944953642384106	-0.0162119205298013	0.0451390728476822	-27.5660927152318	1.70781456953642	2.49403973509934				0.933827814569536	-0.0812715231788079	-0.15194701986755	-1.39258278145695	-53.6135099337748	-4.12026490066225				0.448529801324503	-0.592529801324503	-0.437721854304636	2.48291390728477	-1.4964238410596	22.9043708609272				0.868026490066225	-0.204503311258278	0.325933774834437	-20.4882119205298	-5.54807947019868	18.7025165562914				0.191788079470199	-0.334834437086093	-0.836238410596026	21.8603973509934	-6.56238410596027	8.48529801324503			
21	560	0.999841059602649	-0.237245033112583	0.024476821192053	7.03337748344371	14.4153642384106	10.0150993377483				1.13695364238411	0.0477880794701987	0.0771390728476822	-18.8860927152318	8.14781456953643	3.05403973509934				0.901827814569536	-0.0652715231788079	0.00805298013245037	24.3674172185431	-21.6935099337748	-4.12026490066225				0.496529801324503	-0.624529801324503	-0.421721854304636	11.4429139072848	0.7435761589404	19.5443708609272				0.996026490066225	-0.140503311258278	0.309933774834437	-30.0082119205298	5.09192052980133	14.5025165562914				0.175788079470199	-0.366834437086093	-0.884238410596026	17.9403973509934	-1.52238410596026	5.68529801324503			
22	580	0.999841059602649	-0.365245033112583	0.072476821192053	8.43337748344371	19.7353642384106	10.8550993377483				1.15295364238411	0.0317880794701987	0.157139072847682	-7.40609271523179	7.02781456953642	1.93403973509934				0.885827814569536	0.0947284768211921	0.23205298013245	0.567417218543046	14.7064900662252	2.31973509933775				0.624529801324503	-0.688529801324503	-0.517721854304636	26.0029139072848	12.7835761589404	12.5443708609272				1.09202649006623	-0.0605033112582781	0.245933774834437	-21.8882119205298	7.33192052980133	10.5825165562914				0.207788079470199	-0.334834437086093	-0.900238410596026	10.6603973509934	2.11761589403974	5.96529801324503			
23	600	0.983841059602649	-0.317245033112583	0.088476821192053	-8.08662251655629	26.4553642384106	5.53509933774834				1.05695364238411	0.0157880794701987	0.141139072847682	2.95390728476821	-4.45218543046358	1.37403973509934				0.981827814569536	0.0307284768211921	0.0720529801324504	-25.752582781457	37.3864900662252	9.59973509933775				0.752529801324503	-0.832529801324503	-0.629721854304636	39.4429139072848	23.1435761589404	10.5843708609272				1.10802649006623	-0.0445033112582781	0.213933774834437	-3.9682119205298	1.73192052980133	9.46251655629139				0.239788079470199	-0.302834437086093	-0.916238410596027	4.50039735099338	3.51761589403974	7.36529801324503			
24	620	0.951841059602649	-0.157245033112583	0.056476821192053	-11.4466225165563	22.5353642384106	-0.904900662251656				0.992953642384106	0.0157880794701987	0.0771390728476822	5.75390728476821	2.54781456953642	6.13403973509934				1.09382781456954	-0.0492715231788079	-0.0719470198675496	-9.23258278145695	41.0264900662252	14.9197350993378				0.768529801324503	-0.912529801324503	-0.661721854304636	30.2029139072848	17.5435761589404	5.26437086092715				1.01202649006623	-0.0445033112582781	0.245933774834437	10.3117880794702	-0.228079470198675	8.34251655629139				0.287788079470199	-0.238834437086093	-0.916238410596027	-0.819602649006623	3.79761589403974	9.04529801324503			
25	640	0.967841059602649	-0.0292450331125828	0.024476821192053	3.39337748344371	16.3753642384106	-2.86490066225166				0.944953642384106	-0.0162119205298013	0.237139072847682	12.1939072847682	15.7078145695364	8.37403973509934				1.04582781456954	-0.0972715231788079	-0.13594701986755	-0.552582781456954	40.4664900662252	17.4397350993378				0.672529801324503	-0.816529801324503	-0.693721854304636	7.52291390728477	4.1035761589404	-4.53562913907285				0.964026490066225	-0.0765033112582781	0.261933774834437	17.0317880794702	-3.30807947019868	4.70251655629139				0.335788079470199	-0.190834437086093	-0.852238410596026	1.98039735099338	-2.36238410596027	7.92529801324503			
26	660	0.999841059602649	0.00275496688741723	-0.039523178807947	13.4733774834437	6.5753642384106	-3.14490066225166				0.944953642384106	-0.000211920529801304	0.205139072847682	12.4739072847682	7.86781456953642	9.49403973509934				0.917827814569536	-0.129271523178808	-0.19994701986755	5.04741721854305	39.3464900662252	14.9197350993378				0.528529801324503	-0.640529801324503	-0.661721854304636	-7.31708609271523	-5.6964238410596	-11.5356291390728				0.884026490066225	-0.0925033112582781	0.229933774834437	18.1517880794702	-3.86807947019868	1.90251655629139				0.351788079470199	-0.174834437086093	-0.852238410596026	3.10039735099338	-4.60238410596027	4.84529801324503			
27	680	1.01584105960265	-0.0612450331125828	-0.071523178807947	13.1933774834437	-5.1846357615894	-6.22490066225166				0.912953642384106	-0.0162119205298013	0.157139072847682	9.67390728476821	10.1078145695364	8.65403973509934				0.901827814569536	0.0307284768211921	-0.13594701986755	0.00741721854304636	42.9864900662252	6.51973509933775				0.464529801324503	-0.528529801324503	-0.533721854304636	-19.6370860927152	-17.4564238410596	-17.6956291390729				0.836026490066225	-0.0445033112582781	0.245933774834437	21.7917880794702	0.331920529801325	-0.337483443708608				0.335788079470199	-0.190834437086093	-0.772238410596026	2.82039735099338	-7.68238410596027	-1.03470198675497			
28	700	1.01584105960265	-0.0932450331125828	-0.119523178807947	-2.20662251655629	-15.8246357615894	-9.86490066225166				0.928953642384106	0.0317880794701987	0.221139072847682	9.67390728476821	10.6678145695364	7.25403973509934				0.997827814569536	0.238728476821192	-0.00794701986754963	-6.15258278145695	42.1464900662252	2.87973509933775				0.464529801324503	-0.448529801324503	-0.453721854304636	-19.6370860927152	-22.4964238410596	-19.9356291390729				0.868026490066225	-0.0285033112582781	0.261933774834437	12.2717880794702	3.41192052980132	-2.29748344370861				0.351788079470199	-0.206834437086093	-0.756238410596026	-1.65960264900662	-10.2023841059603	-6.91470198675497			
29	720	1.01584105960265	-0.0452450331125828	-0.231523178807947	-15.0866225165563	-29.5446357615894	-17.1449006622517				0.928953642384106	0.0317880794701987	0.237139072847682	11.6339072847682	5.06781456953642	7.81403973509934				1.02982781456954	0.254728476821192	-0.23194701986755	15.407417218543	30.9464900662252	5.67973509933775				0.448529801324503	-0.432529801324503	-0.453721854304636	-10.9570860927152	-17.1764238410596	-15.4556291390728				0.868026490066225	0.0194966887417219	0.277933774834437	5.8317880794702	0.891920529801325	-2.57748344370861				0.351788079470199	-0.206834437086093	-0.756238410596026	-6.13960264900662	-10.4823841059603	-9.71470198675497			
30	740	1.03184105960265	0.0187549668874172	-0.343523178807947	-22.6466225165563	-50.8246357615894	-23.8649006622517				0.880953642384106	0.111788079470199	0.253139072847682	12.4739072847682	5.90781456953642	6.41403973509934				0.965827814569536	0.158728476821192	-0.24794701986755	26.3274172185431	14.7064900662252	6.51973509933775				0.448529801324503	-0.432529801324503	-0.453721854304636	-0.597086092715232	-7.3764238410596	-11.2556291390728				0.836026490066225	0.0674966887417219	0.245933774834437	6.1117880794702	0.0519205298013249	-2.29748344370861				0.367788079470199	-0.142834437086093	-0.772238410596026	-6.97960264900662	-7.96238410596027	-9.71470198675497			
31	760	0.999841059602649	0.0987549668874172	-0.343523178807947	-15.3666225165563	-67.3446357615894	-25.2649006622517				0.880953642384106	0.127788079470199	0.269139072847682	13.3139072847682	5.06781456953642	3.89403973509934				0.981827814569536	0.110728476821192	-0.23194701986755	17.087417218543	1.82649006622517	11.2797350993378				0.496529801324503	-0.432529801324503	-0.549721854304636	1.64291390728477	-1.7764238410596	-7.61562913907285				0.820026490066225	0.0834966887417219	0.245933774834437	10.5917880794702	0.0519205298013249	-2.57748344370861				0.383788079470199	-0.0948344370860927	-0.740238410596026	-1.65960264900662	-9.92238410596027	-9.43470198675497			
32	780	0.983841059602649	0.162754966887417	-0.199523178807947	0.313377483443709	-69.8646357615894	-23.3049006622517				0.976953642384106	0.143788079470199	0.221139072847682	6.59390728476821	1.98781456953642	2.77403973509934				0.997827814569536	0.0467284768211921	-0.13594701986755	-10.632582781457	-12.7335099337748	11.5597350993378				0.576529801324503	-0.480529801324503	-0.629721854304636	1.08291390728477	0.7435761589404	-2.85562913907285				0.836026490066225	0.131496688741722	0.293933774834437	9.7517880794702	1.17192052980133	-5.09748344370861				0.431788079470199	-0.126834437086093	-0.724238410596026	-2.49960264900662	-14.1223841059603	-8.03470198675497			
33	800	1.01584105960265	0.0987549668874172	-0.167523178807947	-5.28662251655629	-63.1446357615894	-15.7449006622517				1.04095364238411	0.159788079470199	0.189139072847682	1.55390728476821	-4.45218543046358	5.01403973509934				0.949827814569536	0.0947284768211921	-0.00794701986754963	-20.992582781457	-11.6135099337748	10.1597350993378				0.576529801324503	-0.496529801324503	-0.677721854304636	-4.51708609271523	-1.4964238410596	2.74437086092715				0.932026490066225	0.115496688741722	0.309933774834437	6.9517880794702	2.29192052980133	-6.49748344370861				0.495788079470199	-0.174834437086093	-0.756238410596026	-10.8996026490066	-17.7623841059603	-5.51470198675497			
34	820	0.999841059602649	-0.0452450331125828	-0.071523178807947	-36.3666225165563	-55.3046357615894	-5.94490066225166				1.07295364238411	0.191788079470199	0.189139072847682	-1.80609271523179	-8.93218543046358	8.09403973509934				0.981827814569536	0.222728476821192	0.0400529801324504	-18.752582781457	1.82649006622517	12.1197350993378				0.576529801324503	-0.480529801324503	-0.741721854304636	-10.3970860927152	-2.0564238410596	1.90437086092715				1.06002649006623	0.163496688741722	0.293933774834437	-2.0082119205298	-3.30807947019868	-10.1374834437086				0.527788079470199	-0.174834437086093	-0.836238410596026	-23.7796026490066	-15.8023841059603	-1.87470198675497			
35	840	1.01584105960265	-0.0932450331125828	0.040476821192053	-38.8866225165563	-51.3846357615894	-1.18490066225166				1.07295364238411	0.175788079470199	0.205139072847682	1.83390728476821	-13.6921854304636	8.65403973509934				1.02982781456954	0.286728476821192	0.0880529801324504	-19.592582781457	6.02649006622517	18.8397350993378				0.576529801324503	-0.480529801324503	-0.773721854304636	-12.3570860927152	3.2635761589404	-1.17562913907285				1.07602649006623	0.195496688741722	0.245933774834437	-7.0482119205298	-8.34807947019868	-12.9374834437086				0.511788079470199	-0.0788344370860927	-0.900238410596026	-29.9396026490066	-8.52238410596027	-0.474701986754968			
36	860	1.04784105960265	-0.0132450331125828	0.040476821192053	-34.4066225165563	-53.9046357615894	1.33509933774834				1.02495364238411	0.127788079470199	0.189139072847682	-1.80609271523179	-20.1321854304636	5.01403973509934				1.02982781456954	0.174728476821192	0.0400529801324504	-0.552582781456954	2.66649006622517	21.0797350993378				0.560529801324503	-0.464529801324503	-0.805721854304636	-13.4770860927152	5.2235761589404	-2.57562913907285				1.04402649006623	0.179496688741722	0.197933774834437	-8.7282119205298	-11.4280794701987	-12.9374834437086				0.479788079470199	0.00116556291390731	-0.884238410596026	-27.9796026490066	-0.402384105960265	3.44529801324503			
37	880	0.983841059602649	0.0667549668874172	0.072476821192053	-57.0866225165563	-56.4246357615894	3.57509933774835				0.992953642384106	0.0317880794701987	0.189139072847682	-12.7260927152318	-24.0521854304636	-0.30596026490066				0.997827814569536	0.0947284768211921	0.0560529801324504	-7.27258278145696	-0.693509933774834	21.0797350993378				0.496529801324503	-0.464529801324503	-0.773721854304636	-16.2770860927152	5.2235761589404	-3.13562913907285				0.996026490066225	0.131496688741722	0.165933774834437	-8.7282119205298	-13.6680794701987	-11.5374834437086				0.447788079470199	-0.0148344370860927	-0.868238410596026	-30.2196026490066	8.83761589403974	12.405298013245			
38	900	0.951841059602649	0.0507549668874172	0.00847682119205304	-54.0066225165563	-41.8646357615894	1.61509933774834				0.960953642384106	0.0157880794701987	0.237139072847682	-29.2460927152318	-15.9321854304636	-5.90596026490066				1.01382781456954	0.0787284768211921	0.0400529801324504	-20.432582781457	-7.41350993377483	19.3997350993378				0.432529801324503	-0.432529801324503	-0.757721854304636	-28.5970860927152	-0.3764238410596	1.06437086092715				0.948026490066225	0.0994966887417219	0.165933774834437	-13.7682119205298	-13.9480794701987	-11.2574834437086				0.431788079470199	-0.0468344370860927	-0.836238410596026	-31.8996026490066	10.7976158940397	18.565298013245			
39	920	0.903841059602649	0.0187549668874172	0.024476821192053	-63.2466225165563	-32.6246357615894	5.81509933774834				0.912953642384106	0.111788079470199	0.173139072847682	-44.3660927152318	-15.3721854304636	-10.6659602649007				1.02982781456954	0.0307284768211921	0.12005298013245	-30.792582781457	-13.8535099337748	21.0797350993378				0.400529801324503	-0.400529801324503	-0.741721854304636	-32.5170860927152	2.4235761589404	6.38437086092715				0.916026490066225	0.0994966887417219	0.181933774834437	-20.7682119205298	-18.9880794701987	-14.0574834437086				0.447788079470199	-0.0788344370860927	-0.820238410596026	-34.1396026490066	6.59761589403974	25.845298013245			
40	940	0.839841059602649	0.0507549668874172	0.040476821192053	-81.7266225165563	-18.6246357615894	3.85509933774834				0.976953642384106	0.0957880794701987	0.141139072847682	-52.7660927152318	-1.65218543046358	-7.02596026490066				1.02982781456954	0.0627284768211921	0.20005298013245	-48.992582781457	-22.5335099337748	23.0397350993378				0.336529801324503	-0.448529801324503	-0.757721854304636	-31.1170860927152	7.7435761589404	13.1043708609272				0.900026490066225	0.147496688741722	0.165933774834437	-32.8082119205298	-22.3480794701987	-18.2574834437086				0.479788079470199	-0.0468344370860927	-0.804238410596027	-34.9796026490066	2.95761589403974	33.965298013245			
41	1120	2.02384105960265	1.12275496688742	-1.87952317880795	-218.646622516556	7.9753642384106	5.53509933774834				0.608953642384106	-0.000211920529801304	0.157139072847682	-199.206092715232	26.9078145695364	-45.1059602649007				0.933827814569536	0.446728476821192	-0.10394701986755	-212.232582781457	-48.2935099337748	49.9197350993378				0.352529801324503	-0.240529801324503	-0.597721854304636	-119.317086092715	23.4235761589404	91.7843708609272				0.900026490066225	0.275496688741722	0.261933774834437	-139.48821192053	-32.4280794701987	-45.4174834437086				0.383788079470199	0.161165562913907	-0.628238410596026	-76.4196026490066	-29.5223841059603	122.445298013245			
42	1140	1.43184105960265	0.130754966887417	-0.999523178807947	-103.566622516556	-122.504635761589	24.8550993377483				1.45695364238411	-0.192211920529801	0.941139072847682	-247.086092715232	90.4678145695364	-59.3859602649007				1.41382781456954	0.286728476821192	-0.40794701986755	-233.792582781457	-65.9335099337748	32.2797350993377				0.400529801324503	-0.512529801324503	-0.517721854304636	-94.3970860927152	43.0235761589404	94.0243708609272				1.18802649006623	-0.140503311258278	0.613933774834437	-108.40821192053	-25.9880794701987	-38.6974834437086				0.223788079470199	0.0491655629139073	-1.07623841059603	-112.259602649007	-17.7623841059603	101.165298013245			
43	1160	-0.440158940397351	-0.669245033112583	0.424476821192053	105.033377483444	-51.1046357615894	38.5750993377483				1.47295364238411	0.367788079470199	0.573139072847682	-165.606092715232	-27.9721854304636	-73.3859602649007				1.41382781456954	0.142728476821192	-0.79194701986755	-219.792582781457	-74.0535099337748	6.23973509933775				0.608529801324503	-0.976529801324503	-0.469721854304636	-87.3970860927152	63.1835761589404	68.5443708609272				0.932026490066225	0.115496688741722	0.0539337748344371	-231.88821192053	-10.5880794701987	-51.0174834437086				0.415788079470199	0.273165562913907	-1.07623841059603	-75.8596026490066	15.5576158940397	88.845298013245			
44	1180	0.455841059602649	-1.58124503311258	-0.887523178807947	-22.3666225165563	14.6953642384106	43.6150993377484				1.26495364238411	0.239788079470199	-0.290860927152318	-121.926092715232	-8.09218543046358	-47.0659602649007				1.23782781456954	0.398728476821192	-1.15994701986755	-145.032582781457	-60.0535099337748	-7.48026490066225				0.832529801324503	-0.656529801324503	-0.613721854304636	-76.1970860927152	67.6635761589404	56.5043708609272				0.900026490066225	0.387496688741722	0.133933774834437	-168.88821192053	23.5719205298013	-54.6574834437086				0.303788079470199	0.177165562913907	-0.756238410596026	-24.0596026490066	13.3176158940397	117.685298013245			
45	1200	1.38384105960265	-1.05324503311258	0.792476821192053	-146.126622516556	12.1753642384106	54.2550993377484				1.13695364238411	0.0957880794701987	-0.0508609271523178	-207.326092715232	10.1078145695364	-44.2659602649007				0.837827814569536	-0.257271523178808	-0.83994701986755	-85.952582781457	-73.2135099337748	-18.1202649006623				0.896529801324503	-0.432529801324503	-0.645721854304636	-77.8770860927152	80.5435761589404	57.0643708609272				1.15602649006623	0.163496688741722	0.549933774834437	-93.8482119205298	4.81192052980133	-47.3774834437086				0.383788079470199	0.177165562913907	-0.724238410596026	-93.2196026490066	14.7176158940397	116.285298013245			
46	1220	1.31984105960265	0.0347549668874172	-0.103523178807947	-169.646622516556	10.2153642384106	29.6150993377483				1.12095364238411	0.0957880794701987	0.317139072847682	-191.646092715232	-13.1321854304636	-38.9459602649007				0.485827814569536	-0.273271523178808	-0.0879470198675496	-128.512582781457	-89.1735099337748	-27.6402649006623				0.864529801324503	-0.432529801324503	-0.629721854304636	-112.317086092715	62.3435761589404	62.3843708609272				1.33202649006623	0.179496688741722	0.357933774834437	-175.04821192053	-1.34807947019868	-52.4174834437086				0.479788079470199	0.257165562913907	-1.12423841059603	-109.459602649007	18.9176158940397	89.685298013245			
47	1240	0.999841059602649	0.418754966887417	0.168476821192053	-160.126622516556	23.6553642384106	29.6150993377483				0.960953642384106	-0.384211920529801	-0.0828609271523179	-143.486092715232	-49.8121854304636	-24.9459602649007				0.517827814569536	-0.193271523178808	0.28005298013245	-152.032582781457	-60.8935099337748	-18.1202649006623				0.672529801324503	-0.464529801324503	-0.501721854304636	-93.5570860927152	44.7035761589404	60.1443708609272				1.15602649006623	0.147496688741722	-0.0580662251655629	-169.44821192053	-43.9080794701987	-38.1374834437086				0.399788079470199	0.305165562913907	-1.15623841059603	-73.8996026490066	38.5176158940397	81.565298013245			
48	1260	0.967841059602649	0.370754966887417	0.056476821192053	-92.0866225165563	30.9353642384106	28.4950993377483				0.880953642384106	-0.0162119205298013	0.125139072847682	-128.926092715232	-26.2921854304636	-29.1459602649007				0.741827814569536	-0.193271523178808	0.12005298013245	-182.552582781457	-18.3335099337748	-12.5202649006623				0.464529801324503	-0.400529801324503	-0.549721854304636	-70.5970860927152	42.1835761589404	55.6643708609272				0.948026490066225	0.0994966887417219	0.149933774834437	-122.68821192053	-40.8280794701987	-24.1374834437086				0.223788079470199	0.321165562913907	-1.07623841059603	-76.9796026490066	47.1976158940397	87.165298013245			
49	1280	1.06384105960265	0.242754966887417	0.040476821192053	-72.2066225165563	15.2553642384106	9.73509933774834				0.832953642384106	0.0637880794701987	0.0611390728476822	-101.206092715232	-8.09218543046358	-22.7059602649007				0.757827814569536	-0.177271523178808	-0.15194701986755	-212.512582781457	30.6664900662252	-15.6002649006622				0.336529801324503	-0.416529801324503	-0.613721854304636	-67.7970860927152	55.0635761589404	50.6243708609272				0.836026490066225	0.163496688741722	0.181933774834437	-118.76821192053	-36.3480794701987	-16.8574834437086				0.111788079470199	0.289165562913907	-1.06023841059603	-83.1396026490066	34.3176158940397	86.045298013245			
50	1300	1.01584105960265	0.0987549668874172	-0.039523178807947	-60.7266225165563	14.4153642384106	-5.66490066225166				0.896953642384106	0.175788079470199	0.173139072847682	-94.4860927152318	-9.21218543046358	-31.1059602649007				0.645827814569536	-0.0652715231788079	0.13605298013245	-159.592582781457	59.7864900662252	-32.4002649006623				0.384529801324503	-0.368529801324503	-0.469721854304636	-71.1570860927152	56.4635761589404	51.7443708609272				0.756026490066225	0.195496688741722	-0.0100662251655629	-117.64821192053	-20.1080794701987	-14.8974834437086				0.0477880794701987	0.241165562913907	-0.964238410596026	-51.2196026490066	15.2776158940397	82.685298013245			
51	1320	0.871841059602649	-0.109245033112583	-0.135523178807947	-49.2466225165563	17.2153642384106	-6.22490066225166				0.768953642384106	0.0477880794701987	0.221139072847682	-86.3660927152318	-20.9721854304636	-35.8659602649007				0.501827814569536	0.286728476821192	0.71205298013245	-111.712582781457	63.9864900662252	-8.32026490066225				0.480529801324503	-0.480529801324503	-0.357721854304636	-45.3970860927152	53.3835761589404	63.7843708609272				0.820026490066225	0.0194966887417219	0.00593377483443711	-96.9282119205298	-6.38807947019868	-15.7374834437086				0.143788079470199	0.193165562913907	-0.900238410596026	-43.0996026490066	-0.682384105960265	73.445298013245			
52	1340	0.887841059602649	-0.285245033112583	-0.327523178807947	-82.0066225165563	12.1753642384106	-2.86490066225166				0.816953642384106	0.255788079470199	0.0451390728476822	-91.1260927152318	-38.6121854304636	-30.8259602649007				0.725827814569536	0.174728476821192	0.72805298013245	-173.312582781457	109.346490066225	18.2797350993378				0.512529801324503	-0.640529801324503	-0.597721854304636	-18.2370860927152	56.4635761589404	80.3043708609272				0.820026490066225	0.0354966887417219	0.117933774834437	-95.8082119205298	-7.50807947019868	-19.3774834437086				0.239788079470199	0.0811655629139073	-0.932238410596026	-36.6596026490066	-14.6823841059603	66.445298013245			
53	1360	0.967841059602649	-0.0612450331125828	-0.423523178807947	-104.686622516556	-9.94463576158941	-17.7049006622517				0.736953642384106	0.143788079470199	0.0931390728476822	-98.9660927152318	6.18781456953642	-19.9059602649007				0.805827814569536	0.206728476821192	0.39205298013245	-104.992582781457	143.786490066225	33.6797350993378				0.464529801324503	-0.784529801324503	-0.677721854304636	-46.7970860927152	42.4635761589404	79.4643708609272				0.740026490066225	0.0514966887417219	-0.0740662251655629	-96.3682119205298	-10.3080794701987	-18.5374834437086				0.143788079470199	0.0331655629139073	-0.820238410596026	-33.8596026490066	-27.8423841059603	73.165298013245			
54	1380	0.919841059602649	-0.0772450331125828	-0.839523178807947	-140.806622516556	-57.5446357615894	-34.2249006622517				0.720953642384106	0.207788079470199	0.221139072847682	-90.5660927152318	1.42781456953642	-16.8259602649007				1.18982781456954	0.478728476821192	0.12005298013245	-119.272582781457	140.986490066225	30.5997350993378				0.432529801324503	-0.608529801324503	-0.613721854304636	-93.5570860927152	16.4235761589404	77.5043708609272				0.756026490066225	0.0994966887417219	-0.0100662251655629	-89.3682119205298	-0.508079470198675	-22.4574834437086				0.0637880794701987	0.0811655629139073	-0.612238410596026	-33.8596026490066	-39.8823841059603	82.685298013245			
55	1400	1.04784105960265	-0.557245033112583	-0.887523178807947	-155.086622516556	-103.464635761589	-31.7049006622517				0.768953642384106	0.367788079470199	0.269139072847682	-66.4860927152318	22.1478145695364	1.65403973509934				1.94182781456954	0.270728476821192	-0.85594701986755	-38.352582781457	117.746490066225	42.3597350993378				0.352529801324503	-0.480529801324503	-0.789721854304636	-85.7170860927152	12.5035761589404	83.3843708609272				0.724026490066225	0.259496688741722	0.101933774834437	-90.7682119205298	-0.508079470198675	-33.9374834437086				0.175788079470199	0.209165562913907	-0.548238410596027	-56.2596026490066	-41.2823841059603	82.405298013245			
56	1420	1.09584105960265	-0.685245033112583	-0.375523178807947	-168.246622516556	-139.584635761589	-24.1449006622517				1.34495364238411	0.575788079470199	0.365139072847682	-72.6460927152318	67.2278145695364	9.77403973509934				2.02182781456954	1.42272847682119	-1.99194701986755	119.007417218543	-118.573509933775	15.4797350993378				0.416529801324503	-0.352529801324503	-0.997721854304636	-96.6370860927152	27.3435761589404	76.1043708609272				1.02802649006623	0.515496688741722	0.197933774834437	-100.28821192053	19.3719205298013	-49.6174834437086				0.335788079470199	0.305165562913907	-0.644238410596026	-61.5796026490066	-46.6023841059603	79.325298013245			
57	1440	1.67184105960265	-0.445245033112583	0.024476821192053	-194.286622516556	-139.584635761589	11.1350993377483				1.47295364238411	0.0797880794701987	0.637139072847682	-114.926092715232	103.627814569536	23.7740397350993				0.117827814569536	-2.01727152317881	-0.91994701986755	423.647417218543	-181.853509933775	33.9597350993377				0.384529801324503	-0.496529801324503	-1.28572185430464	-71.9970860927152	57.3035761589404	65.4643708609272				1.20402649006623	0.339496688741722	0.325933774834437	-99.7282119205298	36.4519205298013	-65.5774834437086				0.751788079470199	0.401165562913907	-0.852238410596026	-99.9396026490066	-55.2823841059603	81.565298013245			
58	1460	0.471841059602649	-0.141245033112583	0.440476821192053	-182.246622516556	-86.3846357615894	40.8150993377484				1.31295364238411	-0.240211920529801	0.701139072847682	-117.726092715232	9.54781456953642	-16.2659602649007				-0.794172185430464	-1.12127152317881	1.41605298013245	-340.472582781457	-95.3335099337748	115.999735099338				0.336529801324503	-0.480529801324503	-0.789721854304636	-120.437086092715	59.8235761589404	40.5443708609272				0.836026490066225	0.195496688741722	-0.0100662251655629	-132.76821192053	15.4519205298013	-62.7774834437086				1.0237880794702	0.625165562913907	-1.09223841059603	-72.4996026490066	-32.3223841059603	110.125298013245			
59	1480	-0.200158940397351	0.00275496688741723	0.184476821192053	-238.526622516556	41.2953642384106	45.0150993377484				0.640953642384106	0.271788079470199	-0.658860927152318	-164.766092715232	-167.972185430464	-54.9059602649007				0.0858278145695364	1.05472847682119	-0.26394701986755	-343.552582781457	-8.53350993377483	54.6797350993378				0.544529801324503	-0.0165298013245033	-0.517721854304636	-151.797086092715	9.4235761589404	56.7843708609272				1.06002649006623	0.387496688741722	0.309933774834437	-100.84821192053	19.9319205298013	-42.8974834437086				0.735788079470199	0.545165562913907	-0.996238410596026	-34.4196026490066	-14.4023841059603	117.405298013245			
60	1500	0.247841059602649	-0.0292450331125828	0.920476821192053	-157.606622516556	88.3353642384106	35.4950993377484				0.832953642384106	0.0317880794701987	-0.466860927152318	-170.086092715232	34.1878145695364	-23.2659602649007				1.95782781456954	1.88672847682119	0.0240529801324504	-362.032582781457	-23.0935099337748	79.5997350993377				0.464529801324503	0.111470198675497	-0.581721854304636	-111.197086092715	1.8635761589404	110.824370860927				1.30002649006623	0.435496688741722	0.453933774834437	-163.00821192053	-17.8680794701987	-29.1774834437086				0.623788079470199	0.529165562913907	-1.14023841059603	-48.1396026490066	-10.7623841059603	107.605298013245			
61	1520	0.775841059602649	0.0507549668874172	0.984476821192053	-94.6066225165563	111.295364238411	34.6550993377484				1.39295364238411	0.239788079470199	0.493139072847682	-146.006092715232	35.3078145695364	-24.1059602649007				1.44582781456954	1.27872847682119	-0.00794701986754963	-77.832582781457	-33.4535099337748	19.6797350993378				0.272529801324503	-0.256529801324503	-0.933721854304636	-87.1170860927152	26.2235761589404	132.944370860927				1.33202649006623	0.275496688741722	0.101933774834437	-189.32821192053	-31.5880794701987	-19.3774834437086				0.351788079470199	0.545165562913907	-1.26823841059603	-13.4196026490066	-24.7623841059603	104.525298013245			
62	1540	1.28784105960265	0.00275496688741723	0.648476821192053	-142.206622516556	149.935364238411	48.9350993377484				0.912953642384106	0.479788079470199	0.125139072847682	-142.086092715232	-49.2521854304636	-28.3059602649007				0.597827814569536	0.0467284768211921	-0.47194701986755	73.0874172185431	-45.2135099337748	24.4397350993378				0.240529801324503	-0.640529801324503	-0.869721854304636	-27.1970860927152	74.1035761589404	122.864370860927				0.964026490066225	0.243496688741722	-0.0580662251655629	-147.32821192053	-52.0280794701987	-5.93748344370861				0.127788079470199	0.513165562913907	-1.07623841059603	3.38039735099338	-25.6023841059603	122.445298013245			
63	1560	1.25584105960265	0.194754966887417	0.632476821192053	-190.646622516556	181.575364238411	58.7350993377484				0.688953642384106	0.383788079470199	0.0611390728476822	-144.326092715232	-6.41218543046358	-29.4259602649007				0.645827814569536	-0.0492715231788079	-0.43994701986755	-104.992582781457	-24.4935099337748	42.3597350993378				0.416529801324503	-0.512529801324503	-0.757721854304636	-38.3970860927152	65.9835761589404	109.984370860927				0.692026490066225	0.371496688741722	-0.0580662251655629	-149.84821192053	-28.7880794701987	-10.4174834437086				0.0157880794701987	0.401165562913907	-0.804238410596027	-3.05960264900662	-28.1223841059603	144.285298013245			
64	1580	1.25584105960265	0.162754966887417	0.744476821192053	-187.846622516556	174.855364238411	65.7350993377484				0.960953642384106	0.207788079470199	0.317139072847682	-149.366092715232	8.98781456953643	-20.4659602649007				0.853827814569536	0.238728476821192	-0.13594701986755	-176.392582781457	-18.0535099337748	46.5597350993378				0.512529801324503	-0.352529801324503	-0.805721854304636	-70.0370860927152	35.1835761589404	106.064370860927				0.804026490066225	0.323496688741722	0.0379337748344371	-143.96821192053	-16.7480794701987	-18.5374834437086				-0.0802119205298013	0.321165562913907	-0.612238410596026	-13.4196026490066	-50.5223841059603	139.525298013245			
65	1600	1.84784105960265	0.482754966887417	-0.215523178807947	-159.846622516556	140.135364238411	46.1350993377484				1.04095364238411	0.223788079470199	0.269139072847682	-149.086092715232	19.9078145695364	-14.0259602649007				1.07782781456954	1.02272847682119	0.12005298013245	-83.152582781457	14.4264900662252	35.3597350993377				0.544529801324503	-0.448529801324503	-0.805721854304636	-88.5170860927152	20.6235761589404	93.1843708609272				0.948026490066225	0.307496688741722	0.0539337748344371	-149.28821192053	-8.06807947019868	-26.6574834437086				-0.176211920529801	0.401165562913907	-0.676238410596026	-38.6196026490066	-43.2423841059603	110.685298013245			
66	1620	2.02384105960265	0.0347549668874172	-1.97552317880795	-227.606622516556	-49.7046357615894	39.4150993377484				1.66495364238411	-0.112211920529801	0.397139072847682	-133.966092715232	43.1478145695364	-3.66596026490066				1.10982781456954	0.158728476821192	-0.34394701986755	-35.272582781457	2.94649006622517	37.5997350993377				0.592529801324503	-0.496529801324503	-0.821721854304636	-70.3170860927152	43.8635761589404	80.8643708609272				1.33202649006623	0.291496688741722	0.437933774834437	-114.28821192053	11.2519205298013	-29.1774834437086				-0.240211920529801	0.353165562913907	-1.04423841059603	-57.3796026490066	0.437615894039735	89.405298013245			
67	1640	-0.072158940397351	1.66675496688742	-0.711523178807947	-118.406622516556	-55.0246357615894	5.53509933774834				1.16895364238411	0.143788079470199	0.701139072847682	-101.766092715232	8.14781456953643	-16.8259602649007				1.09382781456954	-0.449271523178808	-0.23194701986755	-37.512582781457	27.0264900662252	31.9997350993378				0.736529801324503	-0.720529801324503	-0.709721854304636	-40.0770860927152	87.5435761589404	55.1043708609272				0.948026490066225	0.0994966887417219	-0.154066225165563	-118.20821192053	18.2519205298013	-29.7374834437086				-0.0322119205298013	0.497165562913907	-1.23623841059603	-48.9796026490066	55.5976158940397	79.045298013245			
68	1660	-0.008158940397351	0.226754966887417	0.968476821192053	112.873377483444	21.1353642384106	11.9750993377483				0.688953642384106	-0.0802119205298013	-0.418860927152318	-33.1660927152318	-54.2921854304636	4.73403973509934				0.805827814569536	0.0467284768211921	-0.64794701986755	-76.432582781457	38.5064900662252	28.3597350993378				0.688529801324503	-0.192529801324503	-0.469721854304636	-70.5970860927152	60.1035761589404	24.8643708609272				0.644026490066225	0.323496688741722	-0.106066225165563	-82.6482119205298	45.6919205298013	-24.4174834437086				0.111788079470199	0.289165562913907	-0.756238410596026	35.3003973509934	47.4776158940397	105.925298013245			
69	1680	0.935841059602649	-0.653245033112583	0.328476821192053	220.673377483444	20.2953642384106	15.8950993377483				0.624953642384106	-0.0322119205298013	-0.290860927152318	-116.046092715232	0.587814569536424	11.1740397350993				0.837827814569536	-0.257271523178808	-0.58394701986755	-93.792582781457	12.7464900662252	16.5997350993378				0.672529801324503	0.0954701986754967	-0.325721854304636	-50.4370860927152	35.7435761589404	38.3043708609272				0.948026490066225	-0.0125033112582781	0.581933774834437	-13.7682119205298	16.5719205298013	-5.37748344370861				0.383788079470199	-0.0148344370860927	-0.676238410596026	-32.1796026490066	29.2776158940397	83.525298013245			
70	1700	1.22384105960265	-1.27724503311258	-0.231523178807947	-48.1266225165563	31.4953642384106	28.2150993377483				1.12095364238411	-0.0322119205298013	0.333139072847682	-80.4860927152318	54.0678145695364	19.0140397350993				0.725827814569536	-0.529271523178808	-0.64794701986755	-38.352582781457	-46.3335099337748	24.7197350993378				0.544529801324503	-0.0325298013245033	-0.437721854304636	-56.0370860927152	14.7435761589404	58.4643708609272				1.01202649006623	-0.0125033112582781	0.565933774834437	-59.6882119205298	-24.5880794701987	-1.17748344370861				0.463788079470199	-0.0788344370860927	-1.10823841059603	-38.8996026490066	19.1976158940397	48.525298013245			
71	1720	1.03184105960265	-0.733245033112583	0.152476821192053	-78.9266225165563	2.3753642384106	4.41509933774834				1.13695364238411	-0.144211920529801	0.0931390728476822	-48.0060927152318	-27.9721854304636	14.8140397350993				0.613827814569536	-0.337271523178808	-0.67994701986755	-48.432582781457	-45.4935099337748	18.5597350993378				0.544529801324503	-0.368529801324503	-0.533721854304636	-39.2370860927152	26.5035761589404	44.1843708609272				1.07602649006623	0.115496688741722	0.229933774834437	-104.20821192053	-1.06807947019868	1.62251655629139				0.479788079470199	0.0331655629139073	-1.20423841059603	-5.29960264900662	27.8776158940397	59.725298013245			
72	1740	0.855841059602649	0.0827549668874172	-0.151523178807947	-139.126622516556	6.2953642384106	-13.2249006622517				0.880953642384106	-0.192211920529801	-0.162860927152318	-50.5260927152318	-34.4121854304636	8.09403973509934				0.661827814569536	-0.0332715231788079	-0.34394701986755	-168.832582781457	-31.4935099337748	-2.16026490066225				0.656529801324503	-0.528529801324503	-0.373721854304636	29.9229139072848	77.7435761589404	36.6243708609272				0.948026490066225	0.0514966887417219	0.213933774834437	-43.1682119205298	-12.5480794701987	21.2225165562914				0.367788079470199	0.0811655629139073	-1.04423841059603	-9.77960264900662	34.0376158940397	87.725298013245			
73	1760	0.871841059602649	0.562754966887417	-0.135523178807947	-96.2866225165563	17.2153642384106	-13.2249006622517				0.896953642384106	-0.176211920529801	0.0291390728476822	-56.9660927152318	-22.6521854304636	1.09403973509934				0.661827814569536	0.190728476821192	-0.11994701986755	-159.872582781457	0.426490066225167	-19.5202649006623				0.672529801324503	-0.368529801324503	-0.405721854304636	34.1229139072848	69.9035761589404	38.5843708609272				0.836026490066225	-0.108503311258278	0.373933774834437	-29.1682119205298	-9.18807947019868	29.6225165562914				0.255788079470199	0.0171655629139073	-0.868238410596026	18.7803973509934	22.8376158940397	91.925298013245			
74	1780	1.03184105960265	0.514754966887417	-0.071523178807947	-20.1266225165563	22.5353642384106	-5.10490066225166				0.992953642384106	0.0317880794701987	0.0451390728476822	-45.7660927152318	-24.6121854304636	-9.54596026490066				0.485827814569536	0.238728476821192	0.12005298013245	-85.392582781457	49.7064900662252	-6.36026490066225				0.576529801324503	-0.400529801324503	-0.437721854304636	-0.0370860927152318	37.9835761589404	50.0643708609272				0.868026490066225	-0.0765033112582781	0.341933774834437	-53.2482119205298	-13.6680794701987	28.5025165562914				0.143788079470199	-0.126834437086093	-0.676238410596026	29.7003973509934	18.6376158940397	77.365298013245			
75	1800	0.951841059602649	0.306754966887417	-0.183523178807947	40.0733774834437	19.7353642384106	-5.94490066225166				1.02495364238411	0.207788079470199	0.0451390728476822	-20.0060927152318	-10.8921854304636	-23.2659602649007				0.389827814569536	0.126728476821192	0.80805298013245	-17.352582781457	65.1064900662252	23.3197350993378				0.544529801324503	-0.528529801324503	-0.469721854304636	20.6829139072848	36.0235761589404	53.4243708609272				0.916026490066225	-0.0765033112582781	0.229933774834437	-45.6882119205298	-18.4280794701987	27.3825165562914				0.143788079470199	-0.126834437086093	-0.788238410596027	-12.2996026490066	27.3176158940397	56.085298013245			
76	1820	0.903841059602649	-0.157245033112583	-0.103523178807947	54.3533774834437	25.3353642384106	1.05509933774834				0.960953642384106	0.223788079470199	0.0611390728476822	-0.966092715231788	-10.6121854304636	-17.3859602649007				0.757827814569536	0.302728476821192	0.55205298013245	-88.192582781457	105.706490066225	23.0397350993378				0.720529801324503	-0.624529801324503	-0.597721854304636	51.2029139072848	43.8635761589404	41.9443708609272				0.996026490066225	-0.0285033112582781	0.197933774834437	-36.7282119205298	-15.3480794701987	21.2225165562914				0.223788079470199	-0.0948344370860927	-0.932238410596026	-5.29960264900662	17.7976158940397	42.645298013245			
77	1840	0.951841059602649	-0.557245033112583	-0.167523178807947	38.1133774834437	20.2953642384106	2.73509933774834				0.880953642384106	0.0477880794701987	0.141139072847682	-7.12609271523179	-13.9721854304636	-14.3059602649007				1.14182781456954	0.286728476821192	0.32805298013245	-115.072582781457	151.066490066225	22.1997350993378				0.768529801324503	-0.800529801324503	-0.709721854304636	56.2429139072848	46.6635761589404	35.7843708609272				0.996026490066225	-0.0445033112582781	0.133933774834437	-30.2882119205298	-22.3480794701987	12.8225165562914				0.175788079470199	-0.0308344370860927	-0.900238410596026	-2.49960264900662	11.0776158940397	33.405298013245			
78	1860	0.999841059602649	-0.669245033112583	-0.103523178807947	-20.4066225165563	4.8953642384106	-6.22490066225166				0.864953642384106	0.0317880794701987	0.237139072847682	-10.2060927152318	-5.01218543046358	-10.3859602649007				1.73382781456954	0.302728476821192	-0.43994701986755	-56.272582781457	165.906490066225	16.3197350993378				0.752529801324503	-0.816529801324503	-0.789721854304636	25.7229139072848	28.4635761589404	34.9443708609272				0.916026490066225	0.0194966887417219	0.117933774834437	-28.3282119205298	-24.5880794701987	4.98251655629139				0.159788079470199	0.0331655629139073	-0.868238410596026	-20.9796026490066	9.67761589403974	23.885298013245			
79	1880	1.19184105960265	-0.669245033112583	0.072476821192053	-59.8866225165563	-13.5846357615894	-3.70490066225166				1.71295364238411	0.303788079470199	0.125139072847682	5.19390728476821	9.26781456953642	5.01403973509934				2.02182781456954	0.862728476821192	-1.52794701986755	147.007417218543	37.9464900662252	-2.16026490066225				0.656529801324503	-0.656529801324503	-1.12572185430464	6.12291390728477	6.9035761589404	41.1043708609272				1.33202649006623	0.211496688741722	0.437933774834437	-32.2482119205298	-11.1480794701987	-2.57748344370861				0.319788079470199	0.0651655629139073	-0.996238410596026	-43.6596026490066	-5.16238410596027	7.92529801324503			
80	1900	0.919841059602649	-0.0612450331125828	0.424476821192053	-75.2866225165563	-9.94463576158941	-10.4249006622517				0.880953642384106	-0.0642119205298013	0.733139072847682	-32.0460927152318	33.3478145695364	12.2940397350993				-0.202172185430464	-0.881271523178808	-0.75994701986755	194.327417218543	-93.6535099337748	-40.2402649006623				0.512529801324503	-1.0085298013245	-1.25372185430464	6.96291390728477	27.9035761589404	23.1843708609272				0.996026490066225	0.0194966887417219	-0.202066225165563	-36.7282119205298	-27.9480794701987	-16.0174834437086				0.543788079470199	0.337165562913907	-1.15623841059603	-58.2196026490066	6.31761589403974	7.64529801324503			
81	1920	0.791841059602649	0.290754966887417	0.328476821192053	-95.7266225165563	9.3753642384106	-13.5049006622517				0.752953642384106	-0.0802119205298013	0.525139072847682	2.39390728476821	-11.7321854304636	-3.10596026490066				-0.250172185430464	-0.545271523178808	0.23205298013245	-142.792582781457	68.4664900662252	41.7997350993378				0.448529801324503	-0.688529801324503	-0.821721854304636	-65.5570860927152	1.5835761589404	-11.8156291390728				0.612026490066225	0.131496688741722	-0.138066225165563	-19.9282119205298	13.2119205298013	-19.6574834437086				0.511788079470199	0.401165562913907	-0.820238410596026	12.9003973509934	-6.28238410596027	27.805298013245			
82	1940	0.839841059602649	0.402754966887417	0.136476821192053	-50.0866225165563	27.8553642384106	-7.62490066225166				0.608953642384106	0.127788079470199	-0.402860927152318	-47.1660927152318	-71.9321854304636	-4.78596026490066				1.01382781456954	0.382728476821192	0.21605298013245	-275.792582781457	34.3064900662252	27.7997350993378				0.320529801324503	-0.112529801324503	-0.533721854304636	-94.6770860927152	-38.4564238410596	-18.8156291390729				0.740026490066225	0.211496688741722	0.341933774834437	0.231788079470198	12.6519205298013	-17.6974834437086				0.383788079470199	0.145165562913907	-0.564238410596026	6.74039735099338	-27.5623841059603	25.565298013245			
83	1960	0.983841059602649	0.498754966887417	0.152476821192053	-5.00662251655629	26.4553642384106	-11.8249006622517				0	0	0	0	0	0				1.28582781456954	0.862728476821192	-0.10394701986755	-69.152582781457	42.7064900662252	1.47973509933775				0	0	0	0	0	0				0	0	0	0	0	0				0	0	0	0	0	0			
84	2100	0	0	0	0	0	0				0	0	0	0	0	0				0	0	0	0	0	0				0	0	0	0	0	0				0	0	0	0	0	0				0.319788079470199	0.145165562913907	-0.788238410596027	12.3403973509934	-25.8823841059603	16.885298013245			
85	2120	0	0	0	0	0	0				0	0	0	0	0	0				0	0	0	0	0	0				0.544529801324503	-0.368529801324503	-0.693721854304636	-22.1570860927152	0.1835761589404	1.06437086092715				0.932026490066225	0.163496688741722	0.197933774834437	-8.1682119205298	4.25192052980133	-14.3374834437086				0.271788079470199	0.145165562913907	-0.708238410596026	6.18039735099338	-19.7223841059603	15.485298013245			
86	2140	1.01584105960265	0.130754966887417	0.104476821192053	8.99337748344371	-3.7846357615894	1.61509933774834				0.960953642384106	0.159788079470199	0.221139072847682	4.91390728476821	11.2278145695364	-3.10596026490066				0.949827814569536	0.270728476821192	-0.10394701986755	-10.072582781457	-11.0535099337748	2.03973509933775				0.480529801324503	-0.320529801324503	-0.661721854304636	-28.0370860927152	-0.0964238410596001	4.14437086092715				0.916026490066225	0.163496688741722	0.245933774834437	-9.0082119205298	2.85192052980133	-13.7774834437086				0.271788079470199	0.145165562913907	-0.788238410596027	-14.2596026490066	-4.32238410596027	9.60529801324503			
87	2160	0.935841059602649	0.0507549668874172	0.104476821192053	5.91337748344371	-9.1046357615894	3.85509933774834				0.944953642384106	0.111788079470199	0.205139072847682	7.99390728476821	7.30781456953642	-3.66596026490066				0.933827814569536	0.238728476821192	-0.0719470198675496	9.24741721854305	-11.8935099337748	-4.68026490066225				0.464529801324503	-0.320529801324503	-0.613721854304636	-23.5570860927152	4.9435761589404	10.8643708609272				0.916026490066225	0.147496688741722	0.181933774834437	-6.7682119205298	4.25192052980133	-10.4174834437086				0.367788079470199	0.161165562913907	-0.916238410596027	-19.8596026490066	4.35761589403974	10.165298013245			
88	2180	0.919841059602649	-0.0292450331125828	0.104476821192053	5.35337748344371	-10.5046357615894	4.13509933774834				0.992953642384106	0.111788079470199	0.221139072847682	7.71390728476821	8.14781456953643	-2.54596026490066				0.965827814569536	0.174728476821192	-0.0879470198675496	14.567417218543	-10.2135099337748	-2.44026490066225				0.496529801324503	-0.288529801324503	-0.661721854304636	-9.83708609271523	8.8635761589404	15.3443708609272				0.948026490066225	0.163496688741722	0.213933774834437	-3.6882119205298	5.09192052980133	-7.61748344370861				0.399788079470199	0.129165562913907	-0.948238410596026	-2.77960264900662	2.39761589403974	12.685298013245			
89	2200	0.983841059602649	-0.0612450331125828	0.056476821192053	7.59337748344371	-5.4646357615894	1.61509933774834				0.992953642384106	0.0797880794701987	0.237139072847682	6.59390728476821	12.9078145695364	-1.42596026490066				0.997827814569536	0.0947284768211921	-0.0719470198675496	15.687417218543	-11.3335099337748	3.15973509933775				0.528529801324503	-0.336529801324503	-0.677721854304636	3.60291390728477	16.1435761589404	15.6243708609272				0.964026490066225	0.163496688741722	0.213933774834437	-5.0882119205298	2.57192052980133	-7.33748344370861				0.367788079470199	0.113165562913907	-0.884238410596026	2.82039735099338	0.437615894039735	14.085298013245			
90	2220	0.983841059602649	-0.0452450331125828	0.056476821192053	4.23337748344371	-4.0646357615894	-1.74490066225166				0.992953642384106	0.0797880794701987	0.269139072847682	6.03390728476821	11.7878145695364	-0.0259602649006601				0.981827814569536	0.0467284768211921	-0.0239470198675496	15.967417218543	-8.81350993377484	5.39973509933775				0.592529801324503	-0.384529801324503	-0.709721854304636	2.48291390728477	20.3435761589404	13.6643708609272				0.964026490066225	0.179496688741722	0.229933774834437	-5.3682119205298	-0.228079470198675	-6.49748344370861				0.367788079470199	0.0971655629139073	-0.836238410596026	-4.73960264900662	-0.122384105960265	13.805298013245			
91	2240	0.983841059602649	-0.0612450331125828	0.072476821192053	0.313377483443709	-5.7446357615894	-1.74490066225166				0.960953642384106	0.0477880794701987	0.317139072847682	8.55390728476821	17.6678145695364	-0.30596026490066				0.965827814569536	0.0787284768211921	-0.0399470198675496	3.64741721854305	-8.25350993377483	4.83973509933775				0.608529801324503	-0.400529801324503	-0.757721854304636	-5.07708609271523	13.6235761589404	9.18437086092715				0.964026490066225	0.163496688741722	0.229933774834437	0.231788079470198	-1.62807947019868	-6.49748344370861				0.399788079470199	0.129165562913907	-0.852238410596026	-16.4996026490066	-0.402384105960265	13.805298013245			
92	2260	0.951841059602649	-0.0292450331125828	0.040476821192053	-0.806622516556291	-5.1846357615894	-0.344900662251656				0.960953642384106	0.0317880794701987	0.205139072847682	13.5939072847682	4.50781456953642	-0.86596026490066				0.981827814569536	0.110728476821192	-0.0399470198675496	-6.15258278145695	-5.45350993377483	4.27973509933775				0.592529801324503	-0.400529801324503	-0.789721854304636	-10.9570860927152	5.2235761589404	5.54437086092715				0.948026490066225	0.163496688741722	0.261933774834437	-1.7282119205298	-2.74807947019868	-7.61748344370861				0.415788079470199	0.161165562913907	-0.932238410596026	-7.81960264900662	-4.88238410596027	12.125298013245			
93	2280	0.951841059602649	-0.0132450331125828	0.024476821192053	-2.76662251655629	-1.5446357615894	-1.74490066225166				0.944953642384106	0.0317880794701987	0.141139072847682	6.59390728476821	2.26781456953642	-0.30596026490066				0.997827814569536	0.110728476821192	-0.0879470198675496	-8.39258278145695	-9.65350993377483	2.87973509933775				0.544529801324503	-0.368529801324503	-0.725721854304636	-17.6770860927152	-2.3364238410596	-0.895629139072848				0.948026490066225	0.147496688741722	0.261933774834437	-2.2882119205298	1.45192052980132	-6.49748344370861				0.415788079470199	0.145165562913907	-0.900238410596026	-1.93960264900662	-2.64238410596027	9.60529801324503			
94	2300	0.983841059602649	-0.0132450331125828	0.040476821192053	-7.24662251655629	-1.2646357615894	-5.66490066225166				0.992953642384106	0.0477880794701987	0.253139072847682	-1.24609271523179	11.7878145695364	-0.0259602649006601				0.981827814569536	0.126728476821192	-0.0559470198675496	-5.03258278145695	-10.4935099337748	2.31973509933775				0.544529801324503	-0.352529801324503	-0.677721854304636	-17.1170860927152	-3.4564238410596	-1.73562913907285				0.948026490066225	0.131496688741722	0.213933774834437	-7.0482119205298	0.0519205298013249	-7.61748344370861				0.415788079470199	0.129165562913907	-0.852238410596026	-1.93960264900662	2.39761589403974	8.76529801324503			
95	2320	0.999841059602649	-0.0292450331125828	0.040476821192053	-10.6066225165563	-0.984635761589404	-6.50490066225166				0.976953642384106	0.0797880794701987	0.317139072847682	-7.12609271523179	3.94781456953642	-2.26596026490066				0.981827814569536	0.110728476821192	-0.0719470198675496	-6.43258278145695	-11.8935099337748	3.71973509933775				0.528529801324503	-0.368529801324503	-0.661721854304636	-15.4370860927152	-2.0564238410596	1.62437086092715				0.948026490066225	0.163496688741722	0.245933774834437	-6.4882119205298	-0.228079470198675	-7.05748344370861				0.415788079470199	0.0971655629139073	-0.868238410596026	-4.17960264900662	1.83761589403974	7.64529801324503			
96	2340	1.03184105960265	-0.0452450331125828	0.056476821192053	-10.3266225165563	-0.704635761589404	2.17509933774834				0.944953642384106	0.0797880794701987	0.253139072847682	-7.12609271523179	-0.812185430463576	-1.42596026490066				0.965827814569536	0.110728476821192	-0.0879470198675496	-1.39258278145695	-9.65350993377483	2.87973509933775				0.496529801324503	-0.352529801324503	-0.645721854304636	-14.0370860927152	2.9835761589404	5.26437086092715				0.900026490066225	0.147496688741722	0.261933774834437	-5.6482119205298	-1.34807947019868	-3.97748344370861				0.447788079470199	0.0811655629139073	-0.900238410596026	-2.21960264900662	-0.122384105960265	7.64529801324503			
97	2360	1.01584105960265	0.0347549668874172	0.00847682119205304	-14.5266225165563	-7.9846357615894	3.29509933774834				0.992953642384106	0.0797880794701987	0.317139072847682	-4.04609271523179	7.86781456953642	-1.42596026490066				0.965827814569536	0.126728476821192	-0.0879470198675496	-3.91258278145695	-7.97350993377484	2.31973509933775				0.496529801324503	-0.336529801324503	-0.661721854304636	-8.71708609271523	7.7435761589404	8.34437086092715				0.964026490066225	0.147496688741722	0.277933774834437	-10.9682119205298	-4.98807947019868	-3.13748344370861				0.463788079470199	0.0811655629139073	-0.932238410596026	0.580397350993377	-3.48238410596027	11.005298013245			
98	2380	0.967841059602649	0.0187549668874172	-0.055523178807947	-14.2466225165563	-7.4246357615894	1.89509933774834				0.976953642384106	0.0797880794701987	0.333139072847682	2.95390728476821	5.90781456953642	-0.585960264900661				0.965827814569536	0.126728476821192	-0.10394701986755	-5.87258278145695	-6.29350993377483	3.43973509933775				0.528529801324503	-0.352529801324503	-0.709721854304636	0.242913907284768	14.4635761589404	10.3043708609272				0.948026490066225	0.163496688741722	0.261933774834437	-14.6082119205298	-7.50807947019868	-3.69748344370861				0.415788079470199	0.0811655629139073	-0.916238410596027	7.30039735099338	-7.40238410596027	12.965298013245			
99	2400	0.983841059602649	-0.0132450331125828	0.024476821192053	-9.48662251655629	-5.7446357615894	0.775099337748344				0.944953642384106	0.0637880794701987	0.221139072847682	-0.126092715231788	-8.37218543046358	-3.94596026490066				0.965827814569536	0.110728476821192	-0.0879470198675496	-8.67258278145695	-6.29350993377483	3.15973509933775				0.592529801324503	-0.368529801324503	-0.693721854304636	-5.07708609271523	9.4235761589404	7.78437086092715				0.916026490066225	0.179496688741722	0.245933774834437	-14.8882119205298	-0.788079470198675	-1.45748344370861				0.383788079470199	0.0971655629139073	-0.852238410596026	5.06039735099338	-6.00238410596027	13.525298013245			
100	2420	0.967841059602649	-0.0292450331125828	0.056476821192053	-4.16662251655629	-5.1846357615894	0.215099337748344				0.944953642384106	0.0637880794701987	0.205139072847682	-6.00609271523179	-2.21218543046358	-3.66596026490066				0.965827814569536	0.110728476821192	-0.10394701986755	-5.59258278145695	-9.09350993377483	2.87973509933775				0.624529801324503	-0.352529801324503	-0.693721854304636	-10.9570860927152	5.5035761589404	7.50437086092715				0.932026490066225	0.179496688741722	0.245933774834437	-16.0082119205298	1.73192052980133	-2.29748344370861				0.383788079470199	0.113165562913907	-0.852238410596026	-0.259602649006623	-5.72238410596027	12.965298013245			
101	2440	0.951841059602649	-0.0452450331125828	0.040476821192053	-7.24662251655629	-5.4646357615894	-1.18490066225166				0.992953642384106	0.0637880794701987	0.285139072847682	-9.08609271523179	-0.252185430463576	-5.34596026490066				0.965827814569536	0.110728476821192	-0.11994701986755	-5.31258278145695	-9.09350993377483	2.31973509933775				0.608529801324503	-0.320529801324503	-0.677721854304636	-9.83708609271523	2.7035761589404	6.94437086092715				0.948026490066225	0.163496688741722	0.261933774834437	-15.4482119205298	1.45192052980132	-2.57748344370861				0.383788079470199	0.129165562913907	-0.868238410596026	2.54039735099338	-6.84238410596027	10.725298013245			
102	2460	0.967841059602649	-0.0612450331125828	0.056476821192053	-11.1666225165563	-4.3446357615894	-2.02490066225166				0.960953642384106	0.0637880794701987	0.285139072847682	-8.52609271523179	-9.21218543046358	-3.66596026490066				0.965827814569536	0.110728476821192	-0.0879470198675496	-7.55258278145695	-8.25350993377483	2.59973509933775				0.576529801324503	-0.336529801324503	-0.677721854304636	0.522913907284768	3.2635761589404	5.54437086092715				0.948026490066225	0.179496688741722	0.245933774834437	-15.4482119205298	-0.228079470198675	-2.57748344370861				0.383788079470199	0.129165562913907	-0.868238410596026	4.50039735099338	-4.88238410596027	9.60529801324503			
103	2480	0.999841059602649	-0.0452450331125828	0.056476821192053	-10.6066225165563	-2.6646357615894	-1.46490066225166				0.960953642384106	0.0637880794701987	0.253139072847682	-8.52609271523179	-6.69218543046358	-2.54596026490066				0.981827814569536	0.0787284768211921	-0.0879470198675496	-7.83258278145695	-6.01350993377483	2.31973509933775				0.592529801324503	-0.368529801324503	-0.661721854304636	-0.0370860927152318	3.8235761589404	4.14437086092715				0.932026490066225	0.163496688741722	0.229933774834437	-10.6882119205298	0.891920529801325	-1.73748344370861				0.351788079470199	0.0971655629139073	-0.852238410596026	4.22039735099338	-1.24238410596026	6.80529801324503			
104	2500	0.999841059602649	-0.0132450331125828	0.072476821192053	-9.20662251655629	-1.8246357615894	-0.0649006622516557				0.976953642384106	0.0637880794701987	0.269139072847682	-9.36609271523179	-2.21218543046358	-1.70596026490066				0.981827814569536	0.0787284768211921	-0.0719470198675496	-5.31258278145695	-2.93350993377483	3.43973509933775				0.592529801324503	-0.368529801324503	-0.693721854304636	-3.95708609271523	2.4235761589404	5.54437086092715				0.948026490066225	0.179496688741722	0.261933774834437	-7.8882119205298	-2.18807947019868	-0.0574834437086077				0.367788079470199	0.0971655629139073	-0.852238410596026	0.0203973509933773	1.27761589403974	4.84529801324503			
105	2520	0.967841059602649	-0.0132450331125828	0.056476821192053	-8.92662251655629	-3.5046357615894	-0.0649006622516557				0.992953642384106	0.0797880794701987	0.333139072847682	-4.88609271523179	5.06781456953642	0.53403973509934				0.981827814569536	0.110728476821192	-0.0559470198675496	-7.83258278145695	-1.25350993377483	3.71973509933775				0.576529801324503	-0.400529801324503	-0.709721854304636	-5.07708609271523	4.3835761589404	6.94437086092715				0.948026490066225	0.163496688741722	0.261933774834437	-4.8082119205298	-6.94807947019868	1.34251655629139				0.351788079470199	0.0811655629139073	-0.884238410596026	-2.49960264900662	0.997615894039735	4.00529801324503			
106	2540	0.983841059602649	-0.0132450331125828	0.040476821192053	-7.80662251655629	-2.1046357615894	-0.344900662251656				0.976953642384106	0.0477880794701987	0.301139072847682	-3.20609271523179	-2.77218543046358	0.53403973509934				0.981827814569536	0.110728476821192	-0.0719470198675496	-8.39258278145695	-2.37350993377483	5.11973509933775				0.560529801324503	-0.384529801324503	-0.709721854304636	-1.43708609271523	4.9435761589404	7.50437086092715				0.948026490066225	0.163496688741722	0.245933774834437	-2.2882119205298	-0.508079470198675	-0.337483443708608				0.367788079470199	0.0811655629139073	-0.916238410596027	-3.33960264900662	2.11761589403974	5.40529801324503			
107	2560	0.983841059602649	-0.0132450331125828	0.072476821192053	-6.40662251655629	-2.1046357615894	1.89509933774834				0.944953642384106	0.0957880794701987	0.237139072847682	-2.92609271523179	-2.49218543046358	0.81403973509934				0.981827814569536	0.0947284768211921	-0.10394701986755	-6.99258278145695	-0.973509933774833	5.39973509933775				0.592529801324503	-0.368529801324503	-0.693721854304636	-1.71708609271523	4.9435761589404	7.50437086092715				0.932026490066225	0.163496688741722	0.245933774834437	0.791788079470198	0.0519205298013249	0.502516556291392				0.383788079470199	0.0971655629139073	-0.900238410596026	0.0203973509933773	-0.402384105960265	7.64529801324503			
108	2580	0.983841059602649	-0.0132450331125828	0.088476821192053	-5.56662251655629	-4.6246357615894	2.45509933774835				0.960953642384106	0.0797880794701987	0.237139072847682	-3.76609271523179	-3.33218543046358	1.37403973509934				0.965827814569536	0.110728476821192	-0.11994701986755	-4.19258278145695	-2.09350993377483	4.27973509933775				0.592529801324503	-0.336529801324503	-0.661721854304636	-4.79708609271523	2.9835761589404	9.18437086092715				0.932026490066225	0.163496688741722	0.245933774834437	-2.2882119205298	0.331920529801325	1.34251655629139				0.399788079470199	0.0811655629139073	-0.884238410596026	2.26039735099338	-1.52238410596026	7.64529801324503			
109	2600	0.967841059602649	-0.0132450331125828	0.088476821192053	-5.56662251655629	-5.1846357615894	1.33509933774834				0.960953642384106	0.0797880794701987	0.253139072847682	-4.60609271523179	-5.29218543046358	1.93403973509934				0.965827814569536	0.110728476821192	-0.10394701986755	-5.59258278145695	-2.65350993377483	3.43973509933775				0.576529801324503	-0.352529801324503	-0.645721854304636	-4.51708609271523	-2.8964238410596	10.3043708609272				0.932026490066225	0.163496688741722	0.245933774834437	-3.9682119205298	0.611920529801325	1.62251655629139				0.399788079470199	0.0811655629139073	-0.868238410596026	1.70039735099338	-4.04238410596027	7.64529801324503			
110	2620	0.967841059602649	-0.0292450331125828	0.088476821192053	-6.12662251655629	-3.5046357615894	1.61509933774834				0.960953642384106	0.0477880794701987	0.269139072847682	-6.84609271523179	-4.45218543046358	0.81403973509934				0.981827814569536	0.110728476821192	-0.11994701986755	-3.63258278145695	-1.81350993377483	3.71973509933775				0.560529801324503	-0.352529801324503	-0.677721854304636	1.36291390728477	-1.4964238410596	12.2643708609272				0.948026490066225	0.147496688741722	0.277933774834437	-1.7282119205298	-0.228079470198675	1.90251655629139				0.399788079470199	0.0811655629139073	-0.884238410596026	3.66039735099338	-6.84238410596027	7.36529801324503			
111	2640	0.983841059602649	-0.0292450331125828	0.056476821192053	-5.84662251655629	-1.2646357615894	1.89509933774834				0.976953642384106	0.0317880794701987	0.285139072847682	-4.04609271523179	-2.49218543046358	1.09403973509934				0.965827814569536	0.0947284768211921	-0.11994701986755	-2.79258278145695	-1.25350993377483	2.87973509933775				0.544529801324503	-0.368529801324503	-0.677721854304636	7.52291390728477	1.8635761589404	9.46437086092715				0.916026490066225	0.147496688741722	0.245933774834437	-4.5282119205298	-0.788079470198675	2.46251655629139				0.383788079470199	0.0651655629139073	-0.900238410596026	5.90039735099338	-6.28238410596027	6.52529801324503			
112	2660	0.983841059602649	-0.0132450331125828	0.056476821192053	-1.64662251655629	-0.704635761589404	2.73509933774834				0.976953642384106	0.0637880794701987	0.285139072847682	-2.36609271523179	-3.61218543046358	1.65403973509934				0.965827814569536	0.110728476821192	-0.10394701986755	-3.35258278145695	-0.693509933774834	2.87973509933775				0.528529801324503	-0.384529801324503	-0.693721854304636	4.72291390728477	1.8635761589404	5.82437086092715				0.932026490066225	0.147496688741722	0.261933774834437	-2.8482119205298	-1.34807947019868	3.86251655629139				0.383788079470199	0.0651655629139073	-0.884238410596026	6.46039735099338	-4.60238410596027	5.68529801324503			
113	2680	0.967841059602649	0.00275496688741723	0.072476821192053	-2.76662251655629	-1.8246357615894	2.45509933774835				0.960953642384106	0.0797880794701987	0.253139072847682	2.39390728476821	-1.09218543046358	1.93403973509934				0.965827814569536	0.110728476821192	-0.10394701986755	-1.11258278145695	-2.65350993377483	4.27973509933775				0.560529801324503	-0.384529801324503	-0.677721854304636	1.36291390728477	2.1435761589404	5.82437086092715				0.932026490066225	0.131496688741722	0.229933774834437	-4.2482119205298	-0.508079470198675	4.14251655629139				0.383788079470199	0.0491655629139073	-0.884238410596026	3.38039735099338	-1.80238410596026	5.40529801324503			
114	2700	0.951841059602649	-0.0132450331125828	0.072476821192053	-2.48662251655629	-1.8246357615894	3.57509933774835				0.960953642384106	0.0797880794701987	0.269139072847682	3.79390728476821	-0.532185430463576	1.93403973509934				0.965827814569536	0.0947284768211921	-0.10394701986755	1.12741721854305	-1.81350993377483	3.43973509933775				0.560529801324503	-0.368529801324503	-0.661721854304636	0.522913907284768	-0.9364238410596	5.82437086092715				0.932026490066225	0.147496688741722	0.245933774834437	-2.8482119205298	-2.18807947019868	4.14251655629139				0.367788079470199	0.0331655629139073	-0.868238410596026	7.58039735099338	-4.88238410596027	5.68529801324503			
115	2720	0.967841059602649	-0.0292450331125828	0.072476821192053	1.71337748344371	-0.424635761589404	2.73509933774834				0.960953642384106	0.0477880794701987	0.237139072847682	2.95390728476821	-3.89218543046358	2.49403973509934				0.981827814569536	0.0947284768211921	-0.0879470198675496	4.48741721854305	-0.133509933774833	3.71973509933775				0.560529801324503	-0.384529801324503	-0.693721854304636	2.48291390728477	2.1435761589404	5.82437086092715				0.932026490066225	0.147496688741722	0.245933774834437	-5.6482119205298	-2.46807947019868	2.46251655629139				0.367788079470199	0.0491655629139073	-0.852238410596026	7.02039735099338	-4.60238410596027	4.28529801324503			
116	2740	0.983841059602649	-0.0292450331125828	0.056476821192053	2.83337748344371	0.975364238410596	2.73509933774834				0.976953642384106	0.0637880794701987	0.237139072847682	1.83390728476821	1.42781456953642	3.33403973509934				0.981827814569536	0.0947284768211921	-0.0879470198675496	0.567417218543046	-0.693509933774834	4.83973509933775				0.560529801324503	-0.384529801324503	-0.693721854304636	6.96291390728477	2.9835761589404	4.98437086092715				0.964026490066225	0.147496688741722	0.229933774834437	-5.9282119205298	-1.34807947019868	1.62251655629139				0.351788079470199	0.0491655629139073	-0.868238410596026	2.54039735099338	-2.08238410596027	4.28529801324503			
117	2760	0.983841059602649	-0.0292450331125828	0.056476821192053	1.15337748344371	-0.144635761589404	3.57509933774835				0.960953642384106	0.0637880794701987	0.269139072847682	1.27390728476821	-1.37218543046358	3.05403973509934				0.965827814569536	0.0787284768211921	-0.10394701986755	0.847417218543046	-0.133509933774833	4.83973509933775				0.576529801324503	-0.416529801324503	-0.693721854304636	4.72291390728477	3.8235761589404	2.74437086092715				0.948026490066225	0.131496688741722	0.229933774834437	0.511788079470198	-0.228079470198675	2.46251655629139				0.351788079470199	0.0651655629139073	-0.884238410596026	1.70039735099338	-0.682384105960265	3.44529801324503			
118	2780	0.967841059602649	-0.0292450331125828	0.040476821192053	-0.526622516556291	-0.704635761589404	3.29509933774834				0.960953642384106	0.0477880794701987	0.269139072847682	3.79390728476821	-1.65218543046358	3.89403973509934				0.981827814569536	0.0947284768211921	-0.0879470198675496	1.96741721854305	1.26649006622517	5.11973509933775				0.592529801324503	-0.400529801324503	-0.677721854304636	1.08291390728477	0.1835761589404	1.06437086092715				0.932026490066225	0.131496688741722	0.245933774834437	0.791788079470198	1.73192052980133	2.18251655629139				0.351788079470199	0.0651655629139073	-0.868238410596026	3.94039735099338	0.437615894039735	2.04529801324503			
119	2800	0.967841059602649	-0.0292450331125828	0.024476821192053	0.873377483443709	-0.424635761589404	2.45509933774835				0.960953642384106	0.0637880794701987	0.285139072847682	2.95390728476821	1.70781456953642	3.89403973509934				0.965827814569536	0.0947284768211921	-0.0879470198675496	1.68741721854305	0.426490066225167	3.71973509933775				0.560529801324503	-0.400529801324503	-0.677721854304636	-0.317086092715232	-1.2164238410596	0.784370860927152				0.932026490066225	0.131496688741722	0.245933774834437	2.4717880794702	-0.508079470198675	1.62251655629139				0.351788079470199	0.0491655629139073	-0.884238410596026	2.26039735099338	0.157615894039735	1.20529801324503			
120	2820	0.983841059602649	-0.0452450331125828	0.024476821192053	1.43337748344371	-1.8246357615894	3.01509933774834				0.944953642384106	0.0637880794701987	0.253139072847682	1.55390728476821	1.42781456953642	3.05403973509934				0.965827814569536	0.0947284768211921	-0.0879470198675496	-0.272582781456954	1.26649006622517	4.83973509933775				0.560529801324503	-0.400529801324503	-0.677721854304636	0.802913907284768	1.3035761589404	0.224370860927152				0.948026490066225	0.131496688741722	0.229933774834437	4.4317880794702	-0.788079470198675	2.18251655629139				0.383788079470199	0.0331655629139073	-0.900238410596026	0.580397350993377	-0.402384105960265	1.76529801324503			
121	2840	0.983841059602649	-0.0292450331125828	0.024476821192053	0.873377483443709	-2.3846357615894	2.45509933774835				0.976953642384106	0.0317880794701987	0.253139072847682	2.11390728476821	0.587814569536424	2.77403973509934				0.981827814569536	0.0947284768211921	-0.11994701986755	1.96741721854305	1.26649006622517	4.83973509933775				0.544529801324503	-0.400529801324503	-0.661721854304636	2.76291390728477	1.0235761589404	0.224370860927152				0.932026490066225	0.131496688741722	0.245933774834437	6.3917880794702	3.41192052980132	2.18251655629139				0.383788079470199	0.0331655629139073	-0.884238410596026	1.98039735099338	-0.962384105960265	2.60529801324503			
122	2860	0.967841059602649	-0.0452450331125828	0.040476821192053	-1.08662251655629	-1.8246357615894	3.57509933774835				0.992953642384106	0.0477880794701987	0.285139072847682	-0.126092715231788	1.14781456953642	2.77403973509934				0.997827814569536	0.0947284768211921	-0.10394701986755	4.48741721854305	1.82649006622517	4.55973509933775				0.544529801324503	-0.384529801324503	-0.661721854304636	3.32291390728477	1.0235761589404	0.504370860927152				0.932026490066225	0.115496688741722	0.245933774834437	3.0317880794702	1.17192052980133	2.18251655629139				0.383788079470199	0.0491655629139073	-0.868238410596026	1.98039735099338	-1.52238410596026	1.20529801324503			
123	2880	0.967841059602649	-0.0452450331125828	0.072476821192053	-2.20662251655629	-0.424635761589404	3.29509933774834				0.976953642384106	0.0637880794701987	0.269139072847682	0.993907284768212	0.0278145695364242	2.49403973509934				0.981827814569536	0.0787284768211921	-0.0879470198675496	1.68741721854305	0.426490066225167	4.27973509933775				0.560529801324503	-0.384529801324503	-0.661721854304636	3.60291390728477	1.8635761589404	1.06437086092715				0.932026490066225	0.131496688741722	0.261933774834437	3.0317880794702	0.611920529801325	1.62251655629139				0.383788079470199	0.0491655629139073	-0.868238410596026	2.26039735099338	-0.962384105960265	-0.474701986754968			
124	2900	0.967841059602649	-0.0292450331125828	0.056476821192053	0.593377483443709	1.2553642384106	3.29509933774834				0.960953642384106	0.0477880794701987	0.285139072847682	3.51390728476821	1.42781456953642	3.33403973509934				0.965827814569536	0.0787284768211921	-0.0879470198675496	-0.832582781456954	0.986490066225167	5.39973509933775				0.544529801324503	-0.400529801324503	-0.661721854304636	5.56291390728477	3.5435761589404	0.784370860927152				0.932026490066225	0.131496688741722	0.261933774834437	3.8717880794702	0.891920529801325	1.90251655629139				0.383788079470199	0.0331655629139073	-0.884238410596026	0.300397350993377	0.717615894039735	-1.59470198675497			
125	2920	0.967841059602649	-0.0292450331125828	0.056476821192053	3.39337748344371	2.0953642384106	3.29509933774834				0.960953642384106	0.0477880794701987	0.269139072847682	4.35390728476821	0.867814569536424	2.49403973509934				0.981827814569536	0.0787284768211921	-0.10394701986755	-2.79258278145695	-1.25350993377483	4.83973509933775				0.576529801324503	-0.400529801324503	-0.677721854304636	6.68291390728477	4.1035761589404	2.74437086092715				0.964026490066225	0.147496688741722	0.245933774834437	-0.328211920529802	1.17192052980133	1.62251655629139				0.399788079470199	0.0331655629139073	-0.900238410596026	2.54039735099338	-0.962384105960265	-0.474701986754968			
126	2940	0	0	0	0	0	0				0	0	0	0	0	0				0	0	0	0	0	0				0.592529801324503	-0.416529801324503	-0.677721854304636	3.88291390728477	1.8635761589404	3.86437086092715				0.948026490066225	0.131496688741722	0.245933774834437	4.9917880794702	0.331920529801325	3.86251655629139				0.367788079470199	0.0331655629139073	-0.884238410596026	5.06039735099338	-1.80238410596026	0.925298013245032			
127	2960	0	0	0	0	0	0				0	0	0	0	0	0				0	0	0	0	0	0				0.576529801324503	-0.416529801324503	-0.693721854304636	5.28291390728477	0.1835761589404	4.70437086092715				0	0	0	0	0	0				0	0	0	0	0	0			
128	3100	0	0	0	0	0	0				0.960953642384106	0.0317880794701987	0.285139072847682	-1.24609271523179	7.02781456953642	3.05403973509934				0.981827814569536	0.0467284768211921	-0.0879470198675496	-2.23258278145695	0.146490066225167	5.67973509933775				0	0	0	0	0	0				0	0	0	0	0	0				0	0	0	0	0	0			
129	3120	0.967841059602649	-0.0932450331125828	0.056476821192053	-4.72662251655629	0.975364238410596	3.01509933774834				0.960953642384106	0.0317880794701987	0.285139072847682	-3.48609271523179	3.38781456953642	2.77403973509934				0.981827814569536	0.0627284768211921	-0.0879470198675496	-2.79258278145695	-0.693509933774834	5.11973509933775				0.560529801324503	-0.400529801324503	-0.661721854304636	1.64291390728477	0.7435761589404	1.34437086092715				0.916026490066225	0.131496688741722	0.261933774834437	2.4717880794702	0.891920529801325	1.90251655629139				0.383788079470199	0.0171655629139073	-0.868238410596026	1.70039735099338	0.157615894039735	1.76529801324503			
130	3140	0.967841059602649	-0.0932450331125828	0.056476821192053	-4.72662251655629	2.0953642384106	3.57509933774835				0.960953642384106	0.0477880794701987	0.269139072847682	-4.32609271523179	2.82781456953642	0.81403973509934				0.981827814569536	0.0627284768211921	-0.0879470198675496	-3.91258278145695	0.706490066225167	4.83973509933775				0.560529801324503	-0.400529801324503	-0.661721854304636	1.64291390728477	0.7435761589404	1.34437086092715				0.932026490066225	0.115496688741722	0.261933774834437	-1.7282119205298	2.01192052980133	0.222516556291392				0.399788079470199	0.0171655629139073	-0.852238410596026	-0.819602649006623	-0.682384105960265	1.76529801324503			
131	3160	0.951841059602649	-0.0612450331125828	0.072476821192053	-2.48662251655629	4.0553642384106	2.17509933774834				0.976953642384106	0.0317880794701987	0.301139072847682	-3.48609271523179	3.38781456953642	2.21403973509934				0.997827814569536	0.0307284768211921	-0.10394701986755	-4.19258278145695	0.146490066225167	4.55973509933775				0.560529801324503	-0.400529801324503	-0.661721854304636	-0.317086092715232	0.7435761589404	-0.0556291390728476				0.932026490066225	0.115496688741722	0.261933774834437	-1.4482119205298	0.611920529801325	1.90251655629139				0.399788079470199	0.0171655629139073	-0.884238410596026	-0.259602649006623	0.717615894039735	1.76529801324503			
132	3180	0.983841059602649	-0.0612450331125828	0.056476821192053	-2.48662251655629	4.8953642384106	1.33509933774834				0.976953642384106	0.0317880794701987	0.285139072847682	-3.20609271523179	0.867814569536424	2.49403973509934				0.981827814569536	0.0307284768211921	-0.0879470198675496	-4.47258278145695	0.706490066225167	5.11973509933775				0.560529801324503	-0.400529801324503	-0.645721854304636	0.802913907284768	2.4235761589404	0.504370860927152				0	0	0	0	0	0				0	0	0	0	0	0			
