No	Time	12-AccX	12-AccY	12-AccZ	12-GyroX	12-GyroY	12-GyroZ	13-AccX	13-AccY	13-AccZ	13-GyroX	13-GyroY	13-GyroZ	14-AccX	14-AccY	14-AccZ	14-GyroX	14-GyroY	14-GyroZ	15-AccX	15-AccY	15-AccZ	15-GyroX	15-GyroY	15-GyroZ	16-AccX	16-AccY	16-AccZ	16-GyroX	16-GyroY	16-GyroZ	17-AccX	17-AccY	17-AccZ	17-GyroX	17-GyroY	17-GyroZ
0	140	0	0	0	0	0	0				0.976953642384106	0.0797880794701987	0.141139072847682	0.153907284768212	-1.65218543046358	0.25403973509934				0	0	0	0	0	0				0	0	0	0	0	0				0	0	0	0	0	0				0	0	0	0	0	0			
1	160	0.983841059602649	0.00275496688741723	0.104476821192053	1.15337748344371	-1.5446357615894	-1.46490066225166				0.992953642384106	0.0797880794701987	0.141139072847682	0.153907284768212	-1.09218543046358	0.25403973509934				0.981827814569536	0.110728476821192	0.0400529801324504	0.847417218543046	-0.413509933774833	-0.76026490066225				0	0	0	0	0	0				0.964026490066225	0.0674966887417219	0.165933774834437	1.6317880794702	-1.34807947019868	0.502516556291392				0.319788079470199	-0.0308344370860927	-0.884238410596026	-0.819602649006623	0.717615894039735	-0.474701986754968			
2	180	0.983841059602649	0.00275496688741723	0.104476821192053	1.71337748344371	-0.984635761589404	-1.46490066225166				0.992953642384106	0.0797880794701987	0.141139072847682	0.993907284768212	-1.09218543046358	0.53403973509934				0.981827814569536	0.126728476821192	0.0400529801324504	1.12741721854305	-0.693509933774834	-0.20026490066225				0.560529801324503	-0.480529801324503	-0.629721854304636	1.92291390728477	0.7435761589404	1.90437086092715				0.964026490066225	0.0674966887417219	0.165933774834437	-0.0482119205298018	-1.90807947019868	0.782516556291392				0.319788079470199	-0.0148344370860927	-0.884238410596026	-1.37960264900662	0.157615894039735	0.0852980132450323			
3	200	0.983841059602649	0.00275496688741723	0.120476821192053	0.593377483443709	-0.144635761589404	-1.74490066225166				0.976953642384106	0.0797880794701987	0.125139072847682	2.11390728476821	-1.93218543046358	1.37403973509934				0.981827814569536	0.142728476821192	0.0560529801324504	0.00741721854304636	-0.693509933774834	-0.20026490066225				0.544529801324503	-0.464529801324503	-0.645721854304636	0.522913907284768	-0.0964238410596001	1.06437086092715				0.964026490066225	0.0834966887417219	0.165933774834437	1.0717880794702	-0.788079470198675	0.222516556291392				0.319788079470199	-0.0308344370860927	-0.900238410596026	-0.539602649006623	-0.402384105960265	-0.194701986754968			
4	220	0.983841059602649	0.00275496688741723	0.120476821192053	0.593377483443709	-0.704635761589404	-0.344900662251656				0.992953642384106	0.0797880794701987	0.125139072847682	2.95390728476821	-2.49218543046358	0.81403973509934				0.981827814569536	0.142728476821192	0.0560529801324504	1.12741721854305	-0.693509933774834	-0.48026490066225				0.544529801324503	-0.464529801324503	-0.645721854304636	0.522913907284768	-1.4964238410596	-0.0556291390728476				0.948026490066225	0.0674966887417219	0.165933774834437	1.0717880794702	0.331920529801325	0.222516556291392				0.335788079470199	-0.0308344370860927	-0.900238410596026	-0.259602649006623	-0.122384105960265	-0.474701986754968			
5	240	0.983841059602649	0.00275496688741723	0.120476821192053	1.43337748344371	-0.144635761589404	-0.624900662251656				0.976953642384106	0.0637880794701987	0.141139072847682	1.83390728476821	-3.05218543046358	0.25403973509934				0.981827814569536	0.126728476821192	0.0400529801324504	1.12741721854305	0.146490066225167	-0.48026490066225				0.560529801324503	-0.464529801324503	-0.645721854304636	0.242913907284768	-0.3764238410596	-0.615629139072848				0.964026490066225	0.0674966887417219	0.165933774834437	1.6317880794702	0.611920529801325	0.222516556291392				0.335788079470199	-0.0148344370860927	-0.900238410596026	0.0203973509933773	-0.122384105960265	-0.754701986754968			
6	260	0.983841059602649	0.00275496688741723	0.104476821192053	1.43337748344371	-0.704635761589404	-1.18490066225166				0.976953642384106	0.0797880794701987	0.125139072847682	0.713907284768212	-2.21218543046358	-0.30596026490066				0.981827814569536	0.126728476821192	0.0560529801324504	1.96741721854305	0.706490066225167	-0.20026490066225				0.544529801324503	-0.464529801324503	-0.645721854304636	1.92291390728477	-0.3764238410596	1.62437086092715				0.964026490066225	0.0834966887417219	0.165933774834437	1.0717880794702	-0.228079470198675	-0.337483443708608				0.335788079470199	-0.0308344370860927	-0.900238410596026	0.300397350993377	-0.122384105960265	-0.754701986754968			
7	280	0.983841059602649	0.00275496688741723	0.104476821192053	1.43337748344371	-0.984635761589404	-0.624900662251656				0.976953642384106	0.0797880794701987	0.125139072847682	1.55390728476821	-1.65218543046358	0.53403973509934				0.981827814569536	0.126728476821192	0.0400529801324504	1.68741721854305	0.146490066225167	-0.20026490066225				0.544529801324503	-0.480529801324503	-0.629721854304636	0.242913907284768	-0.9364238410596	1.90437086092715				0.964026490066225	0.0674966887417219	0.149933774834437	1.3517880794702	-1.34807947019868	0.782516556291392				0.335788079470199	-0.0148344370860927	-0.900238410596026	-0.819602649006623	-0.682384105960265	-0.754701986754968			
8	300	0.967841059602649	0.00275496688741723	0.104476821192053	1.43337748344371	0.135364238410596	-0.904900662251656				0.992953642384106	0.0637880794701987	0.125139072847682	1.55390728476821	-1.09218543046358	1.09403973509934				0.981827814569536	0.126728476821192	0.0560529801324504	1.96741721854305	-0.973509933774833	-0.20026490066225				0.544529801324503	-0.464529801324503	-0.629721854304636	-0.0370860927152318	-0.9364238410596	0.504370860927152				0.948026490066225	0.0674966887417219	0.165933774834437	1.6317880794702	-1.34807947019868	0.502516556291392				0.335788079470199	-0.0308344370860927	-0.884238410596026	-0.539602649006623	-1.24238410596026	0.0852980132450323			
9	320	0.967841059602649	-0.0132450331125828	0.104476821192053	0.593377483443709	0.135364238410596	-1.74490066225166				0.992953642384106	0.0637880794701987	0.141139072847682	1.83390728476821	-0.532185430463576	0.53403973509934				0.981827814569536	0.126728476821192	0.0560529801324504	1.12741721854305	-0.133509933774833	-1.04026490066225				0.544529801324503	-0.448529801324503	-0.645721854304636	0.802913907284768	0.1835761589404	0.224370860927152				0.948026490066225	0.0674966887417219	0.197933774834437	1.6317880794702	2.01192052980133	-0.337483443708608				0.319788079470199	-0.0468344370860927	-0.884238410596026	-0.539602649006623	-0.122384105960265	-0.474701986754968			
10	340	0.983841059602649	0.00275496688741723	0.104476821192053	2.27337748344371	0.975364238410596	-0.624900662251656				0.976953642384106	0.0797880794701987	0.141139072847682	0.993907284768212	-1.37218543046358	-0.30596026490066				0.997827814569536	0.142728476821192	0.0560529801324504	1.40741721854305	0.426490066225167	-0.48026490066225				0.544529801324503	-0.464529801324503	-0.629721854304636	-0.0370860927152318	0.1835761589404	-0.335629139072848				0.948026490066225	0.0674966887417219	0.133933774834437	1.3517880794702	-1.06807947019868	0.222516556291392				0.319788079470199	-0.0148344370860927	-0.884238410596026	0.580397350993377	-0.402384105960265	-0.194701986754968			
11	360	0.967841059602649	-0.0132450331125828	0.104476821192053	0.313377483443709	-0.424635761589404	-1.46490066225166				0.976953642384106	0.0797880794701987	0.141139072847682	1.27390728476821	-1.65218543046358	0.53403973509934				0.981827814569536	0.142728476821192	0.0560529801324504	0.847417218543046	0.146490066225167	-0.76026490066225				0.544529801324503	-0.480529801324503	-0.629721854304636	1.08291390728477	-0.0964238410596001	0.504370860927152				0.948026490066225	0.0674966887417219	0.165933774834437	-2.8482119205298	0.331920529801325	-0.617483443708608				0.319788079470199	-0.0308344370860927	-0.836238410596026	1.14039735099338	-0.122384105960265	1.20529801324503			
12	380	0.967841059602649	0.00275496688741723	0.104476821192053	-0.806622516556291	-0.144635761589404	-1.74490066225166				0.976953642384106	0.0637880794701987	0.125139072847682	-0.966092715231788	0.0278145695364242	0.53403973509934				0.981827814569536	0.110728476821192	0.0560529801324504	0.00741721854304636	-0.693509933774834	-0.48026490066225				0.544529801324503	-0.464529801324503	-0.645721854304636	1.36291390728477	1.3035761589404	1.62437086092715				0.948026490066225	0.0674966887417219	0.181933774834437	-2.5682119205298	2.29192052980133	-0.617483443708608				0.319788079470199	-0.0148344370860927	-0.884238410596026	-0.539602649006623	-0.122384105960265	0.365298013245032			
13	400	0.967841059602649	0.00275496688741723	0.104476821192053	-1.08662251655629	0.135364238410596	-1.18490066225166				0.992953642384106	0.0637880794701987	0.141139072847682	-2.08609271523179	0.307814569536424	0.25403973509934				0.981827814569536	0.126728476821192	0.0560529801324504	0.00741721854304636	-0.693509933774834	-0.76026490066225				0.544529801324503	-0.480529801324503	-0.661721854304636	0.522913907284768	1.8635761589404	1.34437086092715				0.980026490066225	0.0674966887417219	0.133933774834437	-0.0482119205298018	1.17192052980133	-0.617483443708608				0.335788079470199	-0.0308344370860927	-0.884238410596026	-0.539602649006623	0.437615894039735	0.365298013245032			
14	420	0.983841059602649	0.00275496688741723	0.104476821192053	-0.806622516556291	0.135364238410596	-1.46490066225166				0.992953642384106	0.0797880794701987	0.141139072847682	-0.686092715231788	-1.93218543046358	-0.30596026490066				0.981827814569536	0.126728476821192	0.0560529801324504	0.00741721854304636	-0.413509933774833	-1.04026490066225				0.560529801324503	-0.464529801324503	-0.629721854304636	-2.27708609271523	0.1835761589404	0.504370860927152				0.964026490066225	0.0674966887417219	0.165933774834437	-0.328211920529802	0.891920529801325	0.222516556291392				0.351788079470199	-0.0148344370860927	-0.884238410596026	0.860397350993377	0.717615894039735	0.0852980132450323			
15	440	0.967841059602649	0.00275496688741723	0.120476821192053	-0.246622516556291	0.135364238410596	-1.74490066225166				0.976953642384106	0.0797880794701987	0.141139072847682	-1.52609271523179	-3.33218543046358	-0.86596026490066				0.981827814569536	0.126728476821192	0.0560529801324504	-0.552582781456954	-1.25350993377483	-1.04026490066225				0.544529801324503	-0.480529801324503	-0.645721854304636	-1.43708609271523	-0.0964238410596001	1.06437086092715				0.980026490066225	0.0674966887417219	0.181933774834437	-0.888211920529802	0.611920529801325	-0.337483443708608				0.335788079470199	-0.0148344370860927	-0.900238410596026	-1.37960264900662	0.997615894039735	0.645298013245032			
16	460	0.983841059602649	-0.0132450331125828	0.104476821192053	-1.36662251655629	0.695364238410596	-1.46490066225166				0.992953642384106	0.0797880794701987	0.125139072847682	-2.36609271523179	-2.77218543046358	-0.0259602649006601				0.981827814569536	0.142728476821192	0.0400529801324504	-0.552582781456954	-0.973509933774833	-1.04026490066225				0.544529801324503	-0.464529801324503	-0.629721854304636	-0.597086092715232	0.1835761589404	2.18437086092715				0.964026490066225	0.0674966887417219	0.165933774834437	-0.888211920529802	-1.06807947019868	0.222516556291392				0.319788079470199	-0.0148344370860927	-0.900238410596026	0.300397350993377	-0.402384105960265	0.365298013245032			
17	480	0.983841059602649	0.00275496688741723	0.104476821192053	-1.36662251655629	0.695364238410596	-1.18490066225166				0.992953642384106	0.0797880794701987	0.125139072847682	-1.24609271523179	-2.77218543046358	-0.30596026490066				0.981827814569536	0.126728476821192	0.0400529801324504	-0.552582781456954	-0.413509933774833	-0.48026490066225				0.560529801324503	-0.464529801324503	-0.645721854304636	-0.877086092715232	0.7435761589404	2.18437086092715				0.948026490066225	0.0834966887417219	0.165933774834437	-0.888211920529802	-0.228079470198675	0.502516556291392				0.319788079470199	-0.0308344370860927	-0.884238410596026	-0.259602649006623	-0.402384105960265	0.645298013245032			
18	500	0.983841059602649	0.0187549668874172	0.104476821192053	-1.36662251655629	1.2553642384106	-1.18490066225166				0.992953642384106	0.0797880794701987	0.125139072847682	-0.686092715231788	-1.93218543046358	-0.30596026490066				0.981827814569536	0.142728476821192	0.0400529801324504	0.00741721854304636	-1.81350993377483	-0.76026490066225				0.544529801324503	-0.480529801324503	-0.629721854304636	0.242913907284768	1.0235761589404	2.18437086092715				0.948026490066225	0.0674966887417219	0.165933774834437	-1.1682119205298	-0.508079470198675	-0.0574834437086077				0.319788079470199	-0.0148344370860927	-0.884238410596026	-1.09960264900662	0.157615894039735	0.645298013245032			
19	520	0.967841059602649	0.00275496688741723	0.104476821192053	-1.08662251655629	1.8153642384106	-1.74490066225166				0.992953642384106	0.0797880794701987	0.109139072847682	-0.126092715231788	-0.532185430463576	-0.0259602649006601				0.981827814569536	0.142728476821192	0.0400529801324504	1.12741721854305	-1.25350993377483	-0.76026490066225				0.560529801324503	-0.464529801324503	-0.645721854304636	-1.71708609271523	0.1835761589404	0.784370860927152				0.948026490066225	0.0674966887417219	0.165933774834437	-0.888211920529802	-1.34807947019868	0.782516556291392				0.319788079470199	-0.0148344370860927	-0.884238410596026	-1.65960264900662	0.717615894039735	0.365298013245032			
20	540	0.999841059602649	0.0187549668874172	0.088476821192053	-1.64662251655629	0.135364238410596	-2.30490066225166				0.976953642384106	0.0477880794701987	0.141139072847682	-0.686092715231788	1.14781456953642	-1.14596026490066				0.949827814569536	0.126728476821192	0.0720529801324504	4.48741721854305	-1.81350993377483	-1.32026490066225				0.576529801324503	-0.480529801324503	-0.645721854304636	-2.27708609271523	-0.9364238410596	1.62437086092715				0.964026490066225	0.0674966887417219	0.181933774834437	-0.328211920529802	-1.34807947019868	0.502516556291392				0.335788079470199	-0.0148344370860927	-0.884238410596026	-2.21960264900662	1.27761589403974	0.925298013245032			
21	560	1.01584105960265	0.0347549668874172	0.088476821192053	-1.64662251655629	-0.424635761589404	-3.14490066225166				0.976953642384106	0.0637880794701987	0.157139072847682	-0.966092715231788	3.38781456953642	-3.38596026490066				0.917827814569536	0.158728476821192	0.0240529801324504	16.247417218543	2.10649006622517	-4.12026490066225				0.544529801324503	-0.464529801324503	-0.629721854304636	-0.597086092715232	-1.7764238410596	1.34437086092715				0.948026490066225	0.0674966887417219	0.149933774834437	0.791788079470198	-1.62807947019868	0.502516556291392				0.335788079470199	-0.0308344370860927	-0.900238410596026	-4.17960264900662	0.997615894039735	0.645298013245032			
22	580	1.03184105960265	0.0667549668874172	0.088476821192053	-2.48662251655629	0.415364238410596	-3.14490066225166				1.00895364238411	0.127788079470199	0.141139072847682	7.15390728476821	3.94781456953642	-5.90596026490066				0.997827814569536	0.0627284768211921	-0.0239470198675496	22.967417218543	11.3464900662252	1.75973509933775				0.528529801324503	-0.464529801324503	-0.629721854304636	-0.877086092715232	-1.2164238410596	1.06437086092715				0.948026490066225	0.0674966887417219	0.197933774834437	1.6317880794702	0.0519205298013249	-0.337483443708608				0.319788079470199	-0.0308344370860927	-0.884238410596026	-3.61960264900662	0.717615894039735	-0.474701986754968			
23	600	1.01584105960265	0.0827549668874172	0.072476821192053	1.15337748344371	0.415364238410596	-4.82490066225166				1.04095364238411	0.159788079470199	0.141139072847682	11.9139072847682	0.867814569536424	-7.30596026490066				1.06182781456954	0.142728476821192	-0.00794701986754963	17.927417218543	4.62649006622517	4.83973509933775				0.544529801324503	-0.464529801324503	-0.629721854304636	-0.317086092715232	1.0235761589404	0.784370860927152				0.964026490066225	0.0834966887417219	0.181933774834437	-2.5682119205298	2.29192052980133	-1.17748344370861				0.303788079470199	-0.0148344370860927	-0.916238410596027	-1.93960264900662	2.11761589403974	-1.87470198675497			
24	620	1.01584105960265	0.0987549668874172	0.072476821192053	6.19337748344371	-3.5046357615894	-9.86490066225166				1.00895364238411	0.191788079470199	0.141139072847682	9.11390728476821	-0.252185430463576	-9.54596026490066				0.933827814569536	0.302728476821192	0.0560529801324504	16.247417218543	4.06649006622517	-1.88026490066225				0.576529801324503	-0.480529801324503	-0.629721854304636	1.08291390728477	3.5435761589404	-1.17562913907285				0.980026490066225	0.0834966887417219	0.165933774834437	-0.608211920529802	5.37192052980133	-1.45748344370861				0.319788079470199	-0.0148344370860927	-0.916238410596027	-1.09960264900662	3.79761589403974	-1.87470198675497			
25	640	1.01584105960265	0.0987549668874172	0.024476821192053	8.99337748344371	-10.7846357615894	-13.2249006622517				0.944953642384106	0.159788079470199	0.157139072847682	14.7139072847682	-3.61218543046358	-9.26596026490066				0.981827814569536	0.286728476821192	0.18405298013245	6.72741721854305	14.1464900662252	-4.68026490066225				0.592529801324503	-0.480529801324503	-0.645721854304636	1.92291390728477	3.8235761589404	-0.335629139072848				0.964026490066225	0.0994966887417219	0.133933774834437	-1.1682119205298	4.81192052980133	-3.13748344370861				0.335788079470199	-0.0308344370860927	-0.884238410596026	0.0203973509933773	2.39761589403974	-0.754701986754968			
26	660	1.04784105960265	0.0667549668874172	-0.055523178807947	0.873377483443709	-18.3446357615894	-16.3049006622517				0.960953642384106	0.191788079470199	0.0931390728476822	22.5539072847682	-6.97218543046358	-7.86596026490066				1.01382781456954	0.158728476821192	-0.0239470198675496	44.247417218543	-9.09350993377483	0.63973509933775				0.576529801324503	-0.464529801324503	-0.645721854304636	2.20291390728477	1.3035761589404	-0.335629139072848				0.948026490066225	0.115496688741722	0.149933774834437	-2.8482119205298	0.611920529801325	-4.25748344370861				0.319788079470199	-0.0308344370860927	-0.852238410596026	-3.61960264900662	-1.24238410596026	-0.194701986754968			
27	680	0.983841059602649	0.0827549668874172	-0.119523178807947	-12.2866225165563	-27.8646357615894	-17.7049006622517				0.976953642384106	0.191788079470199	0.0931390728476822	24.2339072847682	-1.37218543046358	-5.90596026490066				0.981827814569536	0.206728476821192	0.0240529801324504	43.4074172185431	-3.77350993377483	2.31973509933775				0.560529801324503	-0.448529801324503	-0.677721854304636	1.92291390728477	0.4635761589404	-1.45562913907285				0.964026490066225	0.131496688741722	0.165933774834437	-1.4482119205298	-3.86807947019868	-6.49748344370861				0.303788079470199	0.0171655629139073	-0.868238410596026	-5.85960264900662	-4.32238410596027	0.0852980132450323			
28	700	0.999841059602649	0.0667549668874172	-0.055523178807947	-2.20662251655629	-37.1046357615894	-18.2649006622517				0.960953642384106	0.175788079470199	0.157139072847682	29.5539072847682	2.26781456953642	-3.10596026490066				0.981827814569536	0.126728476821192	0.18405298013245	5.04741721854305	0.986490066225167	8.19973509933775				0.544529801324503	-0.448529801324503	-0.693721854304636	-0.597086092715232	1.5835761589404	-3.41562913907285				0.948026490066225	0.163496688741722	0.149933774834437	-5.3682119205298	-3.58807947019868	-8.17748344370861				0.303788079470199	0.0491655629139073	-0.852238410596026	-10.0596026490066	-0.962384105960265	1.48529801324503			
29	720	1.03184105960265	0.0347549668874172	-0.055523178807947	13.1933774834437	-44.6646357615894	-16.3049006622517				0.976953642384106	0.159788079470199	0.173139072847682	31.2339072847682	1.14781456953642	1.37403973509934				1.01382781456954	0.0147284768211921	0.0880529801324504	-7.83258278145695	1.82649006622517	10.4397350993378				0.560529801324503	-0.448529801324503	-0.725721854304636	-5.63708609271523	1.3035761589404	-3.69562913907285				0.932026490066225	0.179496688741722	0.149933774834437	-4.8082119205298	1.73192052980133	-8.73748344370861				0.303788079470199	0.0491655629139073	-0.868238410596026	-14.5396026490066	1.27761589403974	1.48529801324503			
30	740	0.999841059602649	-0.0132450331125828	-0.071523178807947	5.35337748344371	-47.1846357615894	-8.74490066225166				1.00895364238411	0.143788079470199	0.157139072847682	21.4339072847682	-0.532185430463576	2.77403973509934				0.997827814569536	0.110728476821192	0.0400529801324504	4.48741721854305	2.66649006622517	9.03973509933775				0.560529801324503	-0.448529801324503	-0.725721854304636	-7.59708609271523	2.9835761589404	-3.97562913907285				0.948026490066225	0.163496688741722	0.181933774834437	-2.5682119205298	7.05192052980133	-11.2574834437086				0.319788079470199	0.0811655629139073	-0.868238410596026	-13.9796026490066	0.717615894039735	1.20529801324503			
31	760	0.967841059602649	-0.0932450331125828	-0.071523178807947	-12.2866225165563	-46.0646357615894	-4.54490066225166				0.976953642384106	0.0797880794701987	0.141139072847682	10.2339072847682	-2.77218543046358	2.49403973509934				1.01382781456954	0.190728476821192	0.0400529801324504	0.567417218543046	-0.693509933774834	9.03973509933775				0.544529801324503	-0.448529801324503	-0.725721854304636	-11.5170860927152	1.8635761589404	-4.25562913907285				0.932026490066225	0.147496688741722	0.165933774834437	2.7517880794702	9.01192052980133	-12.0974834437086				0.367788079470199	0.0811655629139073	-0.868238410596026	-12.2996026490066	-0.402384105960265	1.76529801324503			
32	780	0.935841059602649	-0.0772450331125828	-0.039523178807947	-26.0066225165563	-37.3846357615894	-3.42490066225166				0.960953642384106	0.0477880794701987	0.109139072847682	-0.686092715231788	-1.93218543046358	3.89403973509934				0.997827814569536	0.174728476821192	0.00805298013245037	-6.15258278145695	-8.81350993377484	7.91973509933775				0.512529801324503	-0.416529801324503	-0.709721854304636	-18.5170860927152	-0.0964238410596001	-2.57562913907285				0.948026490066225	0.131496688741722	0.165933774834437	6.1117880794702	8.73192052980133	-12.0974834437086				0.415788079470199	0.0651655629139073	-0.884238410596026	-10.8996026490066	-1.80238410596026	2.04529801324503			
33	800	0.951841059602649	0.0347549668874172	0.024476821192053	-24.3266225165563	-32.0646357615894	-7.06490066225166				0.976953642384106	0.0477880794701987	0.141139072847682	-10.7660927152318	1.14781456953642	3.33403973509934				0.981827814569536	0.142728476821192	-0.00794701986754963	-8.67258278145695	-12.7335099337748	4.55973509933775				0.496529801324503	-0.368529801324503	-0.693721854304636	-22.7170860927152	-0.6564238410596	-0.615629139072848				0.948026490066225	0.131496688741722	0.165933774834437	4.1517880794702	4.81192052980133	-10.1374834437086				0.447788079470199	0.0651655629139073	-0.884238410596026	-11.7396026490066	-0.122384105960265	3.72529801324503			
34	820	0.935841059602649	0.114754966887417	0.00847682119205304	-25.4466225165563	-30.3846357615894	-10.1449006622517				1.02495364238411	0.0797880794701987	0.157139072847682	-15.8060927152318	-0.252185430463576	1.09403973509934				0.981827814569536	0.0947284768211921	0.0720529801324504	-12.592582781457	-7.41350993377483	4.27973509933775				0.448529801324503	-0.352529801324503	-0.677721854304636	-20.1970860927152	0.7435761589404	3.86437086092715				0.932026490066225	0.131496688741722	0.181933774834437	1.0717880794702	3.13192052980133	-7.61748344370861				0.463788079470199	0.0491655629139073	-0.900238410596026	-9.49960264900662	0.997615894039735	7.08529801324503			
35	840	0.919841059602649	0.0827549668874172	0.088476821192053	-40.8466225165563	-29.2646357615894	-3.98490066225166				1.00895364238411	0.127788079470199	0.157139072847682	-23.3660927152318	-6.69218543046358	-0.0259602649006601				0.981827814569536	0.0947284768211921	0.10405298013245	-30.232582781457	-7.97350993377484	7.07973509933775				0.432529801324503	-0.352529801324503	-0.693721854304636	-22.9970860927152	3.8235761589404	6.10437086092715				0.900026490066225	0.131496688741722	0.213933774834437	-4.5282119205298	5.93192052980133	-5.37748344370861				0.463788079470199	0.0491655629139073	-0.884238410596026	-5.29960264900662	2.67761589403974	13.525298013245			
36	860	0.887841059602649	0.0667549668874172	0.072476821192053	-56.5266225165563	-22.8246357615894	2.45509933774835				0.976953642384106	0.159788079470199	0.157139072847682	-34.5660927152318	-6.41218543046358	-0.86596026490066				1.01382781456954	0.126728476821192	0.0880529801324504	-41.992582781457	-6.85350993377483	8.75973509933775				0.464529801324503	-0.320529801324503	-0.677721854304636	-21.3170860927152	10.2635761589404	11.7043708609272				0.948026490066225	0.147496688741722	0.229933774834437	-12.0882119205298	6.21192052980133	-5.09748344370861				0.463788079470199	0.0171655629139073	-0.820238410596026	-4.17960264900662	2.95761589403974	19.125298013245			
37	880	0.887841059602649	0.0347549668874172	0.056476821192053	-59.6066225165563	-6.8646357615894	3.29509933774834				0.960953642384106	0.143788079470199	0.189139072847682	-50.2460927152318	-7.53218543046358	-0.585960264900661				0.997827814569536	0.206728476821192	0.15205298013245	-43.952582781457	-7.69350993377483	10.1597350993378				0.544529801324503	-0.384529801324503	-0.709721854304636	-14.5970860927152	14.1835761589404	18.7043708609272				0.964026490066225	0.179496688741722	0.213933774834437	-18.8082119205298	2.85192052980133	-7.05748344370861				0.495788079470199	0.00116556291390731	-0.804238410596027	-6.13960264900662	2.67761589403974	26.125298013245			
38	900	0.887841059602649	0.0347549668874172	0.024476821192053	-64.6466225165563	3.4953642384106	2.45509933774835				0.912953642384106	0.175788079470199	0.173139072847682	-62.5660927152318	-9.77218543046358	-0.30596026490066				1.04582781456954	0.206728476821192	0.21605298013245	-46.192582781457	-12.7335099337748	9.87973509933775				0.576529801324503	-0.464529801324503	-0.773721854304636	-17.1170860927152	12.7835761589404	23.1843708609272				0.948026490066225	0.195496688741722	0.245933774834437	-25.5282119205298	-5.82807947019868	-9.29748344370861				0.559788079470199	0.00116556291390731	-0.788238410596027	-10.8996026490066	1.27761589403974	32.285298013245			
39	920	0.919841059602649	0.0987549668874172	0.040476821192053	-70.5266225165563	7.4153642384106	-1.18490066225166				0.896953642384106	0.175788079470199	0.205139072847682	-65.6460927152318	2.26781456953642	-5.34596026490066				0.997827814569536	0.158728476821192	0.15205298013245	-48.152582781457	-24.4935099337748	9.31973509933775				0.496529801324503	-0.448529801324503	-0.805721854304636	-28.5970860927152	13.3435761589404	21.5043708609272				0.916026490066225	0.195496688741722	0.245933774834437	-37.5682119205298	-10.3080794701987	-14.8974834437086				0.559788079470199	0.0331655629139073	-0.788238410596027	-15.0996026490066	-2.64238410596027	39.285298013245			
40	940	0.967841059602649	0.114754966887417	-0.00752317880794696	-81.7266225165563	3.7753642384106	-2.58490066225166				0	0	0	0	0	0				0.997827814569536	0.142728476821192	0.12005298013245	-52.352582781457	-31.7735099337748	12.1197350993378				0	0	0	0	0	0				0	0	0	0	0	0				0	0	0	0	0	0			
41	1080	0	0	0	0	0	0				0	0	0	0	0	0				0	0	0	0	0	0				0	0	0	0	0	0				0	0	0	0	0	0				0.559788079470199	0.209165562913907	-0.900238410596026	-50.0996026490066	-14.1223841059603	93.325298013245			
42	1100	0	0	0	0	0	0				0	0	0	0	0	0				0	0	0	0	0	0				0.448529801324503	-0.368529801324503	-0.853721854304636	-62.7570860927152	48.3435761589404	98.5043708609272				0.996026490066225	0.435496688741722	0.165933774834437	-139.48821192053	-9.46807947019868	-35.6174834437086				0.479788079470199	0.289165562913907	-0.884238410596026	-42.5396026490066	-18.0423841059603	111.805298013245			
43	1120	0.711841059602649	0.290754966887417	0.616476821192053	-173.006622516556	44.6553642384106	32.9750993377484				0.912953642384106	0.383788079470199	0.189139072847682	-163.926092715232	-28.8121854304636	-24.3859602649007				0.885827814569536	0.334728476821192	-0.0399470198675496	-123.752582781457	-25.0535099337748	50.7597350993378				0.464529801324503	-0.576529801324503	-0.789721854304636	-82.3570860927152	60.9435761589404	108.584370860927				0.932026490066225	0.387496688741722	0.101933774834437	-147.60821192053	-9.46807947019868	-35.8974834437086				0.383788079470199	0.337165562913907	-0.820238410596026	-50.3796026490066	-7.40238410596027	129.445298013245			
44	1140	0.663841059602649	0.322754966887417	0.536476821192053	-157.046622516556	69.5753642384106	31.2950993377483				0.736953642384106	0.351788079470199	0.0931390728476822	-169.526092715232	-31.8921854304636	-20.7459602649007				0.869827814569536	0.366728476821192	-0.13594701986755	-129.912582781457	-30.6535099337748	52.4397350993378				0.384529801324503	-0.512529801324503	-0.789721854304636	-100.557086092715	53.3835761589404	115.864370860927				0.820026490066225	0.307496688741722	0.0219337748344371	-148.72821192053	-8.06807947019868	-37.0174834437086				0.271788079470199	0.369165562913907	-0.724238410596026	-54.8596026490066	-3.20238410596026	138.685298013245			
45	1160	0.727841059602649	0.418754966887417	0.424476821192053	-136.606622516556	79.9353642384106	25.4150993377483				0.592953642384106	0.287788079470199	0.0131390728476822	-158.886092715232	-15.0921854304636	-14.8659602649007				0.837827814569536	0.446728476821192	-0.24794701986755	-132.432582781457	-35.6935099337748	51.5997350993377				0.240529801324503	-0.416529801324503	-0.741721854304636	-120.717086092715	36.8635761589404	114.464370860927				0.708026490066225	0.227496688741722	-0.0100662251655629	-147.32821192053	-6.94807947019868	-40.6574834437086				0.175788079470199	0.353165562913907	-0.676238410596026	-50.6596026490066	-8.80238410596027	143.165298013245			
46	1180	1.07984105960265	0.578754966887417	0.072476821192053	-169.926622516556	65.9353642384106	11.4150993377483				0.576953642384106	0.223788079470199	-0.0668609271523178	-156.646092715232	7.86781456953642	-11.7859602649007				0.853827814569536	0.542728476821192	-0.26394701986755	-146.712582781457	-48.5735099337748	51.3197350993377				0.160529801324503	-0.400529801324503	-0.629721854304636	-129.957086092715	32.3835761589404	116.424370860927				0.724026490066225	0.211496688741722	0.0219337748344371	-148.16821192053	-7.22807947019868	-44.0174834437086				0.127788079470199	0.337165562913907	-0.708238410596026	-59.0596026490066	-14.1223841059603	138.125298013245			
47	1200	2.02384105960265	-0.0132450331125828	-0.967523178807947	-197.926622516556	-28.7046357615894	28.7750993377483				1.24895364238411	-0.128211920529801	-0.0668609271523178	-179.326092715232	78.1478145695364	-7.30596026490066				1.07782781456954	0.478728476821192	-0.32794701986755	-178.912582781457	-56.6935099337748	46.8397350993378				0.256529801324503	-0.272529801324503	-0.709721854304636	-112.597086092715	42.4635761589404	134.064370860927				1.23602649006623	0.259496688741722	0.453933774834437	-115.12821192053	-4.70807947019868	-41.2174834437086				-0.000211920529801336	0.161165562913907	-1.02823841059603	-71.3796026490066	-13.2823841059603	125.245298013245			
48	1220	0.295841059602649	-0.269245033112583	-1.12752317880795	-122.326622516556	-51.6646357615894	41.3750993377484				2.00095364238411	-0.160211920529801	0.813139072847682	-257.166092715232	86.2678145695364	-43.9859602649007				1.42982781456954	-0.305271523178808	-0.42394701986755	-223.712582781457	-77.4135099337748	25.2797350993378				0.352529801324503	-0.720529801324503	-0.869721854304636	-62.7570860927152	83.6235761589404	148.624370860927				1.20402649006623	-0.0605033112582781	0.117933774834437	-147.32821192053	13.7719205298013	-39.2574834437086				-0.000211920529801336	0.177165562913907	-1.54023841059603	-109.459602649007	32.3576158940397	97.525298013245			
49	1240	0.231841059602649	-0.957245033112583	-0.071523178807947	-99.0866225165563	14.9753642384106	44.1750993377484				1.18495364238411	0.303788079470199	0.253139072847682	-128.646092715232	-96.0121854304636	-48.1859602649007				1.46182781456954	-0.0172715231788079	-0.63194701986755	-190.672582781457	-69.8535099337748	14.9197350993378				0.672529801324503	-1.2645298013245	-0.709721854304636	-62.1970860927152	95.6635761589404	115.584370860927				1.30002649006623	0.115496688741722	-0.458066225165563	-204.44821192053	31.4119205298013	-41.2174834437086				0.239788079470199	0.225165562913907	-1.39623841059603	-17.6196026490066	46.9176158940397	125.245298013245			
50	1260	0.823841059602649	-0.413245033112583	-0.071523178807947	-140.246622516556	15.5353642384106	12.2550993377483				0.896953642384106	0.287788079470199	-0.770860927152318	-86.0860927152318	-24.0521854304636	-19.0659602649007				1.22182781456954	0.286728476821192	-0.83994701986755	-133.272582781457	-63.4135099337748	13.2397350993378				0.832529801324503	-1.0085298013245	-0.805721854304636	-70.5970860927152	72.9835761589404	108.584370860927				1.10802649006623	-0.0285033112582781	0.117933774834437	-69.2082119205298	42.8919205298013	-34.7774834437086				0.207788079470199	-0.158834437086093	-0.980238410596026	-23.7796026490066	5.75761589403974	140.365298013245			
51	1280	1.14384105960265	-0.0772450331125828	0.056476821192053	-170.486622516556	17.7753642384106	17.8550993377483				1.04095364238411	0.319788079470199	-0.242860927152318	-194.446092715232	42.5878145695364	-34.4659602649007				0.629827814569536	-0.129271523178808	-0.56794701986755	-156.792582781457	-82.1735099337748	6.79973509933775				0.672529801324503	-0.816529801324503	-0.917721854304636	-113.717086092715	61.7835761589404	105.224370860927				1.17202649006623	-0.0765033112582781	0.469933774834437	-95.5282119205298	2.85192052980133	-47.9374834437086				0.351788079470199	-0.302834437086093	-0.948238410596026	-36.3796026490066	-31.7623841059603	139.525298013245			
52	1300	0.871841059602649	0.178754966887417	0.024476821192053	-138.286622516556	21.4153642384106	19.8150993377483				1.05695364238411	0.255788079470199	0.141139072847682	-193.886092715232	21.8678145695364	-31.6659602649007				0.309827814569536	-0.257271523178808	-0.11994701986755	-197.672582781457	-68.4535099337748	11.8397350993378				0.512529801324503	-0.704529801324503	-0.757721854304636	-151.797086092715	43.8635761589404	92.6243708609272				1.22002649006623	0.163496688741722	0.181933774834437	-178.68821192053	-13.3880794701987	-64.4574834437086				0.351788079470199	-0.142834437086093	-0.868238410596026	-55.4196026490066	-37.6423841059603	147.925298013245			
53	1320	0.951841059602649	0.0347549668874172	0.040476821192053	-105.806622516556	46.6153642384106	25.1350993377483				1.08895364238411	0.191788079470199	0.0611390728476822	-162.806092715232	-21.8121854304636	-26.6259602649007				0.437827814569536	-0.161271523178808	-0.13594701986755	-214.192582781457	-17.7735099337748	29.4797350993378				0.352529801324503	-0.512529801324503	-0.645721854304636	-137.517086092715	28.7435761589404	89.8243708609272				1.04402649006623	0.147496688741722	-0.0260662251655629	-155.72821192053	-36.3480794701987	-56.8974834437086				0.351788079470199	0.193165562913907	-0.836238410596026	-118.979602649007	5.75761589403974	161.085298013245			
54	1340	1.06384105960265	0.226754966887417	0.200476821192053	-100.206622516556	49.9753642384106	9.45509933774835				0.896953642384106	0.0477880794701987	-0.290860927152318	-160.846092715232	-27.1321854304636	-22.4259602649007				0.597827814569536	-0.113271523178808	-0.26394701986755	-210.552582781457	14.1464900662252	36.4797350993378				0.256529801324503	-0.368529801324503	-0.549721854304636	-114.837086092715	38.2635761589404	89.2643708609272				0.836026490066225	0.0674966887417219	0.197933774834437	-127.72821192053	-40.8280794701987	-52.1374834437086				0.255788079470199	0.369165562913907	-0.820238410596026	-99.0996026490066	7.43761589403974	162.765298013245			
55	1360	1.04784105960265	0.0827549668874172	0.168476821192053	-100.206622516556	34.2953642384106	1.33509933774834				0.784953642384106	0.0477880794701987	-0.114860927152318	-172.606092715232	7.58781456953643	-27.4659602649007				0.597827814569536	-0.0972715231788079	-0.23194701986755	-222.032582781457	26.4664900662252	39.8397350993378				0.224529801324503	-0.272529801324503	-0.453721854304636	-107.277086092715	53.9435761589404	86.4643708609272				0.740026490066225	0.147496688741722	0.213933774834437	-159.08821192053	-29.9080794701987	-51.5774834437086				0.0957880794701987	0.433165562913907	-0.740238410596026	-67.1796026490066	9.67761589403974	147.365298013245			
56	1380	0.935841059602649	0.0827549668874172	-0.00752317880794696	-82.5666225165563	31.7753642384106	-5.66490066225166				0.864953642384106	0.175788079470199	0.0771390728476822	-148.246092715232	13.4678145695364	-31.3859602649007				0.661827814569536	-0.161271523178808	-0.0559470198675496	-232.952582781457	57.5464900662252	33.3997350993378				0.272529801324503	-0.240529801324503	-0.357721854304636	-102.517086092715	56.7435761589404	84.5043708609272				0.740026490066225	0.163496688741722	0.0859337748344371	-166.36821192053	-16.7480794701987	-47.0974834437086				0.0317880794701987	0.417165562913907	-0.820238410596026	-64.6596026490066	20.5976158940397	130.565298013245			
57	1400	0.903841059602649	-0.0932450331125828	-0.231523178807947	-73.6066225165563	45.4953642384106	2.17509933774834				0.880953642384106	0.191788079470199	0.189139072847682	-118.566092715232	3.94781456953642	-28.3059602649007				0.789827814569536	0.126728476821192	0.52005298013245	-183.952582781457	37.9464900662252	41.2397350993378				0.432529801324503	-0.192529801324503	-0.405721854304636	-66.9570860927152	65.7035761589404	90.3843708609272				0.820026490066225	0.195496688741722	0.149933774834437	-152.64821192053	-11.9880794701987	-43.7374834437086				0.0157880794701987	0.289165562913907	-0.948238410596026	-39.7396026490066	17.7976158940397	115.725298013245			
58	1420	0.935841059602649	-0.285245033112583	-0.199523178807947	-61.0066225165563	50.2553642384106	11.1350993377483				0.864953642384106	0.143788079470199	0.0931390728476822	-106.246092715232	-4.45218543046358	-23.5459602649007				1.10982781456954	0.350728476821192	0.40805298013245	-227.352582781457	58.9464900662252	61.3997350993378				0.560529801324503	-0.256529801324503	-0.533721854304636	-31.6770860927152	78.0235761589404	88.4243708609272				0.868026490066225	0.211496688741722	0.181933774834437	-150.96821192053	-11.4280794701987	-39.8174834437086				0.0317880794701987	0.193165562913907	-0.948238410596026	-38.0596026490066	15.5576158940397	104.805298013245			
59	1440	1.01584105960265	-0.333245033112583	-0.119523178807947	-54.5666225165563	38.4953642384106	5.25509933774834				0.960953642384106	0.111788079470199	0.0931390728476822	-118.566092715232	22.1478145695364	-20.1859602649007				1.14182781456954	0.334728476821192	0.0560529801324504	-188.712582781457	79.9464900662252	72.0397350993377				0.736529801324503	-0.432529801324503	-0.677721854304636	-28.5970860927152	74.9435761589404	73.8643708609272				0.884026490066225	0.227496688741722	0.181933774834437	-133.60821192053	-10.5880794701987	-35.3374834437086				0.0797880794701987	0.161165562913907	-0.980238410596026	-56.2596026490066	8.83761589403974	100.325298013245			
60	1460	1.17584105960265	-0.413245033112583	-0.103523178807947	-83.1266225165563	-10.2246357615894	-9.58490066225166				0.944953642384106	-0.000211920529801304	0.349139072847682	-102.046092715232	26.0678145695364	-13.4659602649007				1.09382781456954	0.270728476821192	-0.11994701986755	-122.072582781457	97.3064900662252	77.0797350993378				0.960529801324503	-0.496529801324503	-0.773721854304636	-48.1970860927152	50.3035761589404	67.1443708609272				0.884026490066225	0.275496688741722	0.245933774834437	-111.48821192053	-8.34807947019868	-33.3774834437086				0.175788079470199	0.241165562913907	-0.964238410596026	-45.0596026490066	-6.00238410596027	98.925298013245			
61	1480	1.07984105960265	-0.269245033112583	-0.215523178807947	-125.686622516556	-49.4246357615894	-30.8649006622517				0.960953642384106	-0.0802119205298013	0.269139072847682	-98.9660927152318	19.3478145695364	-7.86596026490066				0.821827814569536	0.190728476821192	0.31205298013245	-131.312582781457	109.066490066225	64.1997350993378				0.944529801324503	-0.480529801324503	-0.741721854304636	-86.8370860927152	25.6635761589404	64.6243708609272				0.900026490066225	0.243496688741722	0.293933774834437	-90.2082119205298	-6.10807947019868	-28.6174834437086				0.239788079470199	0.257165562913907	-0.916238410596027	-41.4196026490066	-7.12238410596027	94.165298013245			
62	1500	1.22384105960265	-0.0932450331125828	-0.359523178807947	-170.766622516556	-84.4246357615894	-53.2649006622517				0.976953642384106	-0.000211920529801304	0.221139072847682	-105.126092715232	10.1078145695364	-6.18596026490066				0.965827814569536	0.334728476821192	0.24805298013245	-169.952582781457	118.586490066225	54.3997350993378				0.672529801324503	-0.416529801324503	-0.613721854304636	-104.477086092715	9.7035761589404	61.5443708609272				0.916026490066225	0.179496688741722	0.325933774834437	-78.7282119205298	-2.46807947019868	-28.0574834437086				0.287788079470199	0.209165562913907	-0.900238410596026	-37.4996026490066	-6.00238410596027	87.725298013245			
63	1520	1.22384105960265	0.242754966887417	-0.551523178807947	-216.966622516556	-142.104635761589	-90.5049006622517				0.736953642384106	-0.0162119205298013	0.269139072847682	-102.606092715232	9.82781456953643	-0.30596026490066				1.26982781456954	0.478728476821192	-0.0399470198675496	-163.232582781457	132.306490066225	49.9197350993378				0.528529801324503	-0.192529801324503	-0.533721854304636	-89.0770860927152	8.3035761589404	60.4243708609272				0.804026490066225	0.163496688741722	0.277933774834437	-72.5682119205298	-3.58807947019868	-25.2574834437086				0.399788079470199	0.193165562913907	-0.916238410596027	-20.4196026490066	-6.84238410596027	81.565298013245			
64	1540	1.33584105960265	0.722754966887417	-0.631523178807947	-184.486622516556	-193.904635761589	-139.784900662252				1.13695364238411	0.255788079470199	0.333139072847682	-68.4460927152318	58.5478145695364	13.4140397350993				2.02182781456954	1.63072847682119	-1.75194701986755	-3.91258278145695	43.8264900662252	10.9997350993378				0.480529801324503	0.0794701986754967	-0.661721854304636	-56.0370860927152	19.7835761589404	65.4643708609272				1.04402649006623	0.355496688741722	0.485933774834437	-72.2882119205298	-10.3080794701987	-22.1774834437086				0.415788079470199	0.145165562913907	-0.916238410596027	-12.8596026490066	-10.4823841059603	72.885298013245			
65	1560	1.95984105960265	0.354754966887417	-0.471523178807947	-66.3266225165563	-216.584635761589	-104.784900662252				1.26495364238411	0.239788079470199	0.669139072847682	-53.8860927152318	93.8278145695364	10.0540397350993				0.581827814569536	-0.721271523178808	-1.94394701986755	425.887417218543	-154.133509933775	-41.6402649006623				0.496529801324503	-0.224529801324503	-0.901721854304636	-25.2370860927152	46.1035761589404	65.7443708609272				0.964026490066225	0.291496688741722	0.389933774834437	-82.0882119205298	-6.94807947019868	-21.3374834437086				0.623788079470199	0.289165562913907	-1.04423841059603	-34.6996026490066	-11.8823841059603	67.285298013245			
66	1580	0.919841059602649	-0.0292450331125828	0.344476821192053	-99.3666225165563	-219.104635761589	-21.0649006622517				0.784953642384106	0.0957880794701987	0.845139072847682	-47.7260927152318	34.4678145695364	-3.10596026490066				-0.602172185430464	-1.23327152317881	0.44005298013245	-51.792582781457	-26.4535099337748	89.6797350993378				0.704529801324503	-0.304529801324503	-0.853721854304636	-61.9170860927152	37.4235761589404	57.3443708609272				0.820026490066225	0.435496688741722	0.293933774834437	-94.6882119205298	-1.34807947019868	-23.8574834437086				0.735788079470199	0.385165562913907	-0.884238410596026	-3.89960264900662	-12.1623841059603	90.8052980132451			
67	1600	0.327841059602649	-0.301245033112583	0.200476821192053	-109.726622516556	-87.5046357615894	48.0950993377484				0.768953642384106	0.255788079470199	-0.0668609271523178	-105.406092715232	-45.3321854304636	-16.2659602649007				0.469827814569536	0.126728476821192	0.23205298013245	-375.472582781457	-32.3335099337748	65.0397350993378				0.704529801324503	-0.0325298013245033	-0.693721854304636	-87.6770860927152	6.3435761589404	64.3443708609272				0.708026490066225	0.435496688741722	0.437933774834437	-73.9682119205298	-18.4280794701987	-11.8174834437086				0.639788079470199	0.321165562913907	-0.788238410596027	-8.65960264900662	-31.2023841059603	104.805298013245			
68	1620	0.455841059602649	-1.13324503311258	0.472476821192053	35.0333774834437	-68.7446357615894	31.2950993377483				1.02495364238411	0.223788079470199	-0.162860927152318	-123.326092715232	1.70781456953642	-10.6659602649007				1.34982781456954	0.878728476821192	-0.50394701986755	-166.872582781457	6.58649006622517	11.2797350993378				0.576529801324503	0.111470198675497	-0.709721854304636	-89.0770860927152	-17.4564238410596	85.3443708609272				0.996026490066225	0.451496688741722	0.581933774834437	-105.60821192053	-9.18807947019868	-11.2574834437086				0.495788079470199	0.257165562913907	-0.932238410596026	-3.05960264900662	-30.6423841059603	98.925298013245			
69	1640	0.551841059602649	-0.669245033112583	0.744476821192053	-22.9266225165563	-11.6246357615894	22.6150993377483				1.48895364238411	0.127788079470199	0.637139072847682	-77.1260927152318	20.1878145695364	-13.1859602649007				1.33382781456954	1.48672847682119	0.28005298013245	-66.632582781457	7.98649006622517	4.83973509933775				0.480529801324503	-0.0325298013245033	-0.821721854304636	-63.0370860927152	3.8235761589404	107.184370860927				1.18802649006623	0.403496688741722	0.341933774834437	-116.24821192053	-17.0280794701987	-9.29748344370861				0.383788079470199	0.273165562913907	-0.980238410596026	0.0203973509933773	-18.0423841059603	98.365298013245			
70	1660	0.519841059602649	0.114754966887417	0.744476821192053	-155.926622516556	41.5753642384106	-10.9849006622517				1.13695364238411	0.255788079470199	0.445139072847682	-56.6860927152318	-57.0921854304636	-26.3459602649007				0.837827814569536	0.478728476821192	-0.00794701986754963	-22.392582781457	-15.2535099337748	36.7597350993378				0.496529801324503	-0.336529801324503	-0.869721854304636	-17.9570860927152	38.5435761589404	107.184370860927				1.15602649006623	0.339496688741722	0.229933774834437	-96.6482119205298	-21.5080794701987	-4.81748344370861				0.367788079470199	0.257165562913907	-0.948238410596026	-21.2596026490066	-6.56238410596027	105.085298013245			
71	1680	0.727841059602649	0.354754966887417	0.168476821192053	-212.486622516556	75.1753642384106	-7.62490066225166				0.720953642384106	0.287788079470199	0.109139072847682	-95.8860927152318	-57.3721854304636	-29.9859602649007				0.837827814569536	0.0787284768211921	-0.23194701986755	-26.312582781457	-4.89350993377483	51.3197350993377				0.464529801324503	-0.432529801324503	-0.885721854304636	-15.9970860927152	54.5035761589404	97.9443708609272				0.996026490066225	0.211496688741722	0.293933774834437	-97.4882119205298	-26.2680794701987	-6.77748344370861				0.383788079470199	0.209165562913907	-0.996238410596026	-24.3396026490066	-1.52238410596026	105.925298013245			
72	1700	0.711841059602649	-0.0132450331125828	0.344476821192053	-218.646622516556	116.615364238411	27.9350993377483				0.736953642384106	0.287788079470199	0.269139072847682	-110.166092715232	-32.1721854304636	-35.0259602649007				0.837827814569536	-0.321271523178808	-0.10394701986755	-71.672582781457	1.82649006622517	41.7997350993378				0.352529801324503	-0.336529801324503	-0.805721854304636	-33.6370860927152	51.4235761589404	99.6243708609272				0.852026490066225	0.179496688741722	0.181933774834437	-119.04821192053	-34.9480794701987	-10.1374834437086				0.351788079470199	0.177165562913907	-0.884238410596026	-18.4596026490066	2.39761589403974	105.365298013245			
73	1720	0.711841059602649	0.0187549668874172	0.632476821192053	-189.526622516556	167.295364238411	40.2550993377484				0.880953642384106	0.239788079470199	0.269139072847682	-91.9660927152318	-22.9321854304636	-27.7459602649007				0.933827814569536	-0.0172715231788079	0.0400529801324504	-62.432582781457	13.5864900662252	29.1997350993378				0.336529801324503	-0.240529801324503	-0.773721854304636	-45.9570860927152	32.1035761589404	101.584370860927				0.788026490066225	0.259496688741722	0.101933774834437	-122.12821192053	-37.4680794701987	-10.4174834437086				0.255788079470199	0.177165562913907	-0.772238410596026	-18.1796026490066	-12.1623841059603	111.245298013245			
74	1740	0.887841059602649	0.466754966887417	0.408476821192053	-179.166622516556	191.095364238411	52.5750993377484				0.880953642384106	0.223788079470199	0.285139072847682	-62.2860927152318	-17.3321854304636	-22.1459602649007				1.04582781456954	0.270728476821192	-0.0559470198675496	-78.672582781457	12.7464900662252	37.5997350993377				0.352529801324503	-0.240529801324503	-0.741721854304636	-48.7570860927152	27.9035761589404	102.984370860927				0.724026490066225	0.323496688741722	0.165933774834437	-111.20821192053	-33.5480794701987	-11.5374834437086				0.207788079470199	0.193165562913907	-0.692238410596026	-15.3796026490066	-34.2823841059603	119.085298013245			
75	1760	1.28784105960265	0.978754966887417	0.472476821192053	-157.326622516556	183.535364238411	44.7350993377484				0.656953642384106	0.271788079470199	0.301139072847682	-61.4460927152318	-22.9321854304636	-24.3859602649007				0.917827814569536	0.334728476821192	-0.0239470198675496	-73.912582781457	-0.133509933774833	56.9197350993378				0.384529801324503	-0.320529801324503	-0.709721854304636	-41.1970860927152	35.1835761589404	104.104370860927				0.708026490066225	0.339496688741722	0.165933774834437	-112.60821192053	-28.5080794701987	-17.4174834437086				0.143788079470199	0.257165562913907	-0.676238410596026	-17.6196026490066	-39.8823841059603	125.805298013245			
76	1780	1.76784105960265	1.15475496688742	0.056476821192053	-179.166622516556	103.735364238411	8.89509933774834				0.672953642384106	0.159788079470199	0.317139072847682	-93.6460927152318	0.587814569536424	-24.3859602649007				0.917827814569536	0.430728476821192	0.12005298013245	-61.872582781457	-12.7335099337748	63.3597350993378				0.368529801324503	-0.304529801324503	-0.693721854304636	-44.2770860927152	39.3835761589404	103.544370860927				0.788026490066225	0.259496688741722	0.149933774834437	-101.12821192053	-20.3880794701987	-23.0174834437086				0.0477880794701987	0.273165562913907	-0.692238410596026	-22.9396026490066	-35.1223841059603	122.445298013245			
77	1800	1.60784105960265	1.26675496688742	-0.855523178807947	-198.486622516556	-7.7046357615894	-0.624900662251656				0.896953642384106	-0.000211920529801304	0.493139072847682	-133.966092715232	27.4678145695364	-30.2659602649007				0.901827814569536	0.270728476821192	0.12005298013245	-77.832582781457	-20.5735099337748	59.9997350993378				0.368529801324503	-0.288529801324503	-0.709721854304636	-44.2770860927152	46.6635761589404	97.6643708609272				0.900026490066225	0.131496688741722	0.213933774834437	-91.3282119205298	-10.3080794701987	-25.8174834437086				-0.0162119205298013	0.241165562913907	-0.772238410596026	-27.9796026490066	-16.6423841059603	103.405298013245			
78	1820	2.02384105960265	0.594754966887417	-0.471523178807947	-13.6866225165563	-25.3446357615894	33.5350993377483				1.32895364238411	-0.176211920529801	0.525139072847682	-140.686092715232	50.7078145695364	-36.7059602649007				1.07782781456954	0.174728476821192	0.0560529801324504	-100.232582781457	-16.6535099337748	49.3597350993378				0.464529801324503	-0.336529801324503	-0.821721854304636	-31.9570860927152	53.6635761589404	91.5043708609272				1.14002649006623	0.0834966887417219	0.485933774834437	-71.7282119205298	7.61192052980133	-25.2574834437086				-0.0482119205298013	0.0651655629139073	-1.10823841059603	-45.0596026490066	15.5576158940397	76.245298013245			
79	1840	0.279841059602649	-0.685245033112583	-0.519523178807947	136.393377483444	-104.304635761589	75.5350993377483				1.58495364238411	0.0157880794701987	0.589139072847682	-140.686092715232	37.8278145695364	-52.1059602649007				1.52582781456954	-0.225271523178808	-0.15194701986755	-117.592582781457	-4.89350993377483	46.2797350993377				0.768529801324503	-0.720529801324503	-0.661721854304636	-18.5170860927152	64.5835761589404	72.7443708609272				1.12402649006623	-0.124503311258278	0.245933774834437	-89.9282119205298	34.2119205298013	-23.5774834437086				0.0957880794701987	0.0811655629139073	-1.34823841059603	-41.4196026490066	44.9576158940397	52.165298013245			
80	1860	-0.056158940397351	-1.38924503311258	0.216476821192053	50.1533774834437	8.5353642384106	60.6950993377484				1.08895364238411	0.175788079470199	0.0931390728476822	-6.84609271523179	-61.8521854304636	-28.0259602649007				1.39782781456954	-0.609271523178808	-0.58394701986755	-118.992582781457	-10.7735099337748	49.3597350993378				1.0405298013245	-0.752529801324503	-0.565721854304636	-15.9970860927152	46.3835761589404	49.5043708609272				1.12402649006623	0.147496688741722	0.0219337748344371	-69.2082119205298	25.5319205298013	-17.9774834437086				0.255788079470199	-0.110834437086093	-1.15623841059603	26.9003973509934	40.7576158940397	59.165298013245			
81	1880	0.983841059602649	-1.00524503311258	0.280476821192053	-94.6066225165563	30.6553642384106	11.1350993377483				1.04095364238411	-0.160211920529801	-0.658860927152318	-4.32609271523179	-16.4921854304636	-10.3859602649007				1.30182781456954	-0.705271523178808	-0.75994701986755	-88.192582781457	-22.5335099337748	35.9197350993378				1.0405298013245	-0.640529801324503	-0.805721854304636	-15.9970860927152	34.0635761589404	58.7443708609272				1.14002649006623	-0.0445033112582781	0.613933774834437	-7.8882119205298	5.37192052980133	-14.6174834437086				0.303788079470199	-0.382834437086093	-1.01223841059603	-16.2196026490066	11.3576158940397	56.645298013245			
82	1900	0.983841059602649	-0.541245033112583	0.072476821192053	-129.046622516556	23.3753642384106	6.37509933774834				1.26495364238411	-0.144211920529801	0.205139072847682	-108.206092715232	46.2278145695364	-23.5459602649007				0.981827814569536	-0.561271523178808	-0.45594701986755	-99.392582781457	-76.0135099337748	2.31973509933775				0.880529801324503	-0.688529801324503	-0.885721854304636	-38.6770860927152	36.3035761589404	47.5443708609272				1.18802649006623	-0.0125033112582781	0.565933774834437	-74.8082119205298	2.85192052980133	-26.3774834437086				0.335788079470199	-0.366834437086093	-1.12423841059603	-13.6996026490066	-25.0423841059603	51.885298013245			
83	1920	0.983841059602649	-0.269245033112583	0.120476821192053	-95.4466225165563	28.6953642384106	14.4950993377483				1.26495364238411	-0.144211920529801	0.621139072847682	-85.5260927152318	-24.3321854304636	-12.9059602649007				0.709827814569536	-0.241271523178808	-0.21594701986755	-146.712582781457	-88.0535099337748	-22.8802649006623				0.704529801324503	-0.624529801324503	-0.741721854304636	-52.6770860927152	30.4235761589404	29.6243708609272				0	0	0	0	0	0				0	0	0	0	0	0			
84	1940	0.919841059602649	0.0987549668874172	0.056476821192053	-90.9666225165563	49.4153642384106	18.6950993377483				1.00895364238411	-0.416211920529801	0.253139072847682	-45.2060927152318	-71.6521854304636	6.69403973509934				0.645827814569536	0.190728476821192	-0.19994701986755	-158.472582781457	-62.0135099337748	-40.5202649006623				0	0	0	0	0	0				0	0	0	0	0	0				0	0	0	0	0	0			
85	1960	0.935841059602649	0.242754966887417	0.00847682119205304	-42.2466225165563	48.8553642384106	11.6950993377483				0.800953642384106	-0.288211920529801	0.0771390728476822	-48.5660927152318	-8.37218543046358	12.2940397350993				0.645827814569536	0.414728476821192	-0.27994701986755	-111.152582781457	-21.6935099337748	-61.5202649006623				0	0	0	0	0	0				0	0	0	0	0	0				0	0	0	0	0	0			
86	2080	0	0	0	0	0	0				1.04095364238411	-0.0802119205298013	0.141139072847682	-28.9660927152318	6.74781456953642	-5.34596026490066				0	0	0	0	0	0				0	0	0	0	0	0				0	0	0	0	0	0				0	0	0	0	0	0			
87	2100	0.983841059602649	-0.189245033112583	0.152476821192053	-12.2866225165563	41.8553642384106	-12.6649006622517				1.02495364238411	-0.0162119205298013	0.221139072847682	-27.5660927152318	5.62781456953642	-9.54596026490066				0.933827814569536	0.206728476821192	0.40805298013245	-119.832582781457	119.146490066225	-8.60026490066225				0	0	0	0	0	0				0	0	0	0	0	0				0	0	0	0	0	0			
88	2120	1.12784105960265	-0.237245033112583	-0.023523178807947	-29.9266225165563	40.4553642384106	-7.62490066225166				0.896953642384106	0.0797880794701987	0.189139072847682	-10.7660927152318	-3.33218543046358	-9.26596026490066				1.10982781456954	0.174728476821192	0.18405298013245	-131.872582781457	139.306490066225	8.47973509933775				0	0	0	0	0	0				0	0	0	0	0	0				0.367788079470199	-0.222834437086093	-0.996238410596026	-19.0196026490066	7.43761589403974	7.08529801324503			
89	2140	1.20784105960265	-0.253245033112583	-0.391523178807947	-46.1666225165563	9.6553642384106	-2.30490066225166				0.832953642384106	0.111788079470199	0.301139072847682	0.153907284768212	9.54781456953642	-8.42596026490066				1.57382781456954	0.318728476821192	-0.58394701986755	-120.112582781457	134.546490066225	26.3997350993378				0.608529801324503	-0.576529801324503	-0.661721854304636	-4.23708609271523	-3.4564238410596	3.30437086092715				0.964026490066225	-0.0125033112582781	0.309933774834437	-4.2482119205298	-20.9480794701987	-2.57748344370861				0.431788079470199	-0.158834437086093	-0.948238410596026	0.300397350993377	-7.12238410596027	13.805298013245			
90	2160	1.30384105960265	-0.157245033112583	-0.343523178807947	-49.2466225165563	-16.3846357615894	4.41509933774834				1.40895364238411	0.191788079470199	0.461139072847682	8.83390728476821	23.2678145695364	-2.82596026490066				2.02182781456954	0.910728476821192	-0.88794701986755	78.127417218543	31.7864900662252	4.83973509933775				0.496529801324503	-0.432529801324503	-0.869721854304636	-1.71708609271523	-2.8964238410596	5.26437086092715				1.17202649006623	0.0514966887417219	0.501933774834437	-14.3282119205298	-12.2680794701987	-10.9774834437086				0.383788079470199	-0.110834437086093	-0.996238410596026	-3.33960264900662	-14.1223841059603	2.88529801324503			
91	2180	0.887841059602649	0.0187549668874172	0.056476821192053	-33.8466225165563	-23.9446357615894	7.49509933774834				1.13695364238411	-0.000211920529801304	0.669139072847682	-15.8060927152318	40.3478145695364	4.73403973509934				0.709827814569536	-0.449271523178808	-0.91994701986755	204.407417218543	-60.3335099337748	-21.4802649006623				0.480529801324503	-0.640529801324503	-0.885721854304636	1.08291390728477	13.6235761589404	-8.73562913907285				0.996026490066225	0.131496688741722	0.0859337748344371	-37.8482119205298	-24.3080794701987	-14.0574834437086				0.479788079470199	0.0971655629139073	-0.980238410596026	1.14039735099338	1.55761589403974	1.76529801324503			
92	2200	0.935841059602649	0.00275496688741723	0.472476821192053	-8.64662251655629	-17.7846357615894	0.215099337748344				0.768953642384106	-0.000211920529801304	0.701139072847682	6.59390728476821	46.2278145695364	1.65403973509934				0.165827814569536	-0.801271523178808	-0.13594701986755	-57.392582781457	41.0264900662252	41.5197350993378				0.464529801324503	-0.544529801324503	-0.789721854304636	-30.8370860927152	3.8235761589404	-17.9756291390729				0.692026490066225	0.195496688741722	0.229933774834437	-4.2482119205298	2.57192052980133	-13.7774834437086				0.415788079470199	0.145165562913907	-0.708238410596026	6.18039735099338	-4.60238410596027	14.925298013245			
93	2220	0.743841059602649	0.0507549668874172	0.488476821192053	-46.4466225165563	-24.7846357615894	-2.02490066225166				0.720953642384106	0.0317880794701987	-0.0828609271523179	-37.9260927152318	-38.3321854304636	-0.86596026490066				0.485827814569536	0.0627284768211921	-0.32794701986755	-130.472582781457	10.5064900662252	26.9597350993378				0.464529801324503	-0.192529801324503	-0.661721854304636	-58.5570860927152	-13.5364238410596	-11.5356291390728				0.580026490066225	0.227496688741722	0.485933774834437	-10.4082119205298	1.17192052980133	-16.5774834437086				0.383788079470199	0.0811655629139073	-0.596238410596026	-9.77960264900662	-16.9223841059603	17.445298013245			
94	2240	0.791841059602649	0.00275496688741723	0.296476821192053	-27.9666225165563	-4.9046357615894	-3.70490066225166				1.12095364238411	-0.0482119205298013	-0.114860927152318	-23.0860927152318	2.54781456953642	6.69403973509934				0.837827814569536	0.270728476821192	0.39205298013245	-206.912582781457	35.7064900662252	12.1197350993378				0.528529801324503	0.0154701986754967	-0.485721854304636	-56.3170860927152	-22.2164238410596	7.78437086092715				0.788026490066225	0.291496688741722	0.341933774834437	-41.4882119205298	16.2919205298013	-22.1774834437086				0.367788079470199	0.0491655629139073	-0.708238410596026	-9.21960264900662	-16.0823841059603	12.685298013245			
95	2260	1.01584105960265	0.0827549668874172	0.232476821192053	-7.24662251655629	15.8153642384106	-1.46490066225166				1.20095364238411	-0.0322119205298013	0.221139072847682	-18.0460927152318	-4.45218543046358	9.77403973509934				1.20582781456954	0.526728476821192	0.37605298013245	25.767417218543	67.0664900662252	-7.20026490066225				0.624529801324503	-0.0485298013245033	-0.469721854304636	-37.2770860927152	-21.9364238410596	24.0243708609272				1.01202649006623	0.163496688741722	0.277933774834437	-23.8482119205298	5.93192052980133	-12.9374834437086				0.303788079470199	0.0811655629139073	-0.804238410596027	-7.53960264900662	-3.48238410596027	8.76529801324503			
96	2280	1.04784105960265	0.114754966887417	0.280476821192053	-15.6466225165563	11.8953642384106	1.89509933774834				1.07295364238411	0.111788079470199	0.157139072847682	-9.64609271523179	-20.4121854304636	8.65403973509934				1.18982781456954	0.350728476821192	0.0560529801324504	80.0874172185431	42.9864900662252	-3.56026490066225				0.704529801324503	-0.256529801324503	-0.629721854304636	1.08291390728477	5.2235761589404	31.0243708609272				1.12402649006623	0.115496688741722	0.373933774834437	-10.9682119205298	-1.34807947019868	-4.81748344370861				0.287788079470199	0.0331655629139073	-0.948238410596026	-23.4996026490066	18.0776158940397	3.44529801324503			
97	2300	1.01584105960265	0.0187549668874172	0.200476821192053	8.43337748344371	10.2153642384106	3.85509933774834				0.928953642384106	0.111788079470199	0.365139072847682	-9.36609271523179	-3.61218543046358	3.89403973509934				0.933827814569536	0.110728476821192	-0.24794701986755	-5.87258278145695	11.0664900662252	10.1597350993378				0.720529801324503	-0.480529801324503	-0.677721854304636	21.5229139072848	29.3035761589404	20.9443708609272				1.09202649006623	0.0994966887417219	0.261933774834437	-13.7682119205298	-8.34807947019868	0.502516556291392				0.319788079470199	-0.0148344370860927	-1.09223841059603	-18.1796026490066	30.6776158940397	-0.754701986754968			
98	2320	0.935841059602649	0.0667549668874172	0.152476821192053	29.4333774834437	1.8153642384106	7.21509933774835				0.848953642384106	0.127788079470199	0.365139072847682	1.83390728476821	-10.3321854304636	3.33403973509934				0.869827814569536	0.142728476821192	-0.23194701986755	-96.592582781457	15.8264900662252	25.5597350993378				0.704529801324503	-0.480529801324503	-0.725721854304636	3.04291390728477	20.6235761589404	4.14437086092715				0.980026490066225	0.115496688741722	0.229933774834437	-0.888211920529802	-13.9480794701987	3.86251655629139				0.351788079470199	-0.0468344370860927	-1.07623841059603	-13.1396026490066	27.3176158940397	2.32529801324503			
99	2340	0.983841059602649	-0.0772450331125828	0.216476821192053	19.3533774834437	-6.0246357615894	7.21509933774835				0.896953642384106	0.0637880794701987	0.269139072847682	13.8739072847682	-5.29218543046358	3.05403973509934				0.917827814569536	0.158728476821192	-0.0559470198675496	-111.152582781457	44.9464900662252	31.7197350993378				0.624529801324503	-0.384529801324503	-0.709721854304636	-9.27708609271523	-4.5764238410596	-5.09562913907285				0.884026490066225	0.0994966887417219	0.245933774834437	2.1917880794702	-16.1880794701987	4.70251655629139				0.303788079470199	-0.0788344370860927	-0.980238410596026	-6.41960264900662	5.75761589403974	7.64529801324503			
100	2360	0.967841059602649	-0.0612450331125828	0.216476821192053	7.87337748344371	-4.0646357615894	3.01509933774834				0.944953642384106	-0.0162119205298013	0.221139072847682	9.39390728476821	-4.17218543046358	0.81403973509934				1.01382781456954	0.0307284768211921	0.23205298013245	-26.312582781457	44.6664900662252	20.7997350993378				0.496529801324503	-0.368529801324503	-0.677721854304636	-13.7570860927152	-12.9764238410596	-4.25562913907285				0.868026490066225	0.0834966887417219	0.229933774834437	3.5917880794702	-16.7480794701987	2.74251655629139				0.255788079470199	-0.0468344370860927	-0.868238410596026	1.98039735099338	-12.4423841059603	12.685298013245			
101	2380	0.935841059602649	-0.0612450331125828	0.200476821192053	3.11337748344371	-2.9446357615894	2.73509933774834				0.976953642384106	-0.0162119205298013	0.317139072847682	7.15390728476821	-2.49218543046358	-2.26596026490066				1.02982781456954	0.0147284768211921	0.45605298013245	60.4874172185431	29.5464900662252	5.95973509933775				0.416529801324503	-0.384529801324503	-0.645721854304636	-3.11708609271523	-6.8164238410596	-2.29562913907285				0.868026490066225	0.0834966887417219	0.245933774834437	6.3917880794702	-10.5880794701987	1.34251655629139				0.255788079470199	-0.0148344370860927	-0.804238410596027	0.0203973509933773	-14.4023841059603	16.325298013245			
102	2400	0.951841059602649	-0.0612450331125828	0.168476821192053	2.83337748344371	2.9353642384106	4.69509933774834				0.960953642384106	-0.0162119205298013	0.253139072847682	7.71390728476821	-10.6121854304636	1.65403973509934				1.02982781456954	0.0467284768211921	0.24805298013245	77.567417218543	15.8264900662252	5.11973509933775				0.448529801324503	-0.400529801324503	-0.645721854304636	3.04291390728477	2.4235761589404	2.18437086092715				0.884026490066225	0.0514966887417219	0.245933774834437	6.6717880794702	-4.70807947019868	1.06251655629139				0.287788079470199	0.00116556291390731	-0.804238410596027	-2.49960264900662	-7.96238410596027	16.325298013245			
103	2420	0.983841059602649	-0.0772450331125828	0.200476821192053	0.313377483443709	6.2953642384106	2.73509933774834				0.960953642384106	-0.0802119205298013	0.269139072847682	5.75390728476821	-8.37218543046358	3.61403973509934				1.01382781456954	0.0147284768211921	-0.0559470198675496	47.3274172185431	5.46649006622517	8.19973509933775				0.496529801324503	-0.368529801324503	-0.645721854304636	1.64291390728477	8.3035761589404	5.26437086092715				0.916026490066225	0.0514966887417219	0.245933774834437	3.5917880794702	2.57192052980133	-1.45748344370861				0.319788079470199	0.00116556291390731	-0.820238410596026	-4.73960264900662	1.83761589403974	10.725298013245			
104	2440	0.967841059602649	-0.109245033112583	0.248476821192053	0.313377483443709	4.3353642384106	1.61509933774834				0.944953642384106	-0.0802119205298013	0.301139072847682	0.433907284768212	-0.532185430463576	4.17403973509934				0.981827814569536	-0.0172715231788079	-0.13594701986755	-2.23258278145695	5.74649006622517	7.63973509933775				0.528529801324503	-0.368529801324503	-0.661721854304636	1.08291390728477	8.5835761589404	7.78437086092715				0.948026490066225	0.0514966887417219	0.261933774834437	-1.4482119205298	-1.90807947019868	0.222516556291392				0.367788079470199	0.0171655629139073	-0.884238410596026	-5.57960264900662	9.95761589403974	5.12529801324503			
105	2460	0.919841059602649	-0.109245033112583	0.264476821192053	-0.806622516556291	1.8153642384106	1.05509933774834				0.944953642384106	-0.0162119205298013	0.317139072847682	-0.966092715231788	2.82781456953642	2.49403973509934				0.997827814569536	0.0307284768211921	0.0240529801324504	-32.752582781457	11.6264900662252	3.15973509933775				0.544529801324503	-0.400529801324503	-0.693721854304636	1.64291390728477	6.0635761589404	10.3043708609272				0.948026490066225	0.0514966887417219	0.277933774834437	-3.4082119205298	-4.42807947019868	2.46251655629139				0.399788079470199	0.00116556291390731	-0.948238410596026	-5.01960264900662	11.6376158940397	3.44529801324503			
106	2480	0.951841059602649	-0.0932450331125828	0.248476821192053	-1.92662251655629	3.2153642384106	1.05509933774834				0.960953642384106	0.0317880794701987	0.301139072847682	-6.00609271523179	-4.17218543046358	0.25403973509934				1.01382781456954	0.0147284768211921	0.12005298013245	-32.752582781457	7.70649006622517	-0.76026490066225				0.528529801324503	-0.416529801324503	-0.693721854304636	2.48291390728477	4.6635761589404	11.4243708609272				0.932026490066225	0.0834966887417219	0.293933774834437	-4.2482119205298	-4.70807947019868	3.02251655629139				0.415788079470199	-0.0308344370860927	-0.964238410596026	0.580397350993377	8.27761589403974	5.12529801324503			
107	2500	0.983841059602649	-0.0612450331125828	0.248476821192053	-2.48662251655629	4.0553642384106	-0.344900662251656				0.976953642384106	0.0157880794701987	0.269139072847682	-5.16609271523179	-3.61218543046358	-0.30596026490066				1.01382781456954	0.0467284768211921	0.12005298013245	-16.792582781457	-6.01350993377483	-1.04026490066225				0.544529801324503	-0.400529801324503	-0.709721854304636	1.92291390728477	3.8235761589404	10.5843708609272				0.932026490066225	0.0994966887417219	0.261933774834437	-6.4882119205298	-1.62807947019868	2.74251655629139				0.383788079470199	-0.0468344370860927	-0.916238410596027	7.86039735099338	0.437615894039735	8.20529801324503			
108	2520	0.999841059602649	-0.0132450331125828	0.232476821192053	-3.32662251655629	5.1753642384106	-1.46490066225166				0.992953642384106	0.0477880794701987	0.237139072847682	-5.16609271523179	-1.65218543046358	-0.0259602649006601				0.997827814569536	0.0627284768211921	0.0880529801324504	-4.47258278145695	-9.65350993377483	0.91973509933775				0.592529801324503	-0.384529801324503	-0.693721854304636	-3.11708609271523	1.0235761589404	9.74437086092715				0.932026490066225	0.115496688741722	0.277933774834437	-5.6482119205298	0.891920529801325	3.02251655629139				0.367788079470199	-0.0308344370860927	-0.868238410596026	7.86039735099338	-6.28238410596027	10.445298013245			
109	2540	0.967841059602649	0.0347549668874172	0.184476821192053	-4.16662251655629	4.6153642384106	-0.624900662251656				0.960953642384106	0.0637880794701987	0.253139072847682	-0.966092715231788	-1.65218543046358	2.49403973509934				0.933827814569536	0.0627284768211921	0.15205298013245	4.48741721854305	-2.93350993377483	2.87973509933775				0.608529801324503	-0.384529801324503	-0.677721854304636	-4.79708609271523	0.4635761589404	11.4243708609272				0.948026490066225	0.115496688741722	0.277933774834437	-4.5282119205298	1.17192052980133	2.46251655629139				0.351788079470199	-0.0148344370860927	-0.884238410596026	3.66039735099338	-6.84238410596027	12.125298013245			
110	2560	0.935841059602649	0.00275496688741723	0.216476821192053	1.15337748344371	4.8953642384106	1.61509933774834				0.960953642384106	0.0157880794701987	0.285139072847682	7.99390728476821	-2.49218543046358	3.61403973509934				0.949827814569536	0.126728476821192	0.21605298013245	1.96741721854305	9.10649006622517	4.27973509933775				0.608529801324503	-0.384529801324503	-0.677721854304636	-1.71708609271523	5.2235761589404	12.5443708609272				0.932026490066225	0.115496688741722	0.261933774834437	-3.6882119205298	-1.34807947019868	4.42251655629139				0.335788079470199	-0.0148344370860927	-0.884238410596026	5.90039735099338	-5.16238410596027	12.125298013245			
111	2580	0.983841059602649	-0.0452450331125828	0.232476821192053	8.99337748344371	4.3353642384106	1.89509933774834				0.960953642384106	0.0317880794701987	0.269139072847682	11.3539072847682	-4.17218543046358	1.93403973509934				0.949827814569536	0.126728476821192	0.24805298013245	1.96741721854305	11.3464900662252	4.83973509933775				0.608529801324503	-0.384529801324503	-0.693721854304636	-1.99708609271523	7.1835761589404	9.46437086092715				0.932026490066225	0.115496688741722	0.245933774834437	0.791788079470198	-2.18807947019868	4.14251655629139				0.319788079470199	0.00116556291390731	-0.868238410596026	4.50039735099338	-3.48238410596027	9.88529801324503			
112	2600	0.983841059602649	-0.0612450331125828	0.216476821192053	12.3533774834437	3.2153642384106	2.73509933774834				0.960953642384106	-0.000211920529801304	0.269139072847682	10.2339072847682	-2.77218543046358	1.37403973509934				0.981827814569536	0.0787284768211921	0.20005298013245	7.28741721854305	10.2264900662252	3.99973509933775				0.624529801324503	-0.384529801324503	-0.677721854304636	0.522913907284768	2.1435761589404	5.82437086092715				0.948026490066225	0.0994966887417219	0.261933774834437	3.3117880794702	-4.42807947019868	3.02251655629139				0.319788079470199	-0.0148344370860927	-0.852238410596026	3.10039735099338	-3.48238410596027	7.64529801324503			
113	2620	0.983841059602649	-0.0612450331125828	0.248476821192053	8.15337748344371	-0.144635761589404	2.73509933774834				0.960953642384106	0.0157880794701987	0.269139072847682	8.83390728476821	0.0278145695364242	2.49403973509934				1.01382781456954	0.0307284768211921	0.12005298013245	11.487417218543	7.42649006622517	3.15973509933775				0.576529801324503	-0.400529801324503	-0.693721854304636	-5.07708609271523	-2.6164238410596	2.74437086092715				0.916026490066225	0.0834966887417219	0.261933774834437	4.1517880794702	-3.86807947019868	2.18251655629139				0.319788079470199	-0.0148344370860927	-0.868238410596026	1.14039735099338	-2.36238410596027	3.16529801324503			
114	2640	0.951841059602649	-0.0612450331125828	0.232476821192053	2.83337748344371	-2.3846357615894	2.73509933774834				0.976953642384106	0.0157880794701987	0.317139072847682	10.5139072847682	1.98781456953642	3.61403973509934				0.997827814569536	0.0147284768211921	0.12005298013245	12.887417218543	5.46649006622517	2.87973509933775				0.512529801324503	-0.400529801324503	-0.661721854304636	-7.31708609271523	-2.3364238410596	0.784370860927152				0.900026490066225	0.0834966887417219	0.261933774834437	4.9917880794702	-0.788079470198675	2.18251655629139				0.335788079470199	-0.0308344370860927	-0.884238410596026	0.300397350993377	0.717615894039735	1.48529801324503			
115	2660	0.951841059602649	-0.0772450331125828	0.232476821192053	2.83337748344371	-0.984635761589404	1.61509933774834				0.976953642384106	-0.000211920529801304	0.317139072847682	12.1939072847682	0.867814569536424	2.77403973509934				0.997827814569536	0.0307284768211921	0.12005298013245	6.16741721854305	5.18649006622517	2.59973509933775				0.512529801324503	-0.384529801324503	-0.645721854304636	-0.877086092715232	3.5435761589404	1.06437086092715				0.916026490066225	0.0674966887417219	0.261933774834437	5.2717880794702	1.17192052980133	1.62251655629139				0.335788079470199	-0.0468344370860927	-0.852238410596026	2.82039735099338	0.717615894039735	1.48529801324503			
116	2680	0.919841059602649	-0.0452450331125828	0.184476821192053	7.87337748344371	-0.704635761589404	0.495099337748344				0.960953642384106	-0.000211920529801304	0.301139072847682	9.67390728476821	-0.252185430463576	1.65403973509934				0.981827814569536	0.0627284768211921	0.15205298013245	1.68741721854305	2.94649006622517	2.31973509933775				0.528529801324503	-0.416529801324503	-0.677721854304636	0.242913907284768	8.5835761589404	1.34437086092715				0.916026490066225	0.0834966887417219	0.293933774834437	6.3917880794702	2.01192052980133	-0.337483443708608				0.351788079470199	-0.0628344370860927	-0.852238410596026	3.10039735099338	-0.122384105960265	2.04529801324503			
117	2700	0.967841059602649	-0.0452450331125828	0.232476821192053	6.75337748344371	0.415364238410596	1.05509933774834				0.944953642384106	-0.000211920529801304	0.301139072847682	5.47390728476821	3.38781456953642	1.37403973509934				0.997827814569536	0.0627284768211921	0.16805298013245	0.847417218543046	1.82649006622517	2.31973509933775				0.544529801324503	-0.416529801324503	-0.693721854304636	-5.07708609271523	8.5835761589404	-0.895629139072848				0.916026490066225	0.0834966887417219	0.277933774834437	4.4317880794702	5.65192052980133	-0.897483443708608				0.351788079470199	-0.0468344370860927	-0.836238410596026	0.580397350993377	-0.402384105960265	1.76529801324503			
118	2720	0.967841059602649	-0.0452450331125828	0.264476821192053	3.11337748344371	-0.144635761589404	0.215099337748344				0.960953642384106	-0.000211920529801304	0.285139072847682	5.47390728476821	3.38781456953642	2.21403973509934				0.965827814569536	0.0307284768211921	0.16805298013245	1.68741721854305	2.10649006622517	0.63973509933775				0.544529801324503	-0.384529801324503	-0.661721854304636	-5.35708609271523	7.1835761589404	-0.335629139072848				0.932026490066225	0.0674966887417219	0.293933774834437	5.5517880794702	5.09192052980133	-2.01748344370861				0.367788079470199	-0.0628344370860927	-0.868238410596026	0.580397350993377	-0.402384105960265	3.44529801324503			
119	2740	0.967841059602649	-0.0612450331125828	0.264476821192053	1.99337748344371	-1.2646357615894	1.05509933774834				0.960953642384106	-0.000211920529801304	0.285139072847682	7.43390728476821	3.66781456953642	1.93403973509934				0.965827814569536	0.0147284768211921	0.20005298013245	3.64741721854305	1.26649006622517	1.19973509933775				0.560529801324503	-0.384529801324503	-0.661721854304636	-1.71708609271523	6.9035761589404	1.06437086092715				0.948026490066225	0.0674966887417219	0.277933774834437	2.1917880794702	4.81192052980133	-2.29748344370861				0.367788079470199	-0.0628344370860927	-0.868238410596026	-0.539602649006623	0.997615894039735	4.56529801324503			
120	2760	0.967841059602649	-0.0772450331125828	0.232476821192053	2.55337748344371	-2.9446357615894	0.495099337748344				0.960953642384106	0.0157880794701987	0.285139072847682	6.03390728476821	1.42781456953642	0.81403973509934				0.965827814569536	0.0307284768211921	0.18405298013245	7.28741721854305	-0.133509933774833	1.19973509933775				0.592529801324503	-0.400529801324503	-0.677721854304636	1.08291390728477	5.2235761589404	2.74437086092715				0.932026490066225	0.0834966887417219	0.293933774834437	1.0717880794702	2.29192052980133	-2.01748344370861				0.383788079470199	-0.0468344370860927	-0.884238410596026	-1.09960264900662	2.11761589403974	4.00529801324503			
121	2780	0.951841059602649	-0.0612450331125828	0.216476821192053	2.83337748344371	-2.3846357615894	0.775099337748344				0.944953642384106	0.0157880794701987	0.253139072847682	5.75390728476821	2.54781456953642	0.25403973509934				0.981827814569536	0.0787284768211921	0.18405298013245	3.08741721854305	1.82649006622517	2.31973509933775				0.592529801324503	-0.416529801324503	-0.693721854304636	-1.71708609271523	3.5435761589404	3.02437086092715				0.932026490066225	0.0834966887417219	0.309933774834437	-0.608211920529802	0.891920529801325	-3.13748344370861				0.367788079470199	-0.0308344370860927	-0.868238410596026	1.14039735099338	0.717615894039735	2.60529801324503			
122	2800	0.951841059602649	-0.0452450331125828	0.216476821192053	1.99337748344371	0.415364238410596	0.775099337748344				0.976953642384106	0.0317880794701987	0.269139072847682	4.63390728476821	5.90781456953642	-0.30596026490066				0.981827814569536	0.0627284768211921	0.18405298013245	2.52741721854305	3.78649006622517	1.75973509933775				0.592529801324503	-0.400529801324503	-0.677721854304636	-2.27708609271523	3.2635761589404	1.90437086092715				0.932026490066225	0.0994966887417219	0.277933774834437	-0.888211920529802	1.45192052980132	-2.85748344370861				0.351788079470199	-0.0308344370860927	-0.884238410596026	1.14039735099338	-0.962384105960265	2.32529801324503			
123	2820	0.951841059602649	-0.0612450331125828	0.248476821192053	-2.76662251655629	2.3753642384106	0.775099337748344				0.976953642384106	0.0157880794701987	0.301139072847682	2.95390728476821	3.94781456953642	-0.585960264900661				0.997827814569536	0.0307284768211921	0.18405298013245	1.68741721854305	3.50649006622517	1.19973509933775				0.576529801324503	-0.384529801324503	-0.709721854304636	-0.877086092715232	2.9835761589404	1.06437086092715				0.948026490066225	0.0834966887417219	0.277933774834437	0.511788079470198	2.29192052980133	-3.41748344370861				0.351788079470199	-0.0308344370860927	-0.900238410596026	1.98039735099338	-2.36238410596027	2.04529801324503			
124	2840	0.967841059602649	-0.0612450331125828	0.248476821192053	-2.76662251655629	3.7753642384106	0.215099337748344				0.960953642384106	0.0157880794701987	0.285139072847682	1.55390728476821	2.26781456953642	-1.14596026490066				0.981827814569536	0.0147284768211921	0.16805298013245	-0.832582781456954	2.66649006622517	0.63973509933775				0.608529801324503	-0.416529801324503	-0.693721854304636	-5.07708609271523	4.1035761589404	-1.73562913907285				0.948026490066225	0.0994966887417219	0.293933774834437	0.791788079470198	1.17192052980133	-4.25748344370861				0.367788079470199	-0.0308344370860927	-0.884238410596026	-0.259602649006623	-2.64238410596027	2.04529801324503			
125	2860	0.951841059602649	-0.0612450331125828	0.232476821192053	-3.04662251655629	4.3353642384106	0.215099337748344				0.944953642384106	0.0157880794701987	0.285139072847682	-0.406092715231788	2.82781456953642	-1.70596026490066				0.981827814569536	0.0307284768211921	0.13605298013245	-2.51258278145695	0.426490066225167	0.91973509933775				0.592529801324503	-0.400529801324503	-0.677721854304636	-5.91708609271523	-0.3764238410596	-2.57562913907285				0.932026490066225	0.0994966887417219	0.293933774834437	-0.328211920529802	0.611920529801325	-4.53748344370861				0.367788079470199	-0.0468344370860927	-0.884238410596026	-1.09960264900662	-2.36238410596027	-0.194701986754968			
126	2880	0.967841059602649	-0.0612450331125828	0.232476821192053	-4.44662251655629	3.2153642384106	-0.0649006622516557				0.960953642384106	0.0317880794701987	0.285139072847682	-0.966092715231788	3.38781456953642	-2.54596026490066				0.997827814569536	0.0467284768211921	0.13605298013245	0.00741721854304636	-2.09350993377483	1.47973509933775				0.560529801324503	-0.368529801324503	-0.677721854304636	-6.47708609271523	-1.7764238410596	-1.73562913907285				0.932026490066225	0.0994966887417219	0.277933774834437	-0.608211920529802	0.331920529801325	-4.53748344370861				0.367788079470199	-0.0148344370860927	-0.868238410596026	-0.819602649006623	-2.36238410596027	-0.474701986754968			
127	2900	0.983841059602649	-0.0452450331125828	0.216476821192053	-6.68662251655629	2.9353642384106	-0.344900662251656				0.976953642384106	0.0317880794701987	0.301139072847682	-0.406092715231788	4.22781456953642	-1.70596026490066				0.981827814569536	0.0627284768211921	0.13605298013245	0.287417218543046	-1.81350993377483	0.63973509933775				0.544529801324503	-0.352529801324503	-0.645721854304636	-5.35708609271523	-0.6564238410596	-1.45562913907285				0.916026490066225	0.0994966887417219	0.277933774834437	-1.1682119205298	0.891920529801325	-5.09748344370861				0.351788079470199	-0.0148344370860927	-0.884238410596026	1.14039735099338	-1.80238410596026	-0.474701986754968			
128	2920	0.967841059602649	-0.0452450331125828	0.200476821192053	-5.84662251655629	2.9353642384106	-0.624900662251656				0.976953642384106	0.0317880794701987	0.301139072847682	-0.406092715231788	3.94781456953642	-1.42596026490066				0.997827814569536	0.0787284768211921	0.15205298013245	-4.75258278145695	1.54649006622517	1.47973509933775				0.560529801324503	-0.336529801324503	-0.661721854304636	-3.11708609271523	2.1435761589404	-0.0556291390728476				0.916026490066225	0.131496688741722	0.277933774834437	-2.2882119205298	0.331920529801325	-4.53748344370861				0.351788079470199	-0.0308344370860927	-0.884238410596026	3.10039735099338	-3.48238410596027	-0.194701986754968			
129	2940	0.967841059602649	-0.0452450331125828	0.200476821192053	-2.76662251655629	2.9353642384106	1.05509933774834				0	0	0	0	0	0				0	0	0	0	0	0				0.592529801324503	-0.368529801324503	-0.693721854304636	-2.27708609271523	2.9835761589404	1.06437086092715				0.916026490066225	0.131496688741722	0.309933774834437	-0.888211920529802	1.73192052980133	-3.97748344370861				0.351788079470199	-0.0308344370860927	-0.884238410596026	1.14039735099338	-2.64238410596027	0.0852980132450323			
