No	Time	12-AccX	12-AccY	12-AccZ	12-GyroX	12-GyroY	12-GyroZ	13-AccX	13-AccY	13-AccZ	13-GyroX	13-GyroY	13-GyroZ	14-AccX	14-AccY	14-AccZ	14-GyroX	14-GyroY	14-GyroZ	15-AccX	15-AccY	15-AccZ	15-GyroX	15-GyroY	15-GyroZ	16-AccX	16-AccY	16-AccZ	16-GyroX	16-GyroY	16-GyroZ	17-AccX	17-AccY	17-AccZ	17-GyroX	17-GyroY	17-GyroZ
0	140	0	0	0	0	0	0				0	0	0	0	0	0				0	0	0	0	0	0				0	0	0	0	0	0				0.948026490066225	0.0354966887417219	0.261933774834437	1.3517880794702	-4.14807947019868	0.502516556291392				0.367788079470199	-0.142834437086093	-0.852238410596026	0.580397350993377	-0.962384105960265	-1.87470198675497			
1	160	0	0	0	0	0	0				0.976953642384106	0.0477880794701987	0.301139072847682	-2.92609271523179	2.82781456953642	-0.30596026490066				0	0	0	0	0	0				0.544529801324503	-0.448529801324503	-0.661721854304636	1.36291390728477	-3.4564238410596	-0.895629139072848				0.948026490066225	0.0354966887417219	0.261933774834437	0.511788079470198	-4.70807947019868	-1.17748344370861				0.367788079470199	-0.158834437086093	-0.852238410596026	-0.259602649006623	-0.682384105960265	-2.99470198675497			
2	180	0.967841059602649	-0.0292450331125828	0.184476821192053	1.99337748344371	-0.984635761589404	-0.624900662251656				0.960953642384106	0.0477880794701987	0.301139072847682	-1.80609271523179	0.587814569536424	-1.42596026490066				0.997827814569536	0.110728476821192	-0.00794701986754963	1.40741721854305	-1.53350993377483	0.35973509933775				0.544529801324503	-0.480529801324503	-0.661721854304636	2.76291390728477	-2.6164238410596	-0.615629139072848				0.948026490066225	0.0354966887417219	0.261933774834437	0.231788079470198	-4.98807947019868	-0.617483443708608				0.367788079470199	-0.142834437086093	-0.852238410596026	-0.539602649006623	-0.402384105960265	-3.55470198675497			
3	200	0.967841059602649	-0.0132450331125828	0.184476821192053	2.83337748344371	-1.8246357615894	-0.624900662251656				0.960953642384106	0.0477880794701987	0.301139072847682	-0.126092715231788	0.587814569536424	-0.585960264900661				0.981827814569536	0.0947284768211921	-0.00794701986754963	4.20741721854305	-0.693509933774834	0.35973509933775				0.528529801324503	-0.480529801324503	-0.677721854304636	3.32291390728477	-2.0564238410596	-1.73562913907285				0.932026490066225	0.0194966887417219	0.245933774834437	3.3117880794702	-3.86807947019868	-0.897483443708608				0.351788079470199	-0.142834437086093	-0.868238410596026	-1.09960264900662	-1.24238410596026	-4.39470198675497			
4	220	0.967841059602649	-0.0132450331125828	0.184476821192053	1.71337748344371	-1.2646357615894	-0.904900662251656				0.960953642384106	0.0477880794701987	0.285139072847682	0.153907284768212	1.14781456953642	-0.86596026490066				0.981827814569536	0.0947284768211921	0.00805298013245037	4.76741721854305	-0.413509933774833	-0.48026490066225				0.544529801324503	-0.464529801324503	-0.661721854304636	-0.877086092715232	-2.8964238410596	-3.69562913907285				0.932026490066225	0.0354966887417219	0.245933774834437	2.4717880794702	-3.58807947019868	-2.01748344370861				0.367788079470199	-0.158834437086093	-0.868238410596026	-1.65960264900662	-0.682384105960265	-4.11470198675497			
5	240	0.967841059602649	-0.0132450331125828	0.200476821192053	0.0333774834437086	-1.2646357615894	-0.904900662251656				0.960953642384106	0.0477880794701987	0.285139072847682	-2.08609271523179	1.42781456953642	-1.14596026490066				0.981827814569536	0.0947284768211921	0.00805298013245037	1.96741721854305	0.146490066225167	-0.76026490066225				0.528529801324503	-0.448529801324503	-0.661721854304636	-0.317086092715232	-3.7364238410596	-2.29562913907285				0.948026490066225	0.0354966887417219	0.245933774834437	1.3517880794702	-4.70807947019868	-1.45748344370861				0.367788079470199	-0.142834437086093	-0.884238410596026	-1.09960264900662	-1.24238410596026	-5.51470198675497			
6	260	0.983841059602649	-0.0292450331125828	0.184476821192053	0.593377483443709	-1.8246357615894	-0.904900662251656				0.976953642384106	0.0477880794701987	0.301139072847682	-2.36609271523179	2.26781456953642	-1.42596026490066				0.997827814569536	0.0947284768211921	0.00805298013245037	1.12741721854305	-0.413509933774833	-1.04026490066225				0.544529801324503	-0.432529801324503	-0.661721854304636	0.522913907284768	-3.1764238410596	-2.01562913907285				0.948026490066225	0.0354966887417219	0.245933774834437	3.3117880794702	-4.14807947019868	-0.897483443708608				0.367788079470199	-0.142834437086093	-0.868238410596026	-1.93960264900662	-1.52238410596026	-4.39470198675497			
7	280	0.967841059602649	-0.0292450331125828	0.184476821192053	0.0333774834437086	-0.984635761589404	-1.74490066225166				0.960953642384106	0.0317880794701987	0.301139072847682	-2.64609271523179	2.26781456953642	-1.98596026490066				0.981827814569536	0.0947284768211921	0.00805298013245037	1.12741721854305	-1.53350993377483	0.35973509933775				0.544529801324503	-0.464529801324503	-0.677721854304636	0.242913907284768	-3.4564238410596	-2.01562913907285				0.948026490066225	0.0354966887417219	0.213933774834437	2.7517880794702	-4.70807947019868	-1.17748344370861				0.367788079470199	-0.142834437086093	-0.884238410596026	-1.93960264900662	-0.402384105960265	-3.55470198675497			
8	300	0.967841059602649	-0.0292450331125828	0.200476821192053	-0.246622516556291	-0.704635761589404	-0.904900662251656				0.944953642384106	0.0477880794701987	0.285139072847682	-2.92609271523179	2.26781456953642	-1.98596026490066				0.981827814569536	0.0947284768211921	0.00805298013245037	-1.95258278145695	-0.973509933774833	-1.04026490066225				0.528529801324503	-0.464529801324503	-0.661721854304636	1.92291390728477	-2.6164238410596	-2.29562913907285				0.932026490066225	0.0354966887417219	0.277933774834437	-3.1282119205298	-1.90807947019868	-2.29748344370861				0.383788079470199	-0.142834437086093	-0.884238410596026	-0.259602649006623	-0.402384105960265	-3.27470198675497			
9	320	0.951841059602649	-0.0132450331125828	0.200476821192053	-1.64662251655629	-0.984635761589404	-0.344900662251656				0.960953642384106	0.0477880794701987	0.317139072847682	-2.92609271523179	1.42781456953642	-0.86596026490066				0.981827814569536	0.0947284768211921	0.00805298013245037	-2.51258278145695	-2.37350993377483	-0.76026490066225				0.512529801324503	-0.432529801324503	-0.677721854304636	-0.597086092715232	-2.3364238410596	-2.85562913907285				0.948026490066225	0.0354966887417219	0.229933774834437	1.3517880794702	-3.30807947019868	-1.73748344370861				0.367788079470199	-0.142834437086093	-0.868238410596026	-1.37960264900662	0.157615894039735	-3.83470198675497			
10	340	0.967841059602649	-0.0292450331125828	0.200476821192053	-1.92662251655629	-0.704635761589404	-1.74490066225166				0.960953642384106	0.0477880794701987	0.317139072847682	-4.04609271523179	1.14781456953642	-1.70596026490066				0.997827814569536	0.110728476821192	0.00805298013245037	-0.272582781456954	-1.81350993377483	-0.20026490066225				0.528529801324503	-0.432529801324503	-0.661721854304636	-1.15708609271523	-2.0564238410596	-1.73562913907285				0.948026490066225	0.0514966887417219	0.245933774834437	-1.4482119205298	-1.90807947019868	-2.01748344370861				0.367788079470199	-0.142834437086093	-0.868238410596026	-2.49960264900662	-0.682384105960265	-3.55470198675497			
11	360	0.983841059602649	-0.0132450331125828	0.200476821192053	-3.04662251655629	-0.424635761589404	-1.74490066225166				0.960953642384106	0.0317880794701987	0.301139072847682	-2.64609271523179	0.307814569536424	-1.98596026490066				0.981827814569536	0.0947284768211921	0.00805298013245037	-0.832582781456954	-2.09350993377483	-0.48026490066225				0.528529801324503	-0.432529801324503	-0.661721854304636	-0.877086092715232	-2.3364238410596	-1.73562913907285				0.948026490066225	0.0354966887417219	0.245933774834437	-0.328211920529802	-2.46807947019868	-0.617483443708608				0.367788079470199	-0.126834437086093	-0.884238410596026	-1.09960264900662	0.437615894039735	-4.11470198675497			
12	380	0.967841059602649	-0.0132450331125828	0.216476821192053	-2.76662251655629	-0.704635761589404	-1.18490066225166				0.960953642384106	0.0637880794701987	0.301139072847682	-3.76609271523179	0.587814569536424	-1.70596026490066				0.981827814569536	0.0947284768211921	0.00805298013245037	-1.67258278145695	0.146490066225167	-1.04026490066225				0.560529801324503	-0.464529801324503	-0.661721854304636	-0.597086092715232	-1.7764238410596	-1.73562913907285				0.964026490066225	0.0514966887417219	0.245933774834437	0.231788079470198	-1.90807947019868	-0.617483443708608				0.367788079470199	-0.126834437086093	-0.868238410596026	-3.05960264900662	2.67761589403974	-4.95470198675497			
13	400	0.967841059602649	-0.0132450331125828	0.200476821192053	-1.64662251655629	-0.144635761589404	-1.74490066225166				0.976953642384106	0.0637880794701987	0.317139072847682	-3.48609271523179	-1.65218543046358	-1.42596026490066				0.997827814569536	0.110728476821192	0.00805298013245037	-1.11258278145695	0.706490066225167	-0.20026490066225				0.576529801324503	-0.464529801324503	-0.661721854304636	0.522913907284768	-2.6164238410596	-1.17562913907285				0.932026490066225	0.0514966887417219	0.229933774834437	-0.888211920529802	-3.86807947019868	-1.73748344370861				0.383788079470199	-0.126834437086093	-0.868238410596026	-2.21960264900662	1.55761589403974	-3.83470198675497			
14	420	0.967841059602649	-0.0132450331125828	0.200476821192053	-2.20662251655629	-0.424635761589404	-2.02490066225166				0.960953642384106	0.0637880794701987	0.285139072847682	-1.80609271523179	-4.17218543046358	-2.26596026490066				0.997827814569536	0.110728476821192	0.00805298013245037	-1.67258278145695	-0.133509933774833	0.0797350993377501				0.544529801324503	-0.448529801324503	-0.661721854304636	-2.55708609271523	-3.1764238410596	-1.73562913907285				0.948026490066225	0.0514966887417219	0.213933774834437	-1.4482119205298	-3.86807947019868	-0.617483443708608				0.367788079470199	-0.126834437086093	-0.868238410596026	-1.93960264900662	-0.682384105960265	-2.99470198675497			
15	440	0.983841059602649	-0.0132450331125828	0.200476821192053	-1.64662251655629	-0.984635761589404	-1.18490066225166				0.960953642384106	0.0637880794701987	0.285139072847682	-0.686092715231788	-3.89218543046358	-0.86596026490066				0.981827814569536	0.110728476821192	0.00805298013245037	-1.11258278145695	-0.973509933774833	0.0797350993377501				0.528529801324503	-0.432529801324503	-0.677721854304636	-2.55708609271523	-4.0164238410596	-1.73562913907285				0.948026490066225	0.0514966887417219	0.245933774834437	0.511788079470198	-3.58807947019868	-1.73748344370861				0.367788079470199	-0.126834437086093	-0.884238410596026	-2.49960264900662	-2.08238410596027	-4.11470198675497			
16	460	0.983841059602649	-0.0132450331125828	0.200476821192053	-2.48662251655629	-0.424635761589404	-1.18490066225166				0.960953642384106	0.0797880794701987	0.317139072847682	0.713907284768212	-1.65218543046358	-0.585960264900661				0.997827814569536	0.110728476821192	-0.00794701986754963	0.847417218543046	-1.25350993377483	-0.48026490066225				0.544529801324503	-0.432529801324503	-0.677721854304636	-3.11708609271523	-4.2964238410596	-0.895629139072848				0.948026490066225	0.0514966887417219	0.229933774834437	1.6317880794702	-4.70807947019868	-1.17748344370861				0.367788079470199	-0.110834437086093	-0.884238410596026	-3.89960264900662	-1.80238410596026	-3.55470198675497			
17	480	0.967841059602649	-0.0132450331125828	0.200476821192053	-1.36662251655629	0.415364238410596	-1.18490066225166				0.960953642384106	0.0637880794701987	0.317139072847682	0.713907284768212	-4.17218543046358	-0.30596026490066				0.981827814569536	0.110728476821192	-0.00794701986754963	-0.832582781456954	-0.973509933774833	-0.48026490066225				0.528529801324503	-0.448529801324503	-0.661721854304636	-1.43708609271523	-2.8964238410596	-1.17562913907285				0.948026490066225	0.0514966887417219	0.229933774834437	1.3517880794702	-5.54807947019868	-0.337483443708608				0.367788079470199	-0.110834437086093	-0.868238410596026	-3.89960264900662	-1.80238410596026	-4.39470198675497			
18	500	0.983841059602649	0.00275496688741723	0.200476821192053	-0.246622516556291	-0.424635761589404	-0.904900662251656				0.960953642384106	0.0637880794701987	0.301139072847682	0.713907284768212	-3.61218543046358	-0.0259602649006601				0.981827814569536	0.110728476821192	0.00805298013245037	-1.95258278145695	-0.413509933774833	0.35973509933775				0.528529801324503	-0.432529801324503	-0.677721854304636	1.64291390728477	-2.3364238410596	-0.615629139072848				0.948026490066225	0.0514966887417219	0.229933774834437	0.791788079470198	-4.98807947019868	-0.897483443708608				0.367788079470199	-0.110834437086093	-0.868238410596026	-3.89960264900662	-0.682384105960265	-4.95470198675497			
19	520	0.967841059602649	0.00275496688741723	0.184476821192053	-0.806622516556291	-1.5446357615894	-1.46490066225166				0.960953642384106	0.0477880794701987	0.301139072847682	0.713907284768212	-5.29218543046358	-0.86596026490066				0.981827814569536	0.126728476821192	-0.00794701986754963	-1.95258278145695	1.26649006622517	0.35973509933775				0.544529801324503	-0.448529801324503	-0.693721854304636	-2.55708609271523	-4.0164238410596	-0.0556291390728476				0.948026490066225	0.0514966887417219	0.229933774834437	1.0717880794702	-2.46807947019868	-1.45748344370861				0.383788079470199	-0.126834437086093	-0.884238410596026	-6.13960264900662	-1.24238410596026	-6.35470198675497			
20	540	0.967841059602649	0.00275496688741723	0.168476821192053	-3.04662251655629	-1.8246357615894	-2.30490066225166				0.976953642384106	0.0637880794701987	0.285139072847682	-1.80609271523179	-5.29218543046358	-2.26596026490066				0.981827814569536	0.110728476821192	0.00805298013245037	0.567417218543046	2.10649006622517	0.63973509933775				0.544529801324503	-0.448529801324503	-0.677721854304636	-3.67708609271523	-4.2964238410596	-0.615629139072848				0.932026490066225	0.0514966887417219	0.213933774834437	-2.2882119205298	-3.86807947019868	-1.45748344370861				0.415788079470199	-0.126834437086093	-0.884238410596026	-2.21960264900662	-3.20238410596026	-3.55470198675497			
21	560	0.967841059602649	0.00275496688741723	0.168476821192053	-3.88662251655629	-0.424635761589404	-0.904900662251656				0.976953642384106	0.0637880794701987	0.285139072847682	-4.32609271523179	-4.17218543046358	-1.70596026490066				0.981827814569536	0.126728476821192	0.0240529801324504	-3.63258278145695	2.10649006622517	1.47973509933775				0.544529801324503	-0.448529801324503	-0.709721854304636	-6.47708609271523	-4.2964238410596	-1.73562913907285				0.948026490066225	0.0514966887417219	0.245933774834437	-0.888211920529802	-1.90807947019868	-2.85748344370861				0.399788079470199	-0.126834437086093	-0.884238410596026	-1.09960264900662	-4.88238410596027	-2.71470198675497			
22	580	0.967841059602649	-0.0132450331125828	0.184476821192053	-5.00662251655629	-0.144635761589404	-1.46490066225166				0.960953642384106	0.0797880794701987	0.301139072847682	-9.08609271523179	-3.89218543046358	-2.82596026490066				0.997827814569536	0.110728476821192	0.00805298013245037	-6.99258278145695	1.26649006622517	1.75973509933775				0.512529801324503	-0.464529801324503	-0.725721854304636	-7.31708609271523	-3.4564238410596	-0.335629139072848				0.964026490066225	0.0514966887417219	0.213933774834437	-0.888211920529802	-4.14807947019868	-4.53748344370861				0.367788079470199	-0.126834437086093	-0.836238410596026	-4.17960264900662	-4.88238410596027	-1.87470198675497			
23	600	0.983841059602649	0.00275496688741723	0.152476821192053	-7.80662251655629	-0.704635761589404	-2.30490066225166				0.944953642384106	0.111788079470199	0.301139072847682	-7.68609271523179	-8.37218543046358	-5.62596026490066				1.01382781456954	0.110728476821192	0.00805298013245037	-6.99258278145695	-0.413509933774833	2.31973509933775				0.512529801324503	-0.464529801324503	-0.693721854304636	-10.6770860927152	-2.8964238410596	0.504370860927152				0.948026490066225	0.0514966887417219	0.213933774834437	-5.3682119205298	-3.30807947019868	-5.93748344370861				0.383788079470199	-0.126834437086093	-0.836238410596026	-8.93960264900662	-4.04238410596027	0.0852980132450323			
24	620	1.03184105960265	0.0187549668874172	0.136476821192053	-12.5666225165563	-2.1046357615894	-3.42490066225166				0.944953642384106	0.0957880794701987	0.269139072847682	-8.24609271523179	-12.8521854304636	-5.62596026490066				0.949827814569536	0.142728476821192	-0.00794701986754963	-6.99258278145695	0.146490066225167	4.55973509933775				0.496529801324503	-0.464529801324503	-0.709721854304636	-12.0770860927152	-2.3364238410596	1.90437086092715				0.948026490066225	0.0674966887417219	0.197933774834437	-9.5682119205298	-4.70807947019868	-7.61748344370861				0.415788079470199	-0.126834437086093	-0.820238410596026	-13.1396026490066	-2.08238410596027	2.88529801324503			
25	640	1.01584105960265	0.0987549668874172	0.104476821192053	-20.4066225165563	-5.4646357615894	-4.82490066225166				0.960953642384106	0.111788079470199	0.253139072847682	-7.12609271523179	-12.0121854304636	-8.42596026490066				1.01382781456954	0.142728476821192	-0.00794701986754963	-7.55258278145695	2.38649006622517	8.19973509933775				0.480529801324503	-0.432529801324503	-0.725721854304636	-14.8770860927152	-1.7764238410596	3.30437086092715				0.932026490066225	0.0674966887417219	0.213933774834437	-12.3682119205298	-2.74807947019868	-10.1374834437086				0.399788079470199	-0.126834437086093	-0.804238410596027	-15.0996026490066	-3.48238410596027	4.84529801324503			
26	660	1.03184105960265	0.178754966887417	-0.00752317880794696	-21.2466225165563	-7.9846357615894	-5.38490066225166				0.992953642384106	0.127788079470199	0.317139072847682	-22.5260927152318	-5.01218543046358	-10.9459602649007				1.01382781456954	0.0787284768211921	0.0240529801324504	-13.432582781457	-0.973509933774833	14.0797350993378				0.480529801324503	-0.432529801324503	-0.741721854304636	-19.9170860927152	1.8635761589404	3.86437086092715				0.932026490066225	0.0674966887417219	0.229933774834437	-17.6882119205298	-4.42807947019868	-14.3374834437086				0.415788079470199	-0.142834437086093	-0.772238410596026	-16.7796026490066	-2.92238410596027	6.80529801324503			
27	680	1.09584105960265	0.162754966887417	-0.135523178807947	-11.7266225165563	-19.1846357615894	-6.22490066225166				0.992953642384106	0.175788079470199	0.397139072847682	-35.9660927152318	-0.812185430463576	-13.4659602649007				0.981827814569536	0.126728476821192	0.00805298013245037	-32.192582781457	-1.53350993377483	15.1997350993378				0.464529801324503	-0.464529801324503	-0.837721854304636	-23.5570860927152	4.3835761589404	8.34437086092715				0.948026490066225	0.115496688741722	0.229933774834437	-23.5682119205298	-9.46807947019868	-20.2174834437086				0.463788079470199	-0.0948344370860927	-0.788238410596027	-24.0596026490066	-2.92238410596027	12.125298013245			
28	700	1.12784105960265	0.130754966887417	-0.247523178807947	-17.0466225165563	-35.4246357615894	-5.66490066225166				0.896953642384106	0.207788079470199	0.365139072847682	-35.1260927152318	-4.73218543046358	-14.0259602649007				1.01382781456954	0.238728476821192	0.00805298013245037	-42.552582781457	-2.09350993377483	16.0397350993378				0.496529801324503	-0.480529801324503	-0.821721854304636	-34.7570860927152	5.7835761589404	10.3043708609272				0.900026490066225	0.179496688741722	0.245933774834437	-30.0082119205298	-12.2680794701987	-22.4574834437086				0.527788079470199	-0.0628344370860927	-0.820238410596026	-22.0996026490066	-2.92238410596027	21.365298013245			
29	720	1.15984105960265	0.0987549668874172	-0.375523178807947	-45.3266225165563	-61.7446357615894	-9.58490066225166				0.848953642384106	0.175788079470199	0.349139072847682	-43.5260927152318	-5.85218543046358	-15.4259602649007				0.997827814569536	0.174728476821192	0.0560529801324504	-33.872582781457	-7.13350993377484	18.2797350993378				0.464529801324503	-0.384529801324503	-0.837721854304636	-44.5570860927152	2.4235761589404	11.1443708609272				0.916026490066225	0.227496688741722	0.181933774834437	-39.8082119205298	-9.18807947019868	-25.8174834437086				0.543788079470199	-0.0148344370860927	-0.772238410596026	-20.6996026490066	-2.64238410596027	32.565298013245			
30	740	1.14384105960265	0.114754966887417	-0.407523178807947	-75.0066225165563	-89.7446357615894	-16.0249006622517				0.816953642384106	0.175788079470199	0.381139072847682	-49.6860927152318	0.0278145695364242	-14.0259602649007				0.917827814569536	0.174728476821192	0.13605298013245	-38.072582781457	-9.65350993377483	20.2397350993378				0.416529801324503	-0.272529801324503	-0.789721854304636	-49.8770860927152	7.4635761589404	11.9843708609272				0.852026490066225	0.291496688741722	0.181933774834437	-53.2482119205298	-12.2680794701987	-28.6174834437086				0.527788079470199	0.0651655629139073	-0.708238410596026	-29.0996026490066	-4.04238410596027	41.805298013245			
31	760	1.09584105960265	0.0987549668874172	-0.391523178807947	-86.4866225165563	-109.624635761589	-23.0249006622517				0.832953642384106	0.207788079470199	0.349139072847682	-51.3660927152318	3.94781456953642	-10.3859602649007				0.965827814569536	0.222728476821192	0.12005298013245	-40.592582781457	-14.1335099337748	21.6397350993378				0.400529801324503	-0.176529801324503	-0.773721854304636	-57.7170860927152	10.2635761589404	14.7843708609272				0.772026490066225	0.323496688741722	0.213933774834437	-56.3282119205298	-7.50807947019868	-30.0174834437086				0.527788079470199	0.145165562913907	-0.724238410596026	-32.4596026490066	-7.68238410596027	49.365298013245			
32	780	1.04784105960265	0.0987549668874172	-0.327523178807947	-83.6866225165563	-114.664635761589	-28.0649006622517				0.896953642384106	0.271788079470199	0.413139072847682	-53.3260927152318	0.867814569536424	-7.86596026490066				1.01382781456954	0.190728476821192	0.0880529801324504	-43.112582781457	-21.1335099337748	21.6397350993378				0.400529801324503	-0.112529801324503	-0.773721854304636	-63.0370860927152	14.7435761589404	19.2643708609272				0.772026490066225	0.339496688741722	0.261933774834437	-61.9282119205298	1.17192052980133	-31.6974834437086				0.527788079470199	0.225165562913907	-0.756238410596026	-27.9796026490066	-9.92238410596027	55.525298013245			
33	800	0.983841059602649	0.0187549668874172	-0.407523178807947	-99.3666225165563	-151.904635761589	-35.6249006622517				0.928953642384106	0.191788079470199	0.397139072847682	-70.4060927152318	-7.25218543046358	-5.34596026490066				1.01382781456954	0.190728476821192	0.0560529801324504	-44.232582781457	-26.7335099337748	19.6797350993378				0.352529801324503	-0.0805298013245033	-0.757721854304636	-63.5970860927152	20.0635761589404	25.7043708609272				0.868026490066225	0.307496688741722	0.277933774834437	-66.9682119205298	8.17192052980133	-32.5374834437086				0.575788079470199	0.209165562913907	-0.788238410596027	-20.1396026490066	-6.56238410596027	59.445298013245			
34	820	0.855841059602649	-0.157245033112583	0.440476821192053	-82.5666225165563	-101.784635761589	-11.5449006622517				0.944953642384106	0.0957880794701987	0.413139072847682	-91.6860927152318	-10.3321854304636	-5.62596026490066				0.949827814569536	0.174728476821192	0.00805298013245037	-46.752582781457	-35.1335099337748	17.9997350993378				0.336529801324503	-0.0965298013245033	-0.757721854304636	-60.7970860927152	28.1835761589404	34.3843708609272				0.916026490066225	0.291496688741722	0.245933774834437	-74.8082119205298	5.09192052980133	-30.2974834437086				0.607788079470199	0.193165562913907	-0.804238410596027	-17.8996026490066	1.27761589403974	64.205298013245			
35	840	0.887841059602649	-0.109245033112583	0.456476821192053	-146.966622516556	-101.784635761589	14.7750993377483				0.896953642384106	0.159788079470199	0.269139072847682	-95.6060927152318	-16.7721854304636	-7.02596026490066				0.949827814569536	0.142728476821192	-0.00794701986754963	-58.512582781457	-37.0935099337748	19.9597350993378				0.352529801324503	-0.112529801324503	-0.757721854304636	-53.2370860927152	34.3435761589404	46.4243708609272				0.964026490066225	0.291496688741722	0.213933774834437	-85.1682119205298	-0.788079470198675	-27.4974834437086				0.591788079470199	0.145165562913907	-0.772238410596026	-18.1796026490066	7.71761589403974	68.685298013245			
36	860	0.855841059602649	-0.0772450331125828	0.440476821192053	-121.206622516556	-96.4646357615894	17.0150993377483				0.912953642384106	0.191788079470199	0.173139072847682	-94.4860927152318	-17.8921854304636	-4.22596026490066				0.949827814569536	0.174728476821192	-0.0399470198675496	-64.672582781457	-38.7735099337748	20.2397350993378				0.432529801324503	-0.128529801324503	-0.805721854304636	-44.8370860927152	39.1035761589404	61.5443708609272				1.01202649006623	0.307496688741722	0.181933774834437	-95.2482119205298	-9.46807947019868	-24.1374834437086				0.591788079470199	0.0971655629139073	-0.820238410596026	-34.4196026490066	19.1976158940397	72.045298013245			
37	880	0.727841059602649	0.0347549668874172	0.232476821192053	-96.0066225165563	-51.6646357615894	3.01509933774834				1.02495364238411	0.223788079470199	0.253139072847682	-100.086092715232	-17.3321854304636	-5.06596026490066				0.901827814569536	0.238728476821192	0.0400529801324504	-84.552582781457	-31.7735099337748	24.1597350993378				0.464529801324503	-0.256529801324503	-0.869721854304636	-42.3170860927152	35.4635761589404	76.6643708609272				1.02802649006623	0.339496688741722	0.213933774834437	-107.00821192053	-20.1080794701987	-21.8974834437086				0.527788079470199	0.113165562913907	-0.916238410596027	-44.2196026490066	25.9176158940397	74.845298013245			
38	900	0.663841059602649	0.0667549668874172	0.360476821192053	-132.126622516556	0.135364238410596	4.13509933774834				1.05695364238411	0.271788079470199	0.301139072847682	-101.206092715232	-15.0921854304636	-11.2259602649007				0.981827814569536	0.302728476821192	-0.0399470198675496	-90.432582781457	-20.2935099337748	30.0397350993378				0.496529801324503	-0.416529801324503	-0.869721854304636	-47.3570860927152	34.3435761589404	88.9843708609272				0.996026490066225	0.307496688741722	0.261933774834437	-109.52821192053	-17.8680794701987	-20.4974834437086				0.447788079470199	0.145165562913907	-0.964238410596026	-48.4196026490066	20.0376158940397	82.685298013245			
39	1080	0.503841059602649	-1.35724503311258	-0.679523178807947	-87.0466225165563	-1.5446357615894	45.2950993377484				1.24895364238411	0.111788079470199	-0.258860927152318	-88.8860927152318	-22.9321854304636	-33.0659602649007				1.39782781456954	-0.00127152317880793	-0.69594701986755	-146.992582781457	-22.8135099337748	35.6397350993377				0.656529801324503	-0.800529801324503	-0.805721854304636	-57.4370860927152	39.3835761589404	115.864370860927				1.20402649006623	-0.0125033112582781	0.181933774834437	-108.68821192053	12.3719205298013	-22.7374834437086				0.367788079470199	-0.158834437086093	-1.18823841059603	-37.2196026490066	17.2376158940397	104.245298013245			
40	1100	0.935841059602649	-0.797245033112583	0.344476821192053	-188.966622516556	12.7353642384106	32.6950993377484				1.24895364238411	-0.0802119205298013	-0.178860927152318	-116.606092715232	16.8278145695364	-28.0259602649007				1.30182781456954	-0.193271523178808	-0.66394701986755	-101.072582781457	-44.9335099337748	14.9197350993378				0.592529801324503	-0.768529801324503	-0.965721854304636	-49.5970860927152	60.1035761589404	109.704370860927				1.26802649006623	-0.0125033112582781	0.421933774834437	-108.12821192053	14.3319205298013	-26.3774834437086				0.415788079470199	-0.206834437086093	-1.22023841059603	-47.8596026490066	-3.20238410596026	103.685298013245			
41	1120	1.06384105960265	0.0187549668874172	-0.407523178807947	-154.526622516556	-5.4646357615894	35.7750993377484				1.26495364238411	-0.0322119205298013	0.269139072847682	-144.046092715232	17.6678145695364	-24.1059602649007				1.04582781456954	-0.529271523178808	-0.35994701986755	-126.552582781457	-68.1735099337748	9.59973509933775				0.640529801324503	-0.768529801324503	-0.949721854304636	-62.4770860927152	73.5435761589404	93.7443708609272				1.26802649006623	0.0354966887417219	0.245933774834437	-126.04821192053	-5.26807947019868	-28.3374834437086				0.415788079470199	-0.142834437086093	-1.14023841059603	-17.0596026490066	-20.2823841059603	108.725298013245			
42	1140	0.919841059602649	-0.157245033112583	-0.263523178807947	-114.206622516556	35.1353642384106	48.3750993377484				1.20095364238411	-0.0482119205298013	0.365139072847682	-137.046092715232	-7.25218543046358	-21.0259602649007				0.885827814569536	-0.401271523178808	-0.24794701986755	-180.872582781457	-75.4535099337748	7.91973509933775				0.640529801324503	-0.720529801324503	-0.869721854304636	-77.0370860927152	58.7035761589404	81.7043708609272				1.15602649006623	0.0194966887417219	0.181933774834437	-130.24821192053	-10.5880794701987	-31.9774834437086				0.383788079470199	-0.142834437086093	-0.932238410596026	-42.2596026490066	2.11761589403974	122.445298013245			
43	1160	1.04784105960265	-0.0612450331125828	-0.023523178807947	-93.4866225165563	48.0153642384106	40.2550993377484				1.07295364238411	0.111788079470199	0.0931390728476822	-146.286092715232	-38.0521854304636	-29.4259602649007				0.773827814569536	-0.161271523178808	-0.26394701986755	-215.312582781457	-55.0135099337748	-0.48026490066225				0.528529801324503	-0.592529801324503	-0.789721854304636	-89.0770860927152	42.7435761589404	76.6643708609272				1.01202649006623	-0.0125033112582781	0.245933774834437	-134.16821192053	-23.1880794701987	-31.9774834437086				0.351788079470199	-0.0788344370860927	-0.852238410596026	-65.4996026490066	13.3176158940397	129.165298013245			
44	1180	0.983841059602649	0.130754966887417	0.024476821192053	-92.9266225165563	48.5753642384106	20.3750993377483				0.880953642384106	0.0317880794701987	-0.0988609271523179	-144.046092715232	-45.6121854304636	-21.5859602649007				0.597827814569536	-0.145271523178808	-0.19994701986755	-211.672582781457	-43.5335099337748	-0.48026490066225				0.416529801324503	-0.480529801324503	-0.613721854304636	-96.3570860927152	35.1835761589404	71.0643708609272				0.900026490066225	-0.0125033112582781	0.245933774834437	-138.36821192053	-24.0280794701987	-31.1374834437086				0.287788079470199	0.0171655629139073	-0.788238410596027	-52.8996026490066	7.43761589403974	129.725298013245			
45	1200	0.919841059602649	0.242754966887417	-0.00752317880794696	-75.2866225165563	49.4153642384106	3.29509933774834				0.864953642384106	0.0157880794701987	-0.0668609271523178	-155.246092715232	-26.8521854304636	-22.1459602649007				0.501827814569536	-0.145271523178808	-0.13594701986755	-195.992582781457	-3.21350993377483	4.83973509933775				0.352529801324503	-0.400529801324503	-0.485721854304636	-89.6370860927152	35.4635761589404	66.3043708609272				0.820026490066225	0.00349668874172187	0.213933774834437	-141.16821192053	-25.7080794701987	-30.0174834437086				0.207788079470199	0.113165562913907	-0.756238410596026	-47.8596026490066	13.5976158940397	123.285298013245			
46	1220	0.887841059602649	0.0507549668874172	-0.087523178807947	-64.3666225165563	53.6153642384106	2.45509933774835				0.816953642384106	0.111788079470199	-0.0668609271523178	-143.766092715232	-25.7321854304636	-24.6659602649007				0.549827814569536	-0.257271523178808	0.0880529801324504	-220.912582781457	42.7064900662252	4.55973509933775				0.352529801324503	-0.336529801324503	-0.405721854304636	-76.4770860927152	43.5835761589404	64.6243708609272				0.804026490066225	0.0514966887417219	0.149933774834437	-143.68821192053	-26.2680794701987	-29.1774834437086				0.159788079470199	0.145165562913907	-0.756238410596026	-43.0996026490066	19.7576158940397	109.005298013245			
47	1240	0.935841059602649	-0.189245033112583	-0.071523178807947	-69.4066225165563	55.8553642384106	8.05509933774835				0.816953642384106	0.0957880794701987	0.109139072847682	-125.006092715232	-15.3721854304636	-25.2259602649007				0.709827814569536	-0.161271523178808	0.24805298013245	-206.912582781457	36.2664900662252	17.7197350993378				0.352529801324503	-0.304529801324503	-0.405721854304636	-55.7570860927152	53.1035761589404	67.1443708609272				0.788026490066225	0.0834966887417219	0.101933774834437	-139.20821192053	-25.1480794701987	-28.6174834437086				0.0797880794701987	0.129165562913907	-0.740238410596026	-40.8596026490066	25.3576158940397	94.725298013245			
48	1260	0.951841059602649	-0.253245033112583	-0.071523178807947	-81.4466225165563	44.3753642384106	9.73509933774834				0.736953642384106	0.111788079470199	0.253139072847682	-124.446092715232	-12.2921854304636	-26.6259602649007				0.869827814569536	0.126728476821192	0.36005298013245	-227.352582781457	21.4264900662252	46.5597350993378				0.368529801324503	-0.304529801324503	-0.501721854304636	-36.4370860927152	62.3435761589404	67.4243708609272				0.756026490066225	0.115496688741722	0.101933774834437	-132.48821192053	-29.6280794701987	-27.2174834437086				-0.0482119205298013	0.145165562913907	-0.740238410596026	-47.0196026490066	28.1576158940397	83.805298013245			
49	1280	0.935841059602649	-0.237245033112583	-0.151523178807947	-95.1666225165563	31.7753642384106	3.29509933774834				0.768953642384106	0.191788079470199	0.253139072847682	-130.046092715232	-10.0521854304636	-27.1859602649007				0.885827814569536	0.270728476821192	0.28005298013245	-219.792582781457	63.4264900662252	59.1597350993378				0.464529801324503	-0.256529801324503	-0.581721854304636	-30.8370860927152	62.0635761589404	66.8643708609272				0.740026490066225	0.163496688741722	0.117933774834437	-122.12821192053	-23.7480794701987	-26.3774834437086				-0.0482119205298013	0.145165562913907	-0.756238410596026	-50.3796026490066	27.5976158940397	74.285298013245			
50	1300	0.983841059602649	-0.189245033112583	-0.215523178807947	-107.486622516556	27.5753642384106	-9.30490066225166				0.832953642384106	0.127788079470199	0.141139072847682	-129.486092715232	-5.29218543046358	-19.6259602649007				0.773827814569536	0.222728476821192	0.42405298013245	-178.912582781457	81.0664900662252	52.9997350993378				0.624529801324503	-0.240529801324503	-0.677721854304636	-22.1570860927152	53.3835761589404	62.3843708609272				0.788026490066225	0.195496688741722	0.101933774834437	-108.12821192053	-15.9080794701987	-24.6974834437086				0.0317880794701987	0.129165562913907	-0.820238410596026	-56.8196026490066	28.4376158940397	67.845298013245			
51	1320	1.04784105960265	-0.157245033112583	-0.343523178807947	-128.766622516556	9.3753642384106	-24.7049006622517				0.960953642384106	0.0797880794701987	0.109139072847682	-121.646092715232	1.14781456953642	-11.5059602649007				0.837827814569536	0.430728476821192	0.55205298013245	-194.312582781457	86.1064900662252	38.7197350993378				0.768529801324503	-0.336529801324503	-0.725721854304636	-15.4370860927152	32.6635761589404	50.9043708609272				0.852026490066225	0.227496688741722	0.165933774834437	-95.5282119205298	-7.22807947019868	-24.4174834437086				0.143788079470199	0.177165562913907	-0.948238410596026	-59.0596026490066	23.6776158940397	63.085298013245			
52	1340	1.12784105960265	-0.205245033112583	-0.439523178807947	-138.566622516556	-21.7046357615894	-33.1049006622517				0.960953642384106	0.0797880794701987	0.173139072847682	-110.166092715232	9.26781456953642	-7.02596026490066				1.15782781456954	0.974728476821192	0.24805298013245	-199.072582781457	115.506490066225	16.5997350993378				0.768529801324503	-0.464529801324503	-0.725721854304636	-38.9570860927152	12.5035761589404	38.0243708609272				0.804026490066225	0.275496688741722	0.229933774834437	-86.0082119205298	1.45192052980132	-24.6974834437086				0.303788079470199	0.257165562913907	-1.02823841059603	-38.0596026490066	2.67761589403974	62.245298013245			
53	1360	1.04784105960265	0.162754966887417	-0.455523178807947	-128.486622516556	-79.1046357615894	-53.5449006622517				0.800953642384106	0.207788079470199	0.253139072847682	-93.9260927152318	16.8278145695364	-8.98596026490066				1.36582781456954	1.05472847682119	-0.47194701986755	-129.912582781457	126.146490066225	12.1197350993378				0.704529801324503	-0.416529801324503	-0.709721854304636	-82.0770860927152	-1.4964238410596	35.5043708609272				0.788026490066225	0.339496688741722	0.213933774834437	-77.8882119205298	5.65192052980133	-23.0174834437086				0.383788079470199	0.225165562913907	-0.964238410596026	-9.49960264900662	-17.4823841059603	62.805298013245			
54	1380	1.15984105960265	0.290754966887417	-0.391523178807947	-108.606622516556	-123.344635761589	-72.0249006622517				1.15295364238411	0.511788079470199	0.301139072847682	-53.8860927152318	36.4278145695364	1.37403973509934				2.02182781456954	1.72672847682119	-1.99194701986755	120.967417218543	-37.6535099337748	5.95973509933775				0.496529801324503	-0.160529801324503	-0.869721854304636	-74.7970860927152	6.9035761589404	44.7443708609272				1.01202649006623	0.467496688741722	0.469933774834437	-82.9282119205298	23.2919205298013	-28.3374834437086				0.367788079470199	0.161165562913907	-0.884238410596026	-17.6196026490066	-25.3223841059603	55.525298013245			
55	1400	1.68784105960265	-0.0612450331125828	-0.151523178807947	-79.7666225165563	-134.824635761589	-43.1849006622517				1.23295364238411	0.415788079470199	0.669139072847682	-54.4460927152318	79.5478145695364	8.93403973509934				-0.202172185430464	-1.72927152317881	-0.37594701986755	264.607417218543	-40.7335099337748	31.9997350993378				0.336529801324503	-0.320529801324503	-1.06172185430464	-47.6370860927152	37.7035761589404	56.7843708609272				1.07602649006623	0.339496688741722	0.229933774834437	-72.0082119205298	21.6119205298013	-33.6574834437086				0.591788079470199	0.257165562913907	-0.980238410596026	-45.8996026490066	-14.9623841059603	59.445298013245			
56	1420	1.04784105960265	-0.333245033112583	0.232476821192053	-142.206622516556	-130.064635761589	-0.0649006622516557				0.976953642384106	-0.000211920529801304	0.589139072847682	-67.6060927152318	11.2278145695364	-3.94596026490066				-0.314172185430464	-0.305271523178808	0.56805298013245	-214.472582781457	-55.5735099337748	75.1197350993378				0.448529801324503	-0.384529801324503	-0.901721854304636	-74.7970860927152	41.0635761589404	60.9843708609272				1.04402649006623	0.227496688741722	0.149933774834437	-64.1682119205298	14.3319205298013	-31.9774834437086				0.639788079470199	0.241165562913907	-0.980238410596026	-38.8996026490066	-6.84238410596027	80.725298013245			
57	1440	0.567841059602649	-0.317245033112583	0.488476821192053	-162.646622516556	-64.8246357615894	28.4950993377483				0.848953642384106	0.143788079470199	-0.0828609271523179	-145.166092715232	-48.9721854304636	-16.5459602649007				0.597827814569536	0.174728476821192	-0.42394701986755	-355.592582781457	17.7864900662252	23.0397350993378				0.480529801324503	-0.176529801324503	-0.773721854304636	-81.5170860927152	15.8635761589404	74.4243708609272				0.980026490066225	0.355496688741722	0.293933774834437	-92.7282119205298	2.57192052980133	-28.0574834437086				0.495788079470199	0.161165562913907	-0.964238410596026	-33.5796026490066	-4.04238410596027	88.845298013245			
58	1460	0.551841059602649	-0.253245033112583	0.600476821192053	-172.446622516556	7.9753642384106	39.9750993377484				1.15295364238411	0.0797880794701987	-0.370860927152318	-168.966092715232	-47.5721854304636	-10.9459602649007				1.73382781456954	2.01472847682119	0.28005298013245	-188.992582781457	-3.77350993377483	29.4797350993378				0.416529801324503	-0.192529801324503	-0.789721854304636	-76.7570860927152	7.1835761589404	93.4643708609272				1.14002649006623	0.227496688741722	0.197933774834437	-108.12821192053	-6.94807947019868	-23.5774834437086				0.335788079470199	0.145165562913907	-0.996238410596026	-19.2996026490066	-2.92238410596027	91.085298013245			
59	1480	0.727841059602649	-0.0132450331125828	0.408476821192053	-169.926622516556	26.1753642384106	8.61509933774835				1.24895364238411	0.335788079470199	-0.0348609271523178	-88.6060927152318	-10.8921854304636	-9.54596026490066				1.02982781456954	0.750728476821192	0.18405298013245	-6.15258278145695	-18.0535099337748	15.1997350993378				0.368529801324503	-0.352529801324503	-0.853721854304636	-73.6770860927152	21.7435761589404	103.264370860927				1.20402649006623	0.179496688741722	0.165933774834437	-106.44821192053	-10.8680794701987	-17.9774834437086				0.223788079470199	0.129165562913907	-1.04423841059603	-21.8196026490066	7.99761589403974	102.285298013245			
60	1500	0.871841059602649	0.386754966887417	0.808476821192053	-142.766622516556	35.9753642384106	-0.344900662251656				0.896953642384106	0.367788079470199	0.253139072847682	-35.4060927152318	-14.2521854304636	-14.0259602649007				0.709827814569536	-0.0492715231788079	-0.37594701986755	57.9674172185431	-23.9335099337748	28.9197350993378				0.448529801324503	-0.448529801324503	-0.805721854304636	-46.5170860927152	50.0235761589404	98.7843708609272				1.17202649006623	0.179496688741722	0.0379337748344371	-109.24821192053	-18.7080794701987	-14.3374834437086				0.191788079470199	0.113165562913907	-1.10823841059603	-42.2596026490066	14.1576158940397	110.405298013245			
61	1520	0.983841059602649	0.706754966887417	0.648476821192053	-165.446622516556	83.2953642384106	19.5350993377483				0.720953642384106	0.383788079470199	0.285139072847682	-66.4860927152318	-28.2521854304636	-24.3859602649007				0.805827814569536	-0.305271523178808	-0.24794701986755	-97.152582781457	-1.25350993377483	40.6797350993377				0.496529801324503	-0.416529801324503	-0.837721854304636	-31.9570860927152	55.3435761589404	90.3843708609272				0.964026490066225	0.227496688741722	0.0699337748344371	-105.60821192053	-28.2280794701987	-15.4574834437086				0.159788079470199	0.129165562913907	-1.06023841059603	-36.9396026490066	8.83761589403974	110.125298013245			
62	1540	0.823841059602649	0.482754966887417	0.408476821192053	-85.9266225165563	111.855364238411	36.3350993377484				0.816953642384106	0.335788079470199	0.285139072847682	-94.4860927152318	-8.37218543046358	-17.3859602649007				0.981827814569536	0.0627284768211921	-0.10394701986755	-154.832582781457	2.94649006622517	44.0397350993378				0.480529801324503	-0.352529801324503	-0.805721854304636	-44.2770860927152	42.7435761589404	85.9043708609272				0.820026490066225	0.275496688741722	0.0539337748344371	-109.80821192053	-28.5080794701987	-18.8174834437086				0.111788079470199	0.225165562913907	-0.852238410596026	-34.1396026490066	0.717615894039735	109.845298013245			
63	1560	0.727841059602649	0.178754966887417	0.408476821192053	-52.8866225165563	142.655364238411	31.8550993377483				1.02495364238411	0.271788079470199	0.173139072847682	-87.7660927152318	-8.65218543046358	-15.9859602649007				0.933827814569536	0.702728476821192	0.0400529801324504	-114.512582781457	19.1864900662252	31.9997350993378				0.464529801324503	-0.304529801324503	-0.805721854304636	-66.3970860927152	26.5035761589404	81.7043708609272				0.708026490066225	0.323496688741722	0.0859337748344371	-106.44821192053	-21.5080794701987	-21.8974834437086				0.0477880794701987	0.241165562913907	-0.708238410596026	-34.4196026490066	-13.5623841059603	113.205298013245			
64	1580	0.791841059602649	0.0667549668874172	0.376476821192053	-89.2866225165563	170.375364238411	15.0550993377483				0.896953642384106	0.255788079470199	-0.0188609271523178	-65.0860927152318	-1.65218543046358	-13.7459602649007				0.869827814569536	0.638728476821192	-0.16794701986755	-24.912582781457	5.74649006622517	35.6397350993377				0.384529801324503	-0.272529801324503	-0.741721854304636	-80.6770860927152	23.1435761589404	80.8643708609272				0.676026490066225	0.307496688741722	0.181933774834437	-95.5282119205298	-4.70807947019868	-25.8174834437086				0.0797880794701987	0.257165562913907	-0.660238410596027	-36.0996026490066	-16.9223841059603	110.405298013245			
65	1600	1.17584105960265	0.258754966887417	0.440476821192053	-155.366622516556	153.015364238411	1.33509933774834				0.672953642384106	0.287788079470199	0.189139072847682	-68.1660927152318	14.5878145695364	-12.3459602649007				0.837827814569536	0.318728476821192	-0.24794701986755	6.16741721854305	-4.33350993377483	47.6797350993378				0.368529801324503	-0.224529801324503	-0.629721854304636	-78.9970860927152	28.1835761589404	80.3043708609272				0.708026490066225	0.259496688741722	0.149933774834437	-89.9282119205298	1.45192052980132	-28.8974834437086				0.175788079470199	0.257165562913907	-0.660238410596027	-32.7396026490066	-9.36238410596027	106.485298013245			
66	1620	2.02384105960265	1.21875496688742	-0.471523178807947	-193.726622516556	92.5353642384106	-23.8649006622517				0.800953642384106	0.0957880794701987	0.285139072847682	-69.2860927152318	29.1478145695364	-6.74596026490066				0.853827814569536	0.238728476821192	-0.0399470198675496	-37.512582781457	-4.89350993377483	49.0797350993378				0.336529801324503	-0.0805298013245033	-0.677721854304636	-68.3570860927152	35.7435761589404	82.2643708609272				1.04402649006623	0.259496688741722	0.373933774834437	-74.5282119205298	14.6119205298013	-29.7374834437086				0.127788079470199	0.129165562913907	-0.852238410596026	-37.2196026490066	6.87761589403974	92.205298013245			
67	1640	1.73584105960265	0.882754966887417	-1.39952317880795	-170.206622516556	-96.1846357615894	-7.90490066225166				1.52095364238411	-0.0482119205298013	0.477139072847682	-123.046092715232	75.6278145695364	-19.6259602649007				1.04582781456954	0.254728476821192	-0.11994701986755	-80.072582781457	-0.413509933774833	38.9997350993377				0.384529801324503	-0.256529801324503	-0.789721854304636	-36.9970860927152	64.5835761589404	87.8643708609272				1.10802649006623	0.0194966887417219	0.341933774834437	-68.3682119205298	28.6119205298013	-30.2974834437086				0.111788079470199	0.145165562913907	-1.20423841059603	-59.6196026490066	39.6376158940397	65.045298013245			
68	1660	-0.136158940397351	-0.157245033112583	-0.663523178807947	110.353377483444	-20.5846357615894	78.8950993377483				1.26495364238411	0.175788079470199	0.621139072847682	-104.846092715232	14.5878145695364	-38.1059602649007				1.18982781456954	-0.129271523178808	-0.29594701986755	-122.352582781457	2.66649006622517	32.2797350993377				0.816529801324503	-0.592529801324503	-0.661721854304636	-30.2770860927152	67.1035761589404	64.6243708609272				1.02802649006623	0.147496688741722	-0.0580662251655629	-86.8482119205298	26.9319205298013	-30.0174834437086				0.383788079470199	0.161165562913907	-1.15623841059603	-9.49960264900662	50.5576158940397	68.685298013245			
69	1680	0.423841059602649	-0.989245033112583	0.168476821192053	185.953377483444	11.3353642384106	70.2150993377483				0.832953642384106	0.255788079470199	-0.0188609271523178	16.3939072847682	-4.73218543046358	-16.5459602649007				1.23782781456954	-0.305271523178808	-0.56794701986755	-114.232582781457	14.4264900662252	37.3197350993377				0.976529801324503	-0.448529801324503	-0.709721854304636	-37.2770860927152	42.7435761589404	49.2243708609272				0.900026490066225	0.115496688741722	0.325933774834437	-51.0082119205298	24.1319205298013	-22.7374834437086				0.399788079470199	-0.110834437086093	-0.932238410596026	-14.5396026490066	21.7176158940397	71.485298013245			
70	1700	1.04784105960265	-0.909245033112583	0.200476821192053	-24.0466225165563	10.7753642384106	7.49509933774834				1.02495364238411	-0.0322119205298013	-0.434860927152318	-14.9660927152318	18.7878145695364	-6.74596026490066				1.25382781456954	-0.0652715231788079	-0.63194701986755	-45.632582781457	-18.0535099337748	29.7597350993378				0.832529801324503	-0.336529801324503	-0.789721854304636	-51.8370860927152	29.0235761589404	45.8643708609272				0.964026490066225	0.0994966887417219	0.581933774834437	-47.0882119205298	-7.78807947019868	-19.3774834437086				0.367788079470199	-0.174834437086093	-0.964238410596026	-15.9396026490066	-19.1623841059603	63.085298013245			
71	1720	0.967841059602649	-0.637245033112583	-0.359523178807947	-132.126622516556	-20.8646357615894	9.73509933774834				1.05695364238411	-0.0802119205298013	0.0291390728476822	-64.5260927152318	35.5878145695364	1.37403973509934				0.933827814569536	-0.241271523178808	-0.64794701986755	-20.152582781457	-48.2935099337748	18.5597350993378				0.720529801324503	-0.352529801324503	-0.693721854304636	-77.5970860927152	20.6235761589404	38.0243708609272				1.06002649006623	0.131496688741722	0.405933774834437	-69.4882119205298	6.77192052980133	-23.5774834437086				0.351788079470199	-0.126834437086093	-0.948238410596026	-15.9396026490066	-21.1223841059603	65.325298013245			
72	1740	0.967841059602649	-0.477245033112583	0.200476821192053	-72.2066225165563	-0.704635761589404	8.61509933774835				1.10495364238411	-0.208211920529801	0.429139072847682	-81.6060927152318	19.6278145695364	10.3340397350993				0.661827814569536	-0.225271523178808	-0.39194701986755	-78.112582781457	-48.8535099337748	-2.72026490066225				0.576529801324503	-0.336529801324503	-0.645721854304636	-64.1570860927152	21.1835761589404	33.5443708609272				1.09202649006623	0.0194966887417219	0.197933774834437	-48.7682119205298	-9.46807947019868	-14.8974834437086				0.367788079470199	-0.0308344370860927	-0.932238410596026	-43.9396026490066	11.0776158940397	72.885298013245			
73	1760	1.06384105960265	0.0827549668874172	0.120476821192053	-93.7666225165563	11.6153642384106	10.8550993377483				1.04095364238411	-0.256211920529801	0.253139072847682	-76.0060927152318	-21.2521854304636	12.5740397350993				0.661827814569536	-0.00127152317880793	-0.18394701986755	-107.512582781457	-41.0135099337748	-25.6802649006623				0.544529801324503	-0.272529801324503	-0.565721854304636	-41.4770860927152	27.9035761589404	34.3843708609272				0.948026490066225	-0.0445033112582781	0.309933774834437	-47.6482119205298	-12.2680794701987	-10.9774834437086				0.367788079470199	0.0171655629139073	-0.916238410596027	-37.2196026490066	17.2376158940397	71.485298013245			
74	1780	0.999841059602649	0.514754966887417	0.088476821192053	-95.7266225165563	11.3353642384106	4.13509933774834				0.864953642384106	-0.144211920529801	0.0291390728476822	-70.9660927152318	-30.4921854304636	8.93403973509934				0.565827814569536	0.158728476821192	-0.13594701986755	-87.072582781457	6.86649006622517	-40.2402649006623				0.480529801324503	-0.240529801324503	-0.469721854304636	-29.1570860927152	22.0235761589404	39.7043708609272				0.836026490066225	-0.0445033112582781	0.357933774834437	-46.5282119205298	-19.2680794701987	-3.97748344370861				0.303788079470199	-0.0148344370860927	-0.900238410596026	-20.4196026490066	19.4776158940397	63.925298013245			
75	1800	0.919841059602649	0.242754966887417	0.120476821192053	-5.56662251655629	9.0953642384106	5.53509933774834				0.816953642384106	-0.0482119205298013	0.0451390728476822	-55.5660927152318	-13.6921854304636	1.37403973509934				0.629827814569536	0.0307284768211921	0.0240529801324504	-70.552582781457	29.8264900662252	-31.5602649006623				0.368529801324503	-0.272529801324503	-0.421721854304636	-24.9570860927152	17.2635761589404	41.6643708609272				0.804026490066225	-0.0445033112582781	0.293933774834437	-54.6482119205298	-20.3880794701987	4.42251655629139				0.207788079470199	-0.0308344370860927	-0.948238410596026	-7.53960264900662	15.8376158940397	56.645298013245			
76	1820	0.855841059602649	-0.125245033112583	0.136476821192053	40.3533774834437	7.1353642384106	9.73509933774834				0.944953642384106	-0.0482119205298013	0.0611390728476822	-41.2860927152318	-8.65218543046358	-2.54596026490066				0.741827814569536	-0.0652715231788079	0.00805298013245037	-81.472582781457	15.5464900662252	-8.32026490066225				0.400529801324503	-0.224529801324503	-0.437721854304636	-9.83708609271523	23.9835761589404	44.7443708609272				0.868026490066225	-0.0445033112582781	0.261933774834437	-47.0882119205298	-15.6280794701987	9.74251655629139				0.143788079470199	-0.0468344370860927	-0.916238410596027	14.3003973509934	7.15761589403974	47.965298013245			
77	1840	0.967841059602649	-0.189245033112583	0.136476821192053	3.95337748344371	18.0553642384106	6.09509933774834				0.960953642384106	-0.0162119205298013	0.109139072847682	-32.0460927152318	-9.49218543046358	-9.54596026490066				0.837827814569536	-0.0972715231788079	0.15205298013245	-33.312582781457	35.9864900662252	-13.3602649006623				0.480529801324503	-0.240529801324503	-0.533721854304636	22.3629139072848	34.9035761589404	44.7443708609272				0.948026490066225	-0.0445033112582781	0.213933774834437	-44.0082119205298	-13.6680794701987	11.7025165562914				0.191788079470199	-0.158834437086093	-0.884238410596026	10.9403973509934	9.39761589403974	37.045298013245			
78	1860	0.919841059602649	-0.253245033112583	0.200476821192053	-16.2066225165563	29.2553642384106	7.49509933774834				0.976953642384106	-0.0162119205298013	0.205139072847682	-28.1260927152318	-11.4521854304636	-16.8259602649007				0.837827814569536	-0.0172715231788079	0.42405298013245	-45.072582781457	76.8664900662252	-14.2002649006623				0.592529801324503	-0.448529801324503	-0.661721854304636	41.9629139072848	39.1035761589404	42.5043708609272				0.980026490066225	-0.0285033112582781	0.213933774834437	-36.1682119205298	-15.9080794701987	13.9425165562914				0.223788079470199	-0.190834437086093	-0.932238410596026	-10.0596026490066	17.5176158940397	30.325298013245			
79	1880	0.887841059602649	-0.381245033112583	0.152476821192053	-22.6466225165563	37.3753642384106	6.09509933774834				0.992953642384106	0.0157880794701987	0.189139072847682	-36.2460927152318	-5.29218543046358	-21.3059602649007				0.949827814569536	-0.00127152317880793	0.42405298013245	-54.872582781457	83.8664900662252	-1.60026490066225				0.624529801324503	-0.640529801324503	-0.757721854304636	26.2829139072848	23.9835761589404	40.5443708609272				0.948026490066225	-0.0285033112582781	0.245933774834437	-35.3282119205298	-18.1480794701987	12.5425165562914				0.255788079470199	-0.126834437086093	-0.996238410596026	-12.0196026490066	6.03761589403974	34.245298013245			
80	1900	0.887841059602649	-0.333245033112583	0.104476821192053	-39.1666225165563	47.7353642384106	-2.02490066225166				0.976953642384106	0.0157880794701987	0.125139072847682	-32.6060927152318	-8.09218543046358	-19.9059602649007				1.01382781456954	-0.0332715231788079	0.20005298013245	-74.192582781457	94.5064900662252	5.11973509933775				0.608529801324503	-0.624529801324503	-0.773721854304636	11.4429139072848	16.9835761589404	37.7443708609272				0.916026490066225	0.00349668874172187	0.245933774834437	-38.4082119205298	-15.3480794701987	10.5825165562914				0.271788079470199	-0.0468344370860927	-0.964238410596026	5.62039735099338	-14.4023841059603	41.245298013245			
81	1920	0.823841059602649	-0.333245033112583	0.136476821192053	-47.2866225165563	49.4153642384106	-9.86490066225166				1.00895364238411	0.0317880794701987	0.125139072847682	-24.2060927152318	-9.21218543046358	-14.8659602649007				1.58982781456954	0.0787284768211921	-0.43994701986755	-93.232582781457	102.066490066225	15.7597350993378				0.608529801324503	-0.448529801324503	-0.853721854304636	2.20291390728477	13.0635761589404	35.7843708609272				1.09202649006623	0.0834966887417219	0.325933774834437	-33.6482119205298	-11.4280794701987	7.22251655629139				0.239788079470199	-0.0628344370860927	-0.932238410596026	17.6603973509934	-16.3623841059603	37.885298013245			
82	1940	1.23984105960265	-0.253245033112583	0.296476821192053	-67.4466225165563	57.5353642384106	-12.9449006622517				1.40895364238411	0.191788079470199	0.285139072847682	-17.7660927152318	5.34781456953642	-3.94596026490066				2.02182781456954	0.526728476821192	-1.01594701986755	17.647417218543	19.7464900662252	2.03973509933775				0	0	0	0	0	0				0	0	0	0	0	0				0	0	0	0	0	0			
83	1960	1.06384105960265	0.0187549668874172	0.232476821192053	-69.1266225165563	19.4553642384106	-10.1449006622517				0	0	0	0	0	0				0	0	0	0	0	0				0	0	0	0	0	0				0	0	0	0	0	0				0	0	0	0	0	0			
84	2100	0	0	0	0	0	0				0	0	0	0	0	0				0	0	0	0	0	0				0.624529801324503	-0.384529801324503	-0.677721854304636	-1.71708609271523	19.5035761589404	21.2243708609272				1.01202649006623	0.0194966887417219	0.309933774834437	-13.2082119205298	-1.62807947019868	3.30251655629139				0.383788079470199	-0.126834437086093	-1.04423841059603	-5.57960264900662	14.4376158940397	9.04529801324503			
85	2120	0	0	0	0	0	0				0.928953642384106	0.0797880794701987	0.237139072847682	-1.24609271523179	-6.41218543046358	1.09403973509934				0.965827814569536	-0.241271523178808	-0.11994701986755	-34.152582781457	25.0664900662252	21.6397350993378				0.608529801324503	-0.368529801324503	-0.693721854304636	-7.59708609271523	3.8235761589404	18.1443708609272				0.948026490066225	0.0514966887417219	0.293933774834437	-15.4482119205298	-7.78807947019868	5.54251655629139				0.319788079470199	-0.158834437086093	-0.964238410596026	1.70039735099338	2.39761589403974	12.125298013245			
86	2140	0.951841059602649	-0.0612450331125828	0.200476821192053	-17.3266225165563	-9.66463576158941	2.17509933774834				0.976953642384106	-0.000211920529801304	0.189139072847682	-3.48609271523179	-4.17218543046358	-1.14596026490066				0.997827814569536	-0.145271523178808	0.00805298013245037	-7.55258278145695	-0.133509933774833	3.99973509933775				0.576529801324503	-0.384529801324503	-0.725721854304636	-2.83708609271523	2.4235761589404	17.8643708609272				0.948026490066225	0.0674966887417219	0.261933774834437	-12.0882119205298	-8.62807947019868	5.26251655629139				0.271788079470199	-0.142834437086093	-0.884238410596026	2.82039735099338	-8.24238410596027	19.685298013245			
87	2160	0.951841059602649	-0.0612450331125828	0.104476821192053	-16.4866225165563	-4.3446357615894	1.33509933774834				1.00895364238411	-0.0322119205298013	0.189139072847682	-11.0460927152318	-7.25218543046358	-1.70596026490066				0.997827814569536	0.0627284768211921	-0.00794701986754963	13.167417218543	-6.57350993377483	-5.24026490066225				0.544529801324503	-0.416529801324503	-0.741721854304636	1.92291390728477	3.8235761589404	17.5843708609272				0.948026490066225	0.0674966887417219	0.245933774834437	-7.3282119205298	-7.78807947019868	3.86251655629139				0.239788079470199	-0.110834437086093	-0.852238410596026	-6.13960264900662	-6.84238410596027	25.005298013245			
88	2180	0.935841059602649	-0.0612450331125828	0.104476821192053	-3.88662251655629	5.1753642384106	3.57509933774835				0.992953642384106	-0.0162119205298013	0.221139072847682	-8.24609271523179	-9.49218543046358	-0.86596026490066				0.949827814569536	0.286728476821192	-0.0879470198675496	-12.032582781457	-7.97350993377484	-1.32026490066225				0.512529801324503	-0.432529801324503	-0.709721854304636	0.522913907284768	6.0635761589404	17.0243708609272				0.948026490066225	0.0514966887417219	0.229933774834437	-6.2082119205298	-6.38807947019868	2.74251655629139				0.255788079470199	-0.0628344370860927	-0.868238410596026	-7.25960264900662	-5.44238410596027	26.965298013245			
89	2200	0.951841059602649	-0.0772450331125828	0.136476821192053	7.31337748344371	11.8953642384106	4.69509933774834				0.976953642384106	-0.000211920529801304	0.253139072847682	-5.16609271523179	-7.25218543046358	-1.14596026490066				0.965827814569536	0.286728476821192	-0.00794701986754963	-33.592582781457	2.66649006622517	7.35973509933775				0.496529801324503	-0.400529801324503	-0.709721854304636	-1.71708609271523	6.3435761589404	17.5843708609272				0.932026490066225	0.0354966887417219	0.245933774834437	-6.7682119205298	-4.42807947019868	2.18251655629139				0.271788079470199	-0.0468344370860927	-0.868238410596026	-7.53960264900662	0.717615894039735	24.165298013245			
90	2220	0.999841059602649	-0.125245033112583	0.152476821192053	10.3933774834437	9.3753642384106	3.85509933774834				0.976953642384106	0.0157880794701987	0.269139072847682	-6.84609271523179	-7.81218543046358	-3.10596026490066				0.981827814569536	0.174728476821192	-0.0239470198675496	-15.672582781457	4.06649006622517	6.79973509933775				0.464529801324503	-0.368529801324503	-0.709721854304636	-5.63708609271523	4.3835761589404	17.8643708609272				0.916026490066225	0.0194966887417219	0.245933774834437	-9.2882119205298	-4.98807947019868	3.02251655629139				0.303788079470199	-0.0148344370860927	-0.900238410596026	-6.41960264900662	6.03761589403974	20.525298013245			
91	2240	0.999841059602649	-0.157245033112583	0.104476821192053	0.873377483443709	0.975364238410596	2.45509933774835				0.928953642384106	0.0157880794701987	0.237139072847682	-9.08609271523179	-8.09218543046358	-4.50596026490066				0.981827814569536	0.0307284768211921	-0.0239470198675496	6.72741721854305	2.66649006622517	1.47973509933775				0.448529801324503	-0.336529801324503	-0.725721854304636	-2.55708609271523	4.6635761589404	17.0243708609272				0.916026490066225	0.0354966887417219	0.229933774834437	-10.6882119205298	-6.94807947019868	1.90251655629139				0.319788079470199	-0.0308344370860927	-0.900238410596026	-1.37960264900662	7.43761589403974	16.325298013245			
92	2260	0.983841059602649	-0.125245033112583	0.056476821192053	-7.52662251655629	-6.0246357615894	3.01509933774834				0.944953642384106	0.0157880794701987	0.237139072847682	-9.08609271523179	-6.69218543046358	-3.66596026490066				0.997827814569536	-0.0492715231788079	0.00805298013245037	12.887417218543	-2.37350993377483	0.63973509933775				0.464529801324503	-0.352529801324503	-0.725721854304636	1.08291390728477	5.5035761589404	16.4643708609272				0.916026490066225	0.0834966887417219	0.245933774834437	-13.2082119205298	-5.26807947019868	2.46251655629139				0.319788079470199	-0.0308344370860927	-0.916238410596027	-0.259602649006623	3.23761589403974	13.245298013245			
93	2280	0.935841059602649	-0.0452450331125828	0.040476821192053	-10.6066225165563	-6.0246357615894	2.45509933774835				0.976953642384106	0.0157880794701987	0.205139072847682	-9.64609271523179	-6.13218543046358	-3.38596026490066				1.01382781456954	-0.0492715231788079	-0.0239470198675496	-1.95258278145695	-1.53350993377483	3.15973509933775				0.496529801324503	-0.368529801324503	-0.725721854304636	0.522913907284768	4.6635761589404	15.6243708609272				0.948026490066225	0.0834966887417219	0.229933774834437	-14.3282119205298	-3.30807947019868	2.46251655629139				0.319788079470199	-0.0468344370860927	-0.916238410596027	2.54039735099338	-2.08238410596027	12.405298013245			
94	2300	0.935841059602649	-0.0932450331125828	0.120476821192053	-8.64662251655629	0.135364238410596	1.89509933774834				0.976953642384106	-0.000211920529801304	0.221139072847682	-9.08609271523179	-1.65218543046358	-1.42596026490066				1.01382781456954	-0.0172715231788079	-0.0239470198675496	-13.992582781457	-3.49350993377483	3.71973509933775				0.512529801324503	-0.384529801324503	-0.725721854304636	-0.877086092715232	6.6235761589404	15.6243708609272				0.932026490066225	0.0834966887417219	0.245933774834437	-12.6482119205298	1.73192052980133	2.18251655629139				0.303788079470199	-0.0468344370860927	-0.884238410596026	3.66039735099338	-3.20238410596026	14.925298013245			
95	2320	0.967841059602649	-0.141245033112583	0.184476821192053	-5.28662251655629	5.4553642384106	0.495099337748344				0.992953642384106	-0.0162119205298013	0.205139072847682	-10.7660927152318	0.867814569536424	0.53403973509934				0.997827814569536	0.0467284768211921	-0.00794701986754963	-17.352582781457	-4.89350993377483	4.55973509933775				0.512529801324503	-0.368529801324503	-0.725721854304636	-1.43708609271523	8.3035761589404	15.3443708609272				0.948026490066225	0.0834966887417219	0.261933774834437	-11.8082119205298	2.85192052980133	3.30251655629139				0.319788079470199	-0.0628344370860927	-0.884238410596026	-0.539602649006623	-0.682384105960265	16.045298013245			
96	2340	0.967841059602649	-0.109245033112583	0.200476821192053	-5.00662251655629	5.4553642384106	-0.0649006622516557				0.976953642384106	-0.0162119205298013	0.237139072847682	-14.4060927152318	-1.93218543046358	0.53403973509934				0.965827814569536	0.0947284768211921	0.00805298013245037	-15.952582781457	-0.693509933774834	2.31973509933775				0.528529801324503	-0.368529801324503	-0.725721854304636	-3.39708609271523	7.7435761589404	14.2243708609272				0.964026490066225	0.0514966887417219	0.261933774834437	-9.5682119205298	0.611920529801325	3.86251655629139				0.319788079470199	-0.0628344370860927	-0.884238410596026	0.300397350993377	1.27761589403974	15.205298013245			
97	2360	0.967841059602649	-0.109245033112583	0.152476821192053	-7.52662251655629	1.5353642384106	-0.624900662251656				0.976953642384106	0.0157880794701987	0.237139072847682	-16.6460927152318	-4.45218543046358	1.37403973509934				0.965827814569536	0.110728476821192	0.0240529801324504	-17.352582781457	-1.25350993377483	1.47973509933775				0.528529801324503	-0.384529801324503	-0.709721854304636	-1.43708609271523	5.7835761589404	14.2243708609272				0.948026490066225	0.0514966887417219	0.261933774834437	-11.2482119205298	-2.18807947019868	2.46251655629139				0.335788079470199	-0.0628344370860927	-0.900238410596026	0.580397350993377	3.79761589403974	13.245298013245			
98	2380	0.967841059602649	-0.125245033112583	0.136476821192053	-10.6066225165563	0.415364238410596	0.215099337748344				0.944953642384106	0.0157880794701987	0.221139072847682	-15.2460927152318	-3.33218543046358	1.65403973509934				0.965827814569536	0.0787284768211921	0.00805298013245037	-14.272582781457	-0.973509933774833	2.31973509933775				0.528529801324503	-0.416529801324503	-0.709721854304636	0.802913907284768	8.0235761589404	14.2243708609272				0.948026490066225	0.0514966887417219	0.261933774834437	-12.3682119205298	-3.02807947019868	4.14251655629139				0.319788079470199	-0.0788344370860927	-0.916238410596027	-0.819602649006623	4.35761589403974	12.125298013245			
99	2400	0.967841059602649	-0.125245033112583	0.152476821192053	-8.92662251655629	1.2553642384106	1.33509933774834				0.960953642384106	0.0157880794701987	0.237139072847682	-11.6060927152318	-1.93218543046358	1.65403973509934				0.997827814569536	0.0467284768211921	-0.0239470198675496	-6.99258278145695	-1.53350993377483	1.75973509933775				0.528529801324503	-0.416529801324503	-0.693721854304636	-1.71708609271523	7.4635761589404	12.5443708609272				0.932026490066225	0.0514966887417219	0.245933774834437	-11.5282119205298	-2.18807947019868	3.86251655629139				0.319788079470199	-0.0948344370860927	-0.900238410596026	0.580397350993377	2.11761589403974	12.965298013245			
100	2420	0.967841059602649	-0.109245033112583	0.200476821192053	-8.64662251655629	0.975364238410596	1.05509933774834				0.976953642384106	-0.000211920529801304	0.221139072847682	-11.0460927152318	-1.09218543046358	1.09403973509934				0.981827814569536	0.0307284768211921	-0.0399470198675496	-3.07258278145695	-3.49350993377483	2.31973509933775				0.512529801324503	-0.384529801324503	-0.693721854304636	-0.317086092715232	6.9035761589404	12.5443708609272				0.948026490066225	0.0514966887417219	0.261933774834437	-12.6482119205298	-1.90807947019868	3.58251655629139				0.303788079470199	-0.0948344370860927	-0.884238410596026	1.98039735099338	-0.402384105960265	13.245298013245			
101	2440	0.967841059602649	-0.0772450331125828	0.184476821192053	-7.80662251655629	0.415364238410596	0.495099337748344				0.992953642384106	-0.000211920529801304	0.221139072847682	-11.3260927152318	-1.09218543046358	1.09403973509934				0.997827814569536	0.0147284768211921	-0.0239470198675496	-5.31258278145695	2.10649006622517	3.15973509933775				0.528529801324503	-0.400529801324503	-0.709721854304636	0.522913907284768	7.1835761589404	11.9843708609272				0.932026490066225	0.0354966887417219	0.245933774834437	-10.1282119205298	-2.18807947019868	4.70251655629139				0.287788079470199	-0.0948344370860927	-0.884238410596026	2.26039735099338	-0.122384105960265	12.405298013245			
102	2460	0.967841059602649	-0.0772450331125828	0.168476821192053	-6.40662251655629	1.2553642384106	0.775099337748344				0.992953642384106	-0.000211920529801304	0.237139072847682	-10.7660927152318	-0.252185430463576	2.21403973509934				0.965827814569536	0.0627284768211921	-0.0239470198675496	-5.87258278145695	1.82649006622517	3.71973509933775				0.528529801324503	-0.432529801324503	-0.693721854304636	-1.15708609271523	6.6235761589404	11.1443708609272				0.932026490066225	0.0354966887417219	0.245933774834437	-9.2882119205298	0.611920529801325	4.42251655629139				0.287788079470199	-0.0788344370860927	-0.900238410596026	1.42039735099338	0.157615894039735	11.845298013245			
103	2480	0.951841059602649	-0.0932450331125828	0.168476821192053	-4.72662251655629	2.9353642384106	0.775099337748344				0.960953642384106	0.0157880794701987	0.237139072847682	-7.96609271523179	-1.37218543046358	1.65403973509934				0.965827814569536	0.110728476821192	-0.00794701986754963	-9.23258278145695	3.50649006622517	3.15973509933775				0.528529801324503	-0.400529801324503	-0.677721854304636	0.802913907284768	6.9035761589404	10.5843708609272				0.932026490066225	0.0354966887417219	0.261933774834437	-8.1682119205298	2.01192052980133	4.14251655629139				0.287788079470199	-0.0948344370860927	-0.884238410596026	4.78039735099338	1.55761589403974	10.725298013245			
104	2500	0.967841059602649	-0.125245033112583	0.184476821192053	-1.08662251655629	5.4553642384106	1.89509933774834				0.976953642384106	-0.000211920529801304	0.221139072847682	-5.44609271523179	0.0278145695364242	1.37403973509934				0.981827814569536	0.110728476821192	-0.00794701986754963	-4.75258278145695	2.66649006622517	2.03973509933775				0.544529801324503	-0.400529801324503	-0.693721854304636	2.76291390728477	7.1835761589404	10.0243708609272				0.948026490066225	0.0354966887417219	0.261933774834437	-7.0482119205298	1.73192052980133	3.58251655629139				0.287788079470199	-0.110834437086093	-0.884238410596026	2.26039735099338	2.39761589403974	9.88529801324503			
105	2520	0.967841059602649	-0.0932450331125828	0.184476821192053	-1.64662251655629	3.7753642384106	1.61509933774834				0.976953642384106	-0.000211920529801304	0.221139072847682	-5.44609271523179	0.0278145695364242	1.09403973509934				0.981827814569536	0.0787284768211921	-0.0239470198675496	-2.51258278145695	0.706490066225167	0.63973509933775				0.544529801324503	-0.432529801324503	-0.693721854304636	2.20291390728477	7.1835761589404	9.46437086092715				0.948026490066225	0.0354966887417219	0.261933774834437	-5.9282119205298	1.17192052980133	3.58251655629139				0.303788079470199	-0.110834437086093	-0.884238410596026	0.580397350993377	1.83761589403974	9.32529801324503			
106	2540	0.967841059602649	-0.0932450331125828	0.168476821192053	-0.246622516556291	2.6553642384106	0.775099337748344				0.976953642384106	0.0317880794701987	0.205139072847682	-4.88609271523179	0.867814569536424	1.09403973509934				0.997827814569536	0.0467284768211921	-0.0559470198675496	0.287417218543046	0.426490066225167	1.47973509933775				0.544529801324503	-0.432529801324503	-0.709721854304636	1.36291390728477	6.6235761589404	8.06437086092715				0.932026490066225	0.0354966887417219	0.261933774834437	-4.8082119205298	0.331920529801325	3.02251655629139				0.319788079470199	-0.0948344370860927	-0.900238410596026	1.98039735099338	1.27761589403974	8.48529801324503			
107	2560	0.967841059602649	-0.0932450331125828	0.152476821192053	-1.64662251655629	2.9353642384106	0.775099337748344				0.976953642384106	-0.000211920529801304	0.221139072847682	-3.76609271523179	1.98781456953642	1.93403973509934				0.981827814569536	0.0467284768211921	-0.00794701986754963	1.68741721854305	1.26649006622517	1.75973509933775				0.544529801324503	-0.416529801324503	-0.693721854304636	-0.317086092715232	4.9435761589404	6.94437086092715				0.932026490066225	0.0354966887417219	0.261933774834437	-3.1282119205298	2.29192052980133	3.86251655629139				0.319788079470199	-0.110834437086093	-0.916238410596027	4.50039735099338	-0.402384105960265	7.92529801324503			
108	2580	0.967841059602649	-0.109245033112583	0.184476821192053	-0.526622516556291	3.7753642384106	0.775099337748344				0.976953642384106	-0.000211920529801304	0.237139072847682	-2.64609271523179	1.42781456953642	1.65403973509934				0.981827814569536	0.0307284768211921	-0.00794701986754963	4.20741721854305	1.54649006622517	0.63973509933775				0.544529801324503	-0.416529801324503	-0.677721854304636	1.64291390728477	5.5035761589404	7.50437086092715				0.932026490066225	0.0194966887417219	0.261933774834437	-2.0082119205298	1.73192052980133	3.58251655629139				0.319788079470199	-0.110834437086093	-0.900238410596026	3.66039735099338	-0.682384105960265	8.20529801324503			
109	2600	0.967841059602649	-0.109245033112583	0.168476821192053	1.71337748344371	3.7753642384106	0.495099337748344				0.992953642384106	0.0157880794701987	0.237139072847682	-0.406092715231788	0.587814569536424	0.81403973509934				0.981827814569536	0.0467284768211921	0.00805298013245037	4.48741721854305	2.66649006622517	1.19973509933775				0.560529801324503	-0.432529801324503	-0.693721854304636	4.16291390728477	3.8235761589404	8.62437086092715				0.932026490066225	0.0354966887417219	0.293933774834437	-0.328211920529802	1.73192052980133	3.30251655629139				0.319788079470199	-0.110834437086093	-0.884238410596026	3.94039735099338	-1.52238410596026	7.08529801324503			
110	2620	0.967841059602649	-0.125245033112583	0.136476821192053	3.39337748344371	4.0553642384106	0.495099337748344				0.992953642384106	-0.000211920529801304	0.221139072847682	-0.406092715231788	0.0278145695364242	1.09403973509934				0.997827814569536	0.0307284768211921	-0.00794701986754963	-0.272582781456954	3.78649006622517	1.75973509933775				0.560529801324503	-0.432529801324503	-0.709721854304636	1.08291390728477	3.2635761589404	8.06437086092715				0.964026490066225	0.0194966887417219	0.261933774834437	-1.1682119205298	1.73192052980133	3.58251655629139				0.319788079470199	-0.110834437086093	-0.884238410596026	1.70039735099338	-0.682384105960265	5.40529801324503			
111	2640	0.967841059602649	-0.141245033112583	0.136476821192053	1.15337748344371	4.3353642384106	1.05509933774834				0.976953642384106	-0.0162119205298013	0.221139072847682	-1.80609271523179	-0.252185430463576	1.09403973509934				0.997827814569536	0.0467284768211921	-0.0239470198675496	-4.47258278145695	5.18649006622517	2.03973509933775				0.544529801324503	-0.448529801324503	-0.693721854304636	-1.71708609271523	3.8235761589404	6.38437086092715				0.932026490066225	0.0194966887417219	0.261933774834437	-1.4482119205298	0.331920529801325	2.46251655629139				0.319788079470199	-0.110834437086093	-0.900238410596026	3.10039735099338	-1.24238410596026	4.28529801324503			
112	2660	0.967841059602649	-0.125245033112583	0.152476821192053	0.593377483443709	5.1753642384106	1.33509933774834				0.976953642384106	-0.000211920529801304	0.221139072847682	-1.24609271523179	0.0278145695364242	1.37403973509934				0.997827814569536	0.0467284768211921	-0.00794701986754963	-0.832582781456954	6.02649006622517	1.47973509933775				0.528529801324503	-0.416529801324503	-0.693721854304636	-0.877086092715232	2.4235761589404	4.42437086092715				0.916026490066225	0.0194966887417219	0.293933774834437	-1.4482119205298	0.891920529801325	0.782516556291392				0.319788079470199	-0.126834437086093	-0.884238410596026	3.38039735099338	-0.402384105960265	4.28529801324503			
113	2680	0.967841059602649	-0.125245033112583	0.168476821192053	0.873377483443709	5.4553642384106	0.495099337748344				0.976953642384106	-0.0162119205298013	0.237139072847682	-1.52609271523179	3.10781456953642	2.21403973509934				0.981827814569536	0.0467284768211921	0.00805298013245037	3.36741721854305	4.62649006622517	1.47973509933775				0.528529801324503	-0.400529801324503	-0.693721854304636	-1.15708609271523	2.1435761589404	4.98437086092715				0.948026490066225	0.0194966887417219	0.261933774834437	-2.5682119205298	1.45192052980132	1.06251655629139				0.303788079470199	-0.126834437086093	-0.836238410596026	2.54039735099338	-1.24238410596026	2.88529801324503			
114	2700	0.967841059602649	-0.125245033112583	0.168476821192053	-2.20662251655629	3.7753642384106	-0.0649006622516557				0.976953642384106	-0.0162119205298013	0.253139072847682	-1.80609271523179	1.14781456953642	1.93403973509934				0.981827814569536	0.0467284768211921	-0.00794701986754963	-0.552582781456954	3.50649006622517	1.19973509933775				0.528529801324503	-0.416529801324503	-0.677721854304636	-1.99708609271523	1.0235761589404	4.42437086092715				0.932026490066225	0.0194966887417219	0.277933774834437	0.231788079470198	-1.06807947019868	1.90251655629139				0.303788079470199	-0.110834437086093	-0.884238410596026	0.300397350993377	-0.962384105960265	2.60529801324503			
115	2720	0.967841059602649	-0.0932450331125828	0.168476821192053	-1.92662251655629	3.2153642384106	-0.624900662251656				0.976953642384106	-0.0162119205298013	0.253139072847682	-0.966092715231788	-1.93218543046358	1.93403973509934				0.997827814569536	0.0467284768211921	-0.00794701986754963	-1.95258278145695	2.66649006622517	0.0797350993377501				0.512529801324503	-0.416529801324503	-0.677721854304636	-2.55708609271523	-0.3764238410596	3.58437086092715				0.932026490066225	0.00349668874172187	0.277933774834437	-0.608211920529802	0.331920529801325	1.06251655629139				0.319788079470199	-0.110834437086093	-0.884238410596026	1.98039735099338	-0.962384105960265	1.76529801324503			
116	2740	0.967841059602649	-0.109245033112583	0.168476821192053	0.0333774834437086	3.2153642384106	-0.624900662251656				0.960953642384106	-0.0162119205298013	0.221139072847682	-1.80609271523179	-0.812185430463576	1.09403973509934				0.981827814569536	0.0307284768211921	-0.00794701986754963	-1.67258278145695	1.26649006622517	-0.20026490066225				0.528529801324503	-0.400529801324503	-0.677721854304636	0.242913907284768	1.8635761589404	1.90437086092715				0.932026490066225	0.0194966887417219	0.277933774834437	-2.5682119205298	1.45192052980132	1.06251655629139				0.319788079470199	-0.126834437086093	-0.884238410596026	3.10039735099338	-0.402384105960265	2.88529801324503			
117	2760	0.967841059602649	-0.125245033112583	0.152476821192053	0.313377483443709	3.7753642384106	0.215099337748344				0.976953642384106	-0.0162119205298013	0.237139072847682	-0.966092715231788	1.42781456953642	1.09403973509934				0.981827814569536	0.0467284768211921	0.00805298013245037	-1.11258278145695	3.22649006622517	-0.76026490066225				0.528529801324503	-0.416529801324503	-0.661721854304636	0.522913907284768	2.4235761589404	1.06437086092715				0.932026490066225	0.0194966887417219	0.277933774834437	-1.4482119205298	1.45192052980132	0.502516556291392				0.319788079470199	-0.126834437086093	-0.884238410596026	3.94039735099338	-0.682384105960265	2.88529801324503			
118	2780	0.951841059602649	-0.141245033112583	0.184476821192053	1.99337748344371	5.1753642384106	0.215099337748344				0.976953642384106	-0.0162119205298013	0.237139072847682	0.993907284768212	-0.252185430463576	0.81403973509934				0.981827814569536	0.0467284768211921	0.00805298013245037	-0.832582781456954	3.78649006622517	0.0797350993377501				0.560529801324503	-0.448529801324503	-0.709721854304636	-0.317086092715232	1.8635761589404	2.46437086092715				0.932026490066225	0.0194966887417219	0.277933774834437	-0.888211920529802	0.611920529801325	1.34251655629139				0.319788079470199	-0.126834437086093	-0.884238410596026	1.70039735099338	0.437615894039735	2.32529801324503			
119	2800	0.951841059602649	-0.125245033112583	0.184476821192053	0.0333774834437086	5.1753642384106	4.13509933774834				0.976953642384106	-0.0322119205298013	0.221139072847682	1.27390728476821	0.587814569536424	1.09403973509934				0.981827814569536	0.0467284768211921	0.00805298013245037	-1.39258278145695	3.78649006622517	0.0797350993377501				0.544529801324503	-0.432529801324503	-0.677721854304636	-2.83708609271523	1.8635761589404	0.224370860927152				0.932026490066225	0.0194966887417219	0.293933774834437	-0.888211920529802	0.611920529801325	1.90251655629139				0.319788079470199	-0.126834437086093	-0.900238410596026	2.26039735099338	-0.682384105960265	1.76529801324503			
120	2820	0.967841059602649	-0.125245033112583	0.168476821192053	-0.806622516556291	4.8953642384106	-1.18490066225166				0.960953642384106	-0.0162119205298013	0.237139072847682	-0.966092715231788	1.98781456953642	1.09403973509934				0.981827814569536	0.0467284768211921	-0.00794701986754963	1.12741721854305	4.34649006622517	-0.20026490066225				0.544529801324503	-0.416529801324503	-0.677721854304636	-2.55708609271523	1.0235761589404	0.504370860927152				0.932026490066225	0.0194966887417219	0.293933774834437	1.6317880794702	1.73192052980133	1.06251655629139				0.319788079470199	-0.126834437086093	-0.884238410596026	3.66039735099338	-2.08238410596027	2.04529801324503			
121	2840	0.967841059602649	-0.109245033112583	0.184476821192053	-1.36662251655629	3.2153642384106	-0.904900662251656				0.976953642384106	-0.000211920529801304	0.237139072847682	0.713907284768212	2.26781456953642	1.09403973509934				0.997827814569536	0.0627284768211921	0.00805298013245037	2.24741721854305	4.06649006622517	-0.20026490066225				0.544529801324503	-0.384529801324503	-0.661721854304636	-0.0370860927152318	-0.0964238410596001	-0.0556291390728476				0.932026490066225	0.0194966887417219	0.277933774834437	-0.608211920529802	0.891920529801325	-0.0574834437086077				0.319788079470199	-0.126834437086093	-0.884238410596026	3.38039735099338	-0.962384105960265	0.925298013245032			
122	2860	0.967841059602649	-0.0932450331125828	0.184476821192053	1.15337748344371	3.7753642384106	-0.904900662251656				0.992953642384106	-0.000211920529801304	0.237139072847682	2.95390728476821	2.82781456953642	1.37403973509934				0.997827814569536	0.0627284768211921	0.00805298013245037	3.64741721854305	2.94649006622517	-0.48026490066225				0.544529801324503	-0.400529801324503	-0.661721854304636	2.20291390728477	0.1835761589404	0.224370860927152				0.932026490066225	0.0194966887417219	0.293933774834437	1.0717880794702	0.891920529801325	1.34251655629139				0.319788079470199	-0.126834437086093	-0.884238410596026	3.10039735099338	0.157615894039735	0.645298013245032			
123	2880	0.951841059602649	-0.109245033112583	0.200476821192053	3.39337748344371	4.6153642384106	-1.18490066225166				0.960953642384106	-0.0162119205298013	0.253139072847682	3.51390728476821	1.98781456953642	1.65403973509934				0.981827814569536	0.0467284768211921	-0.00794701986754963	3.64741721854305	4.06649006622517	-0.48026490066225				0.544529801324503	-0.416529801324503	-0.693721854304636	2.48291390728477	0.4635761589404	-0.615629139072848				0.932026490066225	0.0354966887417219	0.293933774834437	2.4717880794702	0.611920529801325	1.34251655629139				0.319788079470199	-0.126834437086093	-0.884238410596026	2.54039735099338	-0.402384105960265	-2.15470198675497			
124	2900	0.967841059602649	-0.109245033112583	0.200476821192053	3.95337748344371	4.0553642384106	-0.624900662251656				0.976953642384106	-0.000211920529801304	0.237139072847682	4.63390728476821	1.70781456953642	0.25403973509934				0.981827814569536	0.0627284768211921	0.00805298013245037	5.04741721854305	6.02649006622517	-0.48026490066225				0.576529801324503	-0.432529801324503	-0.693721854304636	2.20291390728477	1.5835761589404	-1.73562913907285				0.932026490066225	0.0194966887417219	0.261933774834437	2.1917880794702	1.17192052980133	0.782516556291392				0.319788079470199	-0.126834437086093	-0.884238410596026	2.82039735099338	-1.24238410596026	-1.87470198675497			
125	2920	0.951841059602649	-0.109245033112583	0.184476821192053	4.23337748344371	3.7753642384106	-1.18490066225166				0	0	0	0	0	0				0.997827814569536	0.0467284768211921	0.00805298013245037	2.24741721854305	5.74649006622517	-0.76026490066225				0.560529801324503	-0.400529801324503	-0.677721854304636	1.08291390728477	-1.4964238410596	-2.01562913907285				0.932026490066225	0.0194966887417219	0.293933774834437	6.1117880794702	1.17192052980133	1.90251655629139				0.319788079470199	-0.126834437086093	-0.900238410596026	3.66039735099338	-2.36238410596027	-2.99470198675497			
126	2940	0	0	0	0	0	0				0	0	0	0	0	0				0	0	0	0	0	0				0.560529801324503	-0.416529801324503	-0.677721854304636	-0.877086092715232	-4.5764238410596	-2.57562913907285				0.948026490066225	0.0354966887417219	0.293933774834437	4.4317880794702	1.73192052980133	1.06251655629139				0.335788079470199	-0.126834437086093	-0.884238410596026	4.50039735099338	-2.36238410596027	-2.71470198675497			
127	2960	0	0	0	0	0	0				0	0	0	0	0	0				0	0	0	0	0	0				0.544529801324503	-0.416529801324503	-0.677721854304636	0.802913907284768	-2.3364238410596	-2.57562913907285				0.932026490066225	0.0194966887417219	0.293933774834437	4.7117880794702	0.331920529801325	0.222516556291392				0.319788079470199	-0.142834437086093	-0.868238410596026	6.18039735099338	-2.92238410596027	-2.99470198675497			
