No	Time	12-AccX	12-AccY	12-AccZ	12-GyroX	12-GyroY	12-GyroZ	13-AccX	13-AccY	13-AccZ	13-GyroX	13-GyroY	13-GyroZ	14-AccX	14-AccY	14-AccZ	14-GyroX	14-GyroY	14-GyroZ	15-AccX	15-AccY	15-AccZ	15-GyroX	15-GyroY	15-GyroZ	16-AccX	16-AccY	16-AccZ	16-GyroX	16-GyroY	16-GyroZ	17-AccX	17-AccY	17-AccZ	17-GyroX	17-GyroY	17-GyroZ
0	140	0	0	0	0	0	0				0	0	0	0	0	0				0	0	0	0	0	0				0.544529801324503	-0.448529801324503	-0.693721854304636	12.2829139072848	-14.0964238410596	-3.13562913907285				0.980026490066225	0.0354966887417219	0.181933774834437	-5.6482119205298	-20.1080794701987	-6.49748344370861				0.335788079470199	0.0171655629139073	-0.868238410596026	-28.8196026490066	0.157615894039735	0.0852980132450323			
1	160	0	0	0	0	0	0				0	0	0	0	0	0				0	0	0	0	0	0				0.560529801324503	-0.496529801324503	-0.661721854304636	11.7229139072848	-13.8164238410596	-6.77562913907285				0.980026490066225	0.0514966887417219	0.149933774834437	-9.2882119205298	-23.7480794701987	-9.57748344370861				0.287788079470199	-0.0148344370860927	-0.900238410596026	-35.2596026490066	-3.76238410596027	2.88529801324503			
2	180	0.951841059602649	0.0827549668874172	-0.375523178807947	11.7933774834437	-4.6246357615894	-3.42490066225166				1.05695364238411	0.159788079470199	-0.0988609271523179	2.95390728476821	-21.5321854304636	-8.98596026490066				0.885827814569536	0.0947284768211921	-0.45594701986755	-3.63258278145695	4.90649006622517	2.87973509933775				0.592529801324503	-0.528529801324503	-0.661721854304636	8.92291390728477	-12.6964238410596	-11.5356291390728				1.02802649006623	0.0354966887417219	0.101933774834437	-6.7682119205298	-27.9480794701987	-10.9774834437086				0.239788079470199	-0.0308344370860927	-0.868238410596026	-48.6996026490066	-2.92238410596027	7.92529801324503			
3	200	0.855841059602649	0.0347549668874172	-0.279523178807947	10.1133774834437	3.7753642384106	-2.02490066225166				1.04095364238411	0.159788079470199	-0.130860927152318	0.433907284768212	-32.4521854304636	-10.6659602649007				0.885827814569536	0.142728476821192	-0.40794701986755	-3.35258278145695	6.02649006622517	0.63973509933775				0.528529801324503	-0.416529801324503	-0.645721854304636	-1.99708609271523	-16.0564238410596	-24.6956291390729				1.01202649006623	0.0514966887417219	0.0699337748344371	-9.8482119205298	-33.2680794701987	-14.0574834437086				0.239788079470199	0.0651655629139073	-0.836238410596026	-48.4196026490066	6.59761589403974	8.20529801324503			
4	220	0.903841059602649	0.0187549668874172	-0.295523178807947	10.1133774834437	6.2953642384106	-1.46490066225166				0.944953642384106	0.207788079470199	-0.146860927152318	2.95390728476821	-30.7721854304636	-11.2259602649007				0.869827814569536	0.174728476821192	-0.35994701986755	-7.83258278145695	9.10649006622517	0.63973509933775				0.416529801324503	-0.304529801324503	-0.613721854304636	-5.91708609271523	-18.5764238410596	-34.2156291390729				0.932026490066225	0.0994966887417219	0.0379337748344371	-5.6482119205298	-41.9480794701987	-13.4974834437086				0.175788079470199	0.145165562913907	-0.868238410596026	-41.1396026490066	6.87761589403974	5.96529801324503			
5	240	0.935841059602649	0.0347549668874172	-0.247523178807947	8.43337748344371	8.2553642384106	-0.0649006622516557				0.976953642384106	0.223788079470199	-0.146860927152318	7.15390728476821	-25.7321854304636	-12.0659602649007				0.869827814569536	0.174728476821192	-0.32794701986755	-9.79258278145695	12.4664900662252	0.63973509933775				0.384529801324503	-0.384529801324503	-0.645721854304636	11.4429139072848	-15.2164238410596	-21.0556291390728				0.900026490066225	0.131496688741722	0.0219337748344371	-1.7282119205298	-48.1080794701987	-12.6574834437086				0.0797880794701987	0.177165562913907	-0.852238410596026	-29.6596026490066	1.55761589403974	3.16529801324503			
6	260	0.919841059602649	0.0347549668874172	-0.151523178807947	6.47337748344371	11.8953642384106	1.61509933774834				0.944953642384106	0.239788079470199	-0.114860927152318	9.11390728476821	-37.4921854304636	-13.1859602649007				0.885827814569536	0.206728476821192	-0.31194701986755	-4.19258278145695	11.9064900662252	0.35973509933775				0.416529801324503	-0.480529801324503	-0.741721854304636	19.8429139072848	-15.7764238410596	-10.4156291390728				0.916026490066225	0.147496688741722	-0.0580662251655629	0.791788079470198	-52.0280794701987	-11.8174834437086				0.0477880794701987	0.209165562913907	-0.884238410596026	-37.4996026490066	3.79761589403974	1.48529801324503			
7	280	0.951841059602649	0.0667549668874172	-0.119523178807947	0.593377483443709	9.0953642384106	4.97509933774835				0.912953642384106	0.207788079470199	-0.0668609271523178	12.7539072847682	-31.0521854304636	-8.98596026490066				0.901827814569536	0.254728476821192	-0.31194701986755	5.32741721854305	18.3464900662252	1.75973509933775				0.400529801324503	-0.528529801324503	-0.789721854304636	5.84291390728477	-12.4164238410596	-10.4156291390728				0.996026490066225	0.131496688741722	-0.122066225165563	-0.888211920529802	-50.9080794701987	-12.0974834437086				0.0957880794701987	0.193165562913907	-0.932238410596026	-41.1396026490066	10.7976158940397	-0.474701986754968			
8	300	0.999841059602649	0.130754966887417	-0.103523178807947	1.71337748344371	10.4953642384106	5.53509933774834				0.992953642384106	0.175788079470199	0.0291390728476822	19.4739072847682	-25.4521854304636	-6.74596026490066				0.949827814569536	0.238728476821192	-0.31194701986755	13.447417218543	18.3464900662252	4.83973509933775				0.368529801324503	-0.464529801324503	-0.805721854304636	-1.99708609271523	-10.4564238410596	-17.6956291390729				0.996026490066225	0.147496688741722	-0.122066225165563	-4.2482119205298	-53.4280794701987	-11.8174834437086				0.0957880794701987	0.177165562913907	-1.02823841059603	-38.8996026490066	11.0776158940397	-4.11470198675497			
9	320	0.967841059602649	0.146754966887417	-0.023523178807947	5.91337748344371	11.8953642384106	5.25509933774834				0.864953642384106	0.207788079470199	-0.338860927152318	23.6739072847682	-32.4521854304636	-3.94596026490066				0.917827814569536	0.158728476821192	-0.27994701986755	26.3274172185431	18.3464900662252	6.23973509933775				0.336529801324503	-0.384529801324503	-0.789721854304636	-3.39708609271523	-11.0164238410596	-24.1356291390729				0.884026490066225	0.163496688741722	-0.0900662251655629	-0.608211920529802	-41.3880794701987	-10.1374834437086				0.111788079470199	0.161165562913907	-0.980238410596026	-28.2596026490066	5.75761589403974	-3.27470198675497			
10	340	0.967841059602649	0.178754966887417	0.024476821192053	9.55337748344371	10.2153642384106	4.13509933774834				0.864953642384106	0.239788079470199	-0.290860927152318	15.5539072847682	-25.1721854304636	-4.22596026490066				0.901827814569536	0.0947284768211921	-0.21594701986755	25.2074172185431	17.2264900662252	6.79973509933775				0.368529801324503	-0.368529801324503	-0.789721854304636	-2.55708609271523	-15.7764238410596	-24.9756291390729				0.916026490066225	0.179496688741722	-0.138066225165563	-0.888211920529802	-37.7480794701987	-8.73748344370861				0.0797880794701987	0.177165562913907	-0.916238410596027	-34.4196026490066	-3.76238410596027	5.96529801324503			
11	360	0.983841059602649	0.194754966887417	-0.00752317880794696	21.5933774834437	12.4553642384106	3.57509933774835				1.00895364238411	0.175788079470199	-0.162860927152318	18.6339072847682	-11.1721854304636	-1.98596026490066				0.933827814569536	0.0947284768211921	-0.19994701986755	16.807417218543	19.7464900662252	5.95973509933775				0.416529801324503	-0.368529801324503	-0.741721854304636	-1.43708609271523	-18.5764238410596	-25.2556291390729				0.948026490066225	0.163496688741722	-0.170066225165563	6.9517880794702	-28.5080794701987	-7.33748344370861				0.127788079470199	0.321165562913907	-1.06023841059603	-51.7796026490066	7.43761589403974	18.285298013245			
12	380	0.983841059602649	0.130754966887417	-0.039523178807947	27.7533774834437	16.6553642384106	3.85509933774834				0.960953642384106	0.223788079470199	-0.242860927152318	9.11390728476821	-33.0121854304636	-1.42596026490066				0.949827814569536	0.142728476821192	-0.16794701986755	14.847417218543	14.1464900662252	7.63973509933775				0.384529801324503	-0.416529801324503	-0.757721854304636	-2.27708609271523	-14.6564238410596	-25.8156291390729				0.996026490066225	0.179496688741722	-0.154066225165563	10.0317880794702	-21.2280794701987	-5.37748344370861				0.127788079470199	0.337165562913907	-1.02823841059603	-15.0996026490066	-9.36238410596027	23.045298013245			
13	400	0.983841059602649	0.0827549668874172	0.00847682119205304	32.2333774834437	14.6953642384106	3.29509933774834				0.928953642384106	0.175788079470199	-0.258860927152318	16.6739072847682	-8.37218543046358	-2.82596026490066				0.933827814569536	0.110728476821192	-0.15194701986755	20.447417218543	18.3464900662252	10.7197350993378				0.352529801324503	-0.416529801324503	-0.741721854304636	-9.55708609271523	-7.3764238410596	-19.9356291390729				0.964026490066225	0.179496688741722	-0.202066225165563	11.9917880794702	-14.2280794701987	0.782516556291392				0.111788079470199	0.337165562913907	-1.02823841059603	-16.2196026490066	-5.72238410596027	21.365298013245			
14	420	0.967841059602649	0.0347549668874172	0.024476821192053	36.4333774834437	11.6153642384106	4.41509933774834				0.928953642384106	0.175788079470199	-0.242860927152318	31.7939072847682	-1.37218543046358	3.05403973509934				0.949827814569536	0.110728476821192	-0.13594701986755	16.5274172185431	22.5464900662252	9.59973509933775				0.304529801324503	-0.432529801324503	-0.693721854304636	1.08291390728477	-12.1364238410596	-16.0156291390729				0.916026490066225	0.163496688741722	-0.170066225165563	14.2317880794702	-4.42807947019868	3.86251655629139				0.143788079470199	0.321165562913907	-1.02823841059603	-0.539602649006623	-7.12238410596027	20.245298013245			
15	440	0.967841059602649	0.0187549668874172	0.040476821192053	30.2733774834437	13.2953642384106	5.25509933774834				0.928953642384106	0.159788079470199	-0.0988609271523179	30.1139072847682	8.70781456953642	4.45403973509934				0.981827814569536	0.110728476821192	-0.0719470198675496	18.767417218543	23.3864900662252	7.91973509933775				0.304529801324503	-0.448529801324503	-0.789721854304636	11.4429139072848	-9.6164238410596	-13.4956291390728				0.932026490066225	0.115496688741722	-0.122066225165563	20.3917880794702	2.01192052980133	6.38251655629139				0.127788079470199	0.273165562913907	-1.01223841059603	4.78039735099338	-7.68238410596027	19.405298013245			
16	460	0.983841059602649	0.00275496688741723	0.00847682119205304	29.7133774834437	14.1353642384106	6.37509933774834				1.12095364238411	0.0957880794701987	0.125139072847682	45.7939072847682	21.3078145695364	-1.14596026490066				0.933827814569536	0.0947284768211921	-0.10394701986755	21.8474172185431	28.4264900662252	7.35973509933775				0.368529801324503	-0.496529801324503	-0.773721854304636	22.3629139072848	-1.4964238410596	-8.73562913907285				0.964026490066225	0.0994966887417219	-0.106066225165563	20.3917880794702	5.37192052980133	7.50251655629139				0.159788079470199	0.257165562913907	-1.01223841059603	4.22039735099338	-6.84238410596027	21.365298013245			
17	480	0.983841059602649	-0.0292450331125828	0.024476821192053	24.6733774834437	13.0153642384106	5.81509933774834				0.672953642384106	0.127788079470199	-0.306860927152318	35.9939072847682	-11.7321854304636	8.09403973509934				0.997827814569536	0.110728476821192	-0.00794701986754963	31.087417218543	17.7864900662252	6.23973509933775				0.416529801324503	-0.544529801324503	-0.821721854304636	27.6829139072848	5.2235761589404	-12.9356291390728				0.964026490066225	0.0674966887417219	-0.138066225165563	20.3917880794702	14.8919205298013	8.62251655629139				0.191788079470199	0.273165562913907	-1.02823841059603	0.300397350993377	-4.88238410596027	21.085298013245			
18	500	0.967841059602649	-0.0292450331125828	0.040476821192053	22.7133774834437	10.4953642384106	5.81509933774834				0.848953642384106	0.175788079470199	-0.0828609271523179	19.1939072847682	35.5878145695364	3.89403973509934				0.997827814569536	0.0467284768211921	-0.0239470198675496	32.7674172185431	23.9464900662252	8.19973509933775				0.416529801324503	-0.544529801324503	-0.773721854304636	16.4829139072848	9.1435761589404	-12.3756291390728				0.964026490066225	0.0514966887417219	-0.122066225165563	18.1517880794702	22.1719205298013	8.34251655629139				0.223788079470199	0.257165562913907	-1.01223841059603	10.6603973509934	-6.28238410596027	22.205298013245			
19	520	0.983841059602649	-0.0452450331125828	0.024476821192053	19.3533774834437	9.9353642384106	5.81509933774834				0.992953642384106	0.0317880794701987	0.0771390728476822	23.3939072847682	22.4278145695364	10.3340397350993				0.981827814569536	0.0147284768211921	-0.0399470198675496	23.5274172185431	17.7864900662252	4.27973509933775				0.384529801324503	-0.544529801324503	-0.789721854304636	13.4029139072848	4.3835761589404	-9.29562913907285				0.948026490066225	0.0514966887417219	-0.0900662251655629	16.1917880794702	25.2519205298013	8.62251655629139				0.223788079470199	0.225165562913907	-0.980238410596026	24.6603973509934	-11.3223841059603	21.365298013245			
20	540	0.983841059602649	-0.0612450331125828	0.024476821192053	15.4333774834437	11.3353642384106	4.97509933774835				0.976953642384106	0.0317880794701987	-0.0828609271523179	20.3139072847682	22.4278145695364	9.77403973509934				0.997827814569536	0.0147284768211921	-0.0399470198675496	15.407417218543	19.4664900662252	4.55973509933775				0.448529801324503	-0.544529801324503	-0.821721854304636	5.56291390728477	-4.2964238410596	-6.77562913907285				0.948026490066225	0.0674966887417219	-0.0580662251655629	11.7117880794702	31.6919205298013	8.06251655629139				0.239788079470199	0.225165562913907	-0.996238410596026	15.1403973509934	-9.08238410596027	22.765298013245			
21	560	0.983841059602649	-0.0612450331125828	0.040476821192053	8.99337748344371	12.4553642384106	3.57509933774835				1.00895364238411	-0.000211920529801304	0.0131390728476822	18.0739072847682	26.9078145695364	8.09403973509934				0.997827814569536	-0.00127152317880793	0.00805298013245037	15.967417218543	17.5064900662252	3.15973509933775				0.480529801324503	-0.528529801324503	-0.805721854304636	-1.99708609271523	-5.4164238410596	-8.73562913907285				0.980026490066225	0.0354966887417219	-0.0260662251655629	8.3517880794702	33.6519205298013	7.78251655629139				0.271788079470199	0.209165562913907	-1.02823841059603	39.2203973509934	-22.8023841059603	22.765298013245			
22	580	0.999841059602649	-0.0612450331125828	0.00847682119205304	4.51337748344371	12.4553642384106	3.01509933774834				0.992953642384106	0.0477880794701987	-0.0188609271523178	13.0339072847682	22.1478145695364	7.81403973509934				0.997827814569536	-0.0332715231788079	-0.0239470198675496	10.367417218543	13.5864900662252	2.59973509933775				0.480529801324503	-0.496529801324503	-0.757721854304636	-9.83708609271523	-6.8164238410596	-13.2156291390728				0.996026490066225	0.0194966887417219	-0.0100662251655629	8.6317880794702	39.2519205298013	8.06251655629139				0.239788079470199	0.129165562913907	-0.964238410596026	50.4203973509934	-27.5623841059603	24.445298013245			
23	600	0.983841059602649	-0.0292450331125828	0.024476821192053	2.27337748344371	14.4153642384106	3.01509933774834				0.992953642384106	0.0157880794701987	-0.0188609271523178	9.95390728476821	26.0678145695364	8.37403973509934				1.01382781456954	-0.0492715231788079	-0.0239470198675496	4.48741721854305	11.0664900662252	2.31973509933775				0.480529801324503	-0.496529801324503	-0.773721854304636	-22.4370860927152	-13.5364238410596	-11.5356291390728				0.964026490066225	0.0514966887417219	0.0379337748344371	3.0317880794702	42.0519205298013	7.50251655629139				0.223788079470199	0.145165562913907	-0.948238410596026	39.7803973509934	-18.8823841059603	25.565298013245			
24	620	0.983841059602649	-0.0772450331125828	0.024476821192053	-0.526622516556291	14.1353642384106	1.89509933774834				1.00895364238411	-0.000211920529801304	0.0291390728476822	3.23390728476821	29.7078145695364	10.0540397350993				1.01382781456954	-0.0172715231788079	-0.00794701986754963	0.847417218543046	8.26649006622517	1.47973509933775				0.432529801324503	-0.496529801324503	-0.741721854304636	-28.8770860927152	-15.2164238410596	-7.61562913907285				0.932026490066225	0.0514966887417219	0.0539337748344371	-0.888211920529802	44.0119205298013	9.46251655629139				0.223788079470199	0.145165562913907	-0.948238410596026	43.1403973509934	-16.6423841059603	23.885298013245			
25	640	0.983841059602649	-0.0772450331125828	0.024476821192053	-5.56662251655629	11.3353642384106	0.775099337748344				0.976953642384106	0.0157880794701987	0.0291390728476822	-7.68609271523179	26.3478145695364	9.49403973509934				0.997827814569536	-0.00127152317880793	-0.0239470198675496	-0.832582781456954	6.86649006622517	0.63973509933775				0.384529801324503	-0.416529801324503	-0.725721854304636	-25.7970860927152	-7.9364238410596	-2.29562913907285				0.916026490066225	0.0194966887417219	0.101933774834437	4.4317880794702	50.1719205298013	11.4225165562914				0.239788079470199	0.113165562913907	-0.900238410596026	52.1003973509934	-16.9223841059603	20.805298013245			
26	660	0.967841059602649	-0.0612450331125828	0.00847682119205304	-10.6066225165563	8.8153642384106	-0.624900662251656				0.944953642384106	0.0317880794701987	-0.0188609271523178	-12.7260927152318	26.9078145695364	9.49403973509934				0.997827814569536	0.0147284768211921	-0.00794701986754963	-2.79258278145695	6.02649006622517	0.0797350993377501				0.384529801324503	-0.400529801324503	-0.693721854304636	-9.55708609271523	0.7435761589404	1.06437086092715				0.948026490066225	-0.0125033112582781	0.117933774834437	4.4317880794702	56.0519205298013	11.1425165562914				0.239788079470199	0.0651655629139073	-0.852238410596026	56.3003973509934	-14.9623841059603	17.165298013245			
27	680	0.967841059602649	-0.0452450331125828	-0.00752317880794696	-13.6866225165563	11.8953642384106	-1.46490066225166				0.976953642384106	0.0317880794701987	0.0131390728476822	-12.7260927152318	31.3878145695364	12.0140397350993				1.02982781456954	-0.0332715231788079	-0.0559470198675496	-1.95258278145695	0.706490066225167	0.0797350993377501				0.416529801324503	-0.496529801324503	-0.693721854304636	-1.99708609271523	8.5835761589404	3.86437086092715				0.932026490066225	0.00349668874172187	0.117933774834437	-5.9282119205298	55.7719205298013	9.46251655629139				0.223788079470199	0.0491655629139073	-0.852238410596026	52.1003973509934	-2.08238410596027	13.525298013245			
28	700	0.951841059602649	-0.0452450331125828	0.024476821192053	-16.2066225165563	11.8953642384106	-0.904900662251656				0.960953642384106	0.0317880794701987	0.0771390728476822	-19.1660927152318	31.9478145695364	12.8540397350993				0.997827814569536	-0.0172715231788079	-0.0559470198675496	-11.192582781457	0.146490066225167	0.35973509933775				0.416529801324503	-0.512529801324503	-0.693721854304636	-12.3570860927152	11.3835761589404	10.0243708609272				0.868026490066225	0.00349668874172187	0.149933774834437	-11.2482119205298	58.0119205298013	8.34251655629139				0.191788079470199	0.0171655629139073	-0.820238410596026	57.9803973509934	2.39761589403974	8.20529801324503			
29	720	0.967841059602649	-0.0612450331125828	-0.00752317880794696	-17.0466225165563	11.3353642384106	-0.904900662251656				0.928953642384106	0.0477880794701987	0.0771390728476822	-18.0460927152318	34.1878145695364	12.8540397350993				0.965827814569536	0.0147284768211921	-0.0559470198675496	-14.832582781457	-3.77350993377483	-1.88026490066225				0.416529801324503	-0.464529801324503	-0.661721854304636	-29.4370860927152	16.9835761589404	15.3443708609272				0.836026490066225	-0.0125033112582781	0.165933774834437	-9.2882119205298	62.2119205298013	8.34251655629139				0.239788079470199	0.0171655629139073	-0.820238410596026	54.3403973509934	5.47761589403974	5.96529801324503			
30	740	0.999841059602649	-0.0132450331125828	0.00847682119205304	-20.6866225165563	6.8553642384106	-1.46490066225166				0.960953642384106	0.0477880794701987	0.0291390728476822	-14.9660927152318	33.9078145695364	12.2940397350993				0.981827814569536	0.0787284768211921	-0.0719470198675496	-15.952582781457	-4.33350993377483	-2.72026490066225				0.400529801324503	-0.368529801324503	-0.645721854304636	-30.5570860927152	16.1435761589404	22.0643708609272				0.900026490066225	0.0194966887417219	0.181933774834437	-13.7682119205298	67.2519205298013	5.82251655629139				0.255788079470199	-0.0468344370860927	-0.804238410596027	62.1803973509934	9.39761589403974	6.24529801324503			
31	760	0.983841059602649	0.00275496688741723	-0.00752317880794696	-26.0066225165563	1.5353642384106	-3.14490066225166				0.992953642384106	0.0477880794701987	0.0131390728476822	-13.5660927152318	35.0278145695364	14.5340397350993				1.01382781456954	0.0627284768211921	-0.11994701986755	-6.99258278145695	-1.25350993377483	-1.60026490066225				0.368529801324503	-0.400529801324503	-0.661721854304636	-17.6770860927152	18.9435761589404	23.4643708609272				0.932026490066225	-0.0285033112582781	0.213933774834437	-15.7282119205298	67.5319205298013	5.82251655629139				0.271788079470199	-0.0788344370860927	-0.836238410596026	62.7403973509934	17.5176158940397	2.04529801324503			
32	780	0.983841059602649	0.0347549668874172	-0.039523178807947	-20.1266225165563	-2.1046357615894	-4.26490066225166				1.00895364238411	0.0797880794701987	0.0611390728476822	-18.6060927152318	37.8278145695364	15.9340397350993				0.997827814569536	0.0467284768211921	-0.13594701986755	-5.31258278145695	-1.53350993377483	-1.88026490066225				0.480529801324503	-0.432529801324503	-0.613721854304636	-19.9170860927152	25.9435761589404	24.3043708609272				0.932026490066225	-0.0445033112582781	0.245933774834437	-24.4082119205298	63.3319205298013	4.70251655629139				0.351788079470199	-0.158834437086093	-0.916238410596027	79.2603973509934	11.0776158940397	0.0852980132450323			
33	800	0.983841059602649	0.0187549668874172	-0.039523178807947	-18.4466225165563	-3.2246357615894	-4.82490066225166				0.976953642384106	0.111788079470199	0.0291390728476822	-11.6060927152318	40.6278145695364	13.4140397350993				0.981827814569536	0.0627284768211921	-0.13594701986755	2.24741721854305	-1.53350993377483	-1.60026490066225				0.688529801324503	-0.352529801324503	-0.613721854304636	-17.3970860927152	27.6235761589404	25.9843708609272				0.932026490066225	0.00349668874172187	0.293933774834437	-36.1682119205298	57.4519205298013	1.62251655629139				0.319788079470199	-0.286834437086093	-0.884238410596026	84.5803973509934	-2.92238410596027	7.36529801324503			
34	820	0.967841059602649	0.0347549668874172	-0.023523178807947	-20.4066225165563	-2.9446357615894	-5.10490066225166				0.944953642384106	0.111788079470199	0.0611390728476822	-8.80609271523179	43.1478145695364	12.8540397350993				0.965827814569536	0.0627284768211921	-0.13594701986755	5.88741721854305	-2.37350993377483	1.75973509933775				0.752529801324503	-0.336529801324503	-0.597721854304636	-12.0770860927152	19.7835761589404	31.5843708609272				0.948026490066225	0.0994966887417219	0.341933774834437	-37.5682119205298	51.5719205298013	2.46251655629139				0.255788079470199	-0.286834437086093	-0.884238410596026	63.3003973509934	-14.1223841059603	18.285298013245			
35	840	0.935841059602649	0.0507549668874172	-0.039523178807947	-17.8866225165563	-1.2646357615894	-2.02490066225166				0.976953642384106	0.0637880794701987	0.0771390728476822	-12.4460927152318	34.7478145695364	15.9340397350993				0.933827814569536	0.0467284768211921	-0.21594701986755	0.567417218543046	0.146490066225167	4.27973509933775				0.784529801324503	-0.448529801324503	-0.693721854304636	-22.9970860927152	-2.3364238410596	37.7443708609272				0.932026490066225	0.0834966887417219	0.389933774834437	-24.6882119205298	46.5319205298013	8.06251655629139				0.287788079470199	-0.190834437086093	-0.884238410596026	53.7803973509934	-10.4823841059603	31.165298013245			
36	860	0.951841059602649	0.0347549668874172	-0.119523178807947	-24.6066225165563	3.7753642384106	-1.18490066225166				1.05695364238411	0.0317880794701987	0.0291390728476822	-20.8460927152318	31.1078145695364	12.8540397350993				0.933827814569536	0.126728476821192	-0.16794701986755	-5.31258278145695	6.30649006622517	2.59973509933775				0.816529801324503	-0.576529801324503	-0.789721854304636	-45.1170860927152	-18.5764238410596	45.5843708609272				0.980026490066225	0.0194966887417219	0.469933774834437	-16.5682119205298	42.3319205298013	9.18251655629139				0.335788079470199	-0.174834437086093	-0.868238410596026	68.9003973509934	-10.7623841059603	27.805298013245			
37	880	0.983841059602649	0.0507549668874172	-0.151523178807947	-27.9666225165563	6.0153642384106	-3.70490066225166				1.08895364238411	0.127788079470199	0.125139072847682	-16.3660927152318	35.3078145695364	3.89403973509934				0.997827814569536	0.206728476821192	-0.15194701986755	-10.072582781457	10.2264900662252	3.99973509933775				0.672529801324503	-0.528529801324503	-0.805721854304636	-68.6370860927152	-13.8164238410596	41.1043708609272				0.964026490066225	-0.0285033112582781	0.453933774834437	-20.2082119205298	38.1319205298013	5.26251655629139				0.319788079470199	-0.270834437086093	-0.740238410596026	83.4603973509934	-11.3223841059603	16.885298013245			
38	900	0.967841059602649	0.162754966887417	-0.087523178807947	-31.0466225165563	9.0953642384106	-1.46490066225166				1.04095364238411	0.191788079470199	0.109139072847682	-7.68609271523179	25.5078145695364	0.53403973509934				1.01382781456954	0.126728476821192	-0.18394701986755	-8.39258278145695	9.10649006622517	8.19973509933775				0.464529801324503	-0.320529801324503	-0.725721854304636	-85.4370860927152	-11.5764238410596	32.4243708609272				0.964026490066225	0.0194966887417219	0.357933774834437	-22.1682119205298	38.6919205298013	-2.57748344370861				0.271788079470199	-0.462834437086093	-0.676238410596026	55.1803973509934	-10.4823841059603	14.085298013245			
39	920	0.935841059602649	0.162754966887417	-0.087523178807947	-31.3266225165563	13.0153642384106	3.57509933774835				0.992953642384106	0.127788079470199	0.0931390728476822	-17.7660927152318	23.5478145695364	-1.98596026490066				0.965827814569536	0.0947284768211921	-0.10394701986755	-28.832582781457	9.38649006622517	13.5197350993378				0.384529801324503	-0.304529801324503	-0.709721854304636	-70.3170860927152	5.5035761589404	31.8643708609272				0.980026490066225	0.0194966887417219	0.373933774834437	-18.2482119205298	28.3319205298013	-9.85748344370861				0.239788079470199	-0.526834437086093	-0.676238410596026	4.22039735099338	-3.48238410596027	22.485298013245			
40	940	0.935841059602649	0.130754966887417	-0.087523178807947	-34.6866225165563	24.7753642384106	10.5750993377483				0.976953642384106	0.143788079470199	0.189139072847682	-55.5660927152318	24.9478145695364	-11.5059602649007				0.949827814569536	0.110728476821192	-0.11994701986755	-45.632582781457	5.18649006622517	15.7597350993378				0.416529801324503	-0.256529801324503	-0.725721854304636	-35.8770860927152	27.6235761589404	30.1843708609272				0.932026490066225	0.0354966887417219	0.389933774834437	-19.3682119205298	16.2919205298013	-16.0174834437086				0	0	0	0	0	0			
41	1100	0	0	0	0	0	0				0.736953642384106	0.351788079470199	0.333139072847682	-54.4460927152318	12.6278145695364	-24.6659602649007				0.949827814569536	0.158728476821192	-0.24794701986755	-46.472582781457	-12.7335099337748	34.5197350993378				0	0	0	0	0	0				0	0	0	0	0	0				0	0	0	0	0	0			
42	1120	1.09584105960265	0.242754966887417	-0.743523178807947	-80.6066225165563	-126.704635761589	-42.3449006622517				0.736953642384106	0.335788079470199	0.349139072847682	-51.6460927152318	25.7878145695364	-12.0659602649007				0.837827814569536	0.174728476821192	-0.31194701986755	-33.032582781457	-20.8535099337748	34.7997350993378				0	0	0	0	0	0				0.564026490066225	0.387496688741722	0.293933774834437	-68.3682119205298	-25.9880794701987	-47.3774834437086				0.463788079470199	0.129165562913907	-0.676238410596026	1.98039735099338	5.47761589403974	96.685298013245			
43	1140	1.15984105960265	-0.0292450331125828	-0.935523178807947	-76.6866225165563	-158.344635761589	-46.5449006622517				0.832953642384106	0.223788079470199	0.141139072847682	-47.7260927152318	12.6278145695364	2.77403973509934				0.885827814569536	0.158728476821192	-0.37594701986755	-16.232582781457	-25.3335099337748	30.8797350993378				0.368529801324503	0.175470198675497	-0.533721854304636	-78.4370860927152	33.5035761589404	90.1043708609272				0.516026490066225	0.547496688741722	0.357933774834437	-75.3682119205298	-18.9880794701987	-42.0574834437086				0.463788079470199	0.241165562913907	-0.676238410596026	-13.1396026490066	10.5176158940397	101.445298013245			
44	1160	1.12784105960265	-0.0932450331125828	-0.503523178807947	-117.006622516556	-152.744635761589	-33.6649006622517				0.800953642384106	0.143788079470199	0.109139072847682	-64.8060927152318	18.2278145695364	10.0540397350993				1.01382781456954	0.190728476821192	-0.35994701986755	10.087417218543	-32.0535099337748	25.8397350993378				0.464529801324503	0.271470198675497	-0.517721854304636	-72.2770860927152	48.3435761589404	108.304370860927				0.708026490066225	0.483496688741722	0.517933774834437	-62.4882119205298	-10.0280794701987	-31.9774834437086				0.479788079470199	0.193165562913907	-0.836238410596026	-19.5796026490066	12.4776158940397	105.365298013245			
45	1180	1.07984105960265	0.354754966887417	0.200476821192053	-143.606622516556	-142.384635761589	-30.3049006622517				1.07295364238411	0.175788079470199	0.413139072847682	-79.9260927152318	27.4678145695364	11.7340397350993				0.965827814569536	0.206728476821192	-0.29594701986755	-6.71258278145695	-36.8135099337748	25.2797350993378				0.656529801324503	0.399470198675497	-0.581721854304636	-45.6770860927152	55.9035761589404	129.584370860927				0.932026490066225	0.387496688741722	0.549933774834437	-90.2082119205298	12.3719205298013	-28.6174834437086				0.559788079470199	0.0331655629139073	-0.964238410596026	2.26039735099338	9.95761589403974	105.365298013245			
46	1200	0.935841059602649	-0.173245033112583	0.952476821192053	-66.0466225165563	-176.824635761589	14.2150993377483				1.21695364238411	0.111788079470199	0.525139072847682	-90.2860927152318	-23.7721854304636	9.21403973509934				0.821827814569536	0.142728476821192	-0.26394701986755	-38.912582781457	-41.2935099337748	19.9597350993378				0.656529801324503	0.223470198675497	-0.837721854304636	3.32291390728477	62.6235761589404	136.304370860927				1.15602649006623	0.323496688741722	0.549933774834437	-101.12821192053	4.81192052980133	-21.8974834437086				0.687788079470199	-0.0948344370860927	-1.10823841059603	-12.5796026490066	21.4376158940397	108.165298013245			
47	1220	0.743841059602649	-0.333245033112583	0.424476821192053	-3.88662251655629	-93.1046357615894	29.8950993377483				1.12095364238411	0.0957880794701987	0.253139072847682	-104.006092715232	-59.0521854304636	8.09403973509934				0.837827814569536	0.158728476821192	-0.0879470198675496	-56.272582781457	-28.6935099337748	22.4797350993378				0.624529801324503	-0.272529801324503	-0.885721854304636	11.4429139072848	69.3435761589404	123.704370860927				1.18802649006623	0.259496688741722	0.437933774834437	-93.8482119205298	-21.2280794701987	-14.0574834437086				0.623788079470199	-0.110834437086093	-1.22023841059603	-20.1396026490066	39.0776158940397	108.445298013245			
48	1240	0.823841059602649	0.0187549668874172	0.456476821192053	-76.6866225165563	-25.3446357615894	12.2550993377483				1.13695364238411	0.255788079470199	0.221139072847682	-99.2460927152318	-33.2921854304636	1.37403973509934				1.01382781456954	0.334728476821192	0.0240529801324504	-66.352582781457	-8.25350993377483	26.9597350993378				0.576529801324503	-0.416529801324503	-0.901721854304636	-20.1970860927152	61.2235761589404	114.464370860927				1.02802649006623	0.307496688741722	0.373933774834437	-116.24821192053	-12.5480794701987	-13.7774834437086				0.415788079470199	-0.0308344370860927	-1.14023841059603	-10.8996026490066	49.9976158940397	110.965298013245			
49	1260	0.711841059602649	-0.317245033112583	0.168476821192053	-125.686622516556	18.6153642384106	38.2950993377484				1.05695364238411	0.399788079470199	0.269139072847682	-68.1660927152318	-17.8921854304636	-4.50596026490066				1.09382781456954	0.254728476821192	-0.0719470198675496	-69.432582781457	-8.25350993377483	34.5197350993378				0.464529801324503	-0.336529801324503	-0.853721854304636	-54.0770860927152	56.1835761589404	113.624370860927				0.900026490066225	0.243496688741722	0.341933774834437	-113.16821192053	-3.86807947019868	-13.7774834437086				0.303788079470199	0.00116556291390731	-0.996238410596026	-4.73960264900662	33.4776158940397	123.005298013245			
50	1280	0.519841059602649	-0.381245033112583	0.280476821192053	-202.126622516556	52.7753642384106	51.4550993377484				0.912953642384106	0.367788079470199	0.365139072847682	-73.4860927152318	-28.5321854304636	-5.62596026490066				0.965827814569536	0.0147284768211921	-0.19994701986755	-68.592582781457	-8.25350993377483	51.5997350993377				0.448529801324503	-0.320529801324503	-0.773721854304636	-50.7170860927152	58.9835761589404	116.704370860927				0.852026490066225	0.179496688741722	0.293933774834437	-120.44821192053	5.09192052980133	-26.6574834437086				0.303788079470199	-0.0468344370860927	-0.868238410596026	0.580397350993377	20.3176158940397	132.525298013245			
51	1300	0.631841059602649	0.194754966887417	0.056476821192053	-204.926622516556	80.4953642384106	48.3750993377484				0.800953642384106	0.223788079470199	0.189139072847682	-85.2460927152318	-49.8121854304636	-12.0659602649007				0.965827814569536	-0.0812715231788079	-0.18394701986755	-83.992582781457	-6.85350993377483	66.9997350993378				0.432529801324503	-0.464529801324503	-0.821721854304636	-29.7170860927152	63.4635761589404	124.264370860927				0.820026490066225	0.147496688741722	0.277933774834437	-124.64821192053	5.09192052980133	-35.3374834437086				0.287788079470199	-0.110834437086093	-0.756238410596026	7.58039735099338	24.7976158940397	133.365298013245			
52	1320	0.839841059602649	0.978754966887417	-0.503523178807947	-156.486622516556	96.1753642384106	55.6550993377484				0.752953642384106	0.111788079470199	-0.0668609271523178	-112.126092715232	-38.6121854304636	-23.5459602649007				0.981827814569536	-0.161271523178808	-0.15194701986755	-121.792582781457	-13.2935099337748	73.4397350993378				0.400529801324503	-0.640529801324503	-0.837721854304636	-47.6370860927152	41.6235761589404	127.344370860927				0.804026490066225	-0.0605033112582781	0.229933774834437	-123.80821192053	-7.78807947019868	-42.0574834437086				0.239788079470199	-0.206834437086093	-0.612238410596026	-1.37960264900662	18.0776158940397	127.485298013245			
53	1340	2.02384105960265	1.87475496688742	-1.63952317880795	-244.686622516556	-2.6646357615894	26.5350993377483				0.752953642384106	-0.0162119205298013	-0.0508609271523178	-144.606092715232	-20.9721854304636	-29.7059602649007				0.981827814569536	-0.433271523178808	0.00805298013245037	-169.112582781457	-30.9335099337748	87.9997350993378				0.320529801324503	-0.608529801324503	-0.901721854304636	-87.3970860927152	25.1035761589404	132.384370860927				0.980026490066225	-0.0925033112582781	0.325933774834437	-135.28821192053	-13.9480794701987	-54.6574834437086				0.127788079470199	-0.222834437086093	-0.788238410596027	-29.0996026490066	13.8776158940397	114.885298013245			
54	1360	1.30384105960265	0.514754966887417	0.584476821192053	-83.6866225165563	-153.024635761589	29.0550993377483				1.13695364238411	-0.000211920529801304	0.109139072847682	-163.646092715232	12.9078145695364	-30.2659602649007				1.30182781456954	-0.433271523178808	0.23205298013245	-209.992582781457	-30.9335099337748	94.9997350993378				0.304529801324503	-0.720529801324503	-1.02972185430464	-90.1970860927152	33.2235761589404	135.184370860927				1.14002649006623	0.00349668874172187	0.261933774834437	-143.40821192053	-13.1080794701987	-56.8974834437086				-0.000211920529801336	-0.126834437086093	-1.06023841059603	-54.0196026490066	26.7576158940397	89.965298013245			
55	1380	0.279841059602649	0.354754966887417	0.184476821192053	143.673377483444	-52.7846357615894	16.4550993377483				1.28095364238411	0.0637880794701987	0.0451390728476822	-116.046092715232	7.02781456953642	-28.5859602649007				1.17382781456954	0.0787284768211921	-0.0239470198675496	-229.032582781457	-36.8135099337748	66.9997350993378				0.320529801324503	-0.688529801324503	-0.933721854304636	-87.9570860927152	46.9435761589404	116.984370860927				1.22002649006623	0.0514966887417219	-0.0100662251655629	-191.56821192053	16.8519205298013	-65.2974834437086				-0.128211920529801	-0.174834437086093	-1.17223841059603	-31.0596026490066	22.8376158940397	97.245298013245			
56	1400	0.679841059602649	-1.83724503311258	-1.15952317880795	199.113377483444	-14.9846357615894	88.4150993377483				1.20095364238411	-0.224211920529801	-0.130860927152318	-153.566092715232	-4.45218543046358	-26.6259602649007				1.15782781456954	0.174728476821192	-0.72794701986755	-143.632582781457	-61.7335099337748	48.5197350993378				0.512529801324503	-0.640529801324503	-0.837721854304636	-68.3570860927152	46.3835761589404	97.9443708609272				1.20402649006623	-0.188503311258278	0.0539337748344371	-116.80821192053	-9.18807947019868	-51.8574834437086				-0.000211920529801336	-0.398834437086093	-1.12423841059603	-46.7396026490066	29.2776158940397	120.205298013245			
57	1420	1.11184105960265	-1.85324503311258	0.856476821192053	-158.726622516556	46.0553642384106	60.6950993377484				1.21695364238411	-0.448211920529801	-0.162860927152318	-171.486092715232	13.1878145695364	-7.30596026490066				1.14182781456954	-0.369271523178808	-0.93594701986755	-140.832582781457	-37.9335099337748	35.6397350993377				0.512529801324503	-0.672529801324503	-0.805721854304636	-71.9970860927152	48.6235761589404	94.5843708609272				1.26802649006623	-0.332503311258278	0.581933774834437	-85.1682119205298	-15.0680794701987	-41.4974834437086				0.0797880794701987	-0.574834437086093	-1.23623841059603	-72.2196026490066	38.5176158940397	124.685298013245			
58	1440	1.14384105960265	-0.189245033112583	-0.295523178807947	-247.206622516556	-28.7046357615894	13.9350993377483				1.63295364238411	-0.256211920529801	0.269139072847682	-175.686092715232	20.7478145695364	-11.5059602649007				1.23782781456954	-0.193271523178808	-0.58394701986755	-165.192582781457	-48.0135099337748	22.7597350993378				0.496529801324503	-0.752529801324503	-0.885721854304636	-82.3570860927152	51.9835761589404	89.5443708609272				1.23602649006623	-0.220503311258278	0.549933774834437	-130.80821192053	-18.4280794701987	-42.8974834437086				0.271788079470199	-0.350834437086093	-1.30023841059603	-62.6996026490066	48.3176158940397	114.605298013245			
59	1460	0.967841059602649	0.322754966887417	-0.487523178807947	-173.006622516556	-4.3446357615894	23.4550993377483				1.37695364238411	-0.0962119205298013	-0.0348609271523178	-165.606092715232	-47.0121854304636	-18.2259602649007				1.04582781456954	-0.113271523178808	-0.47194701986755	-207.472582781457	-44.3735099337748	16.5997350993378				0.400529801324503	-0.752529801324503	-0.805721854304636	-85.4370860927152	65.4235761589404	81.9843708609272				1.20402649006623	-0.0605033112582781	0.293933774834437	-162.72821192053	-4.42807947019868	-42.0574834437086				0.239788079470199	-0.174834437086093	-1.20423841059603	-16.2196026490066	43.5576158940397	123.565298013245			
60	1480	1.01584105960265	0.00275496688741723	-0.263523178807947	-86.2066225165563	37.9353642384106	55.3750993377484				0.848953642384106	0.351788079470199	-0.290860927152318	-182.406092715232	-16.2121854304636	-26.9059602649007				0.885827814569536	-0.161271523178808	-0.51994701986755	-194.592582781457	-42.9735099337748	20.2397350993378				0.416529801324503	-0.608529801324503	-0.661721854304636	-56.3170860927152	71.0235761589404	82.2643708609272				0.996026490066225	-0.124503311258278	0.245933774834437	-124.64821192053	-14.5080794701987	-36.1774834437086				0.223788079470199	-0.222834437086093	-1.01223841059603	-6.13960264900662	48.8776158940397	120.765298013245			
61	1500	0.967841059602649	-0.125245033112583	-0.359523178807947	-80.6066225165563	36.2553642384106	47.2550993377484				0.960953642384106	0.111788079470199	0.237139072847682	-162.526092715232	-2.49218543046358	-25.2259602649007				0.661827814569536	-0.289271523178808	-0.48794701986755	-189.272582781457	-43.5335099337748	32.2797350993377				0.496529801324503	-0.544529801324503	-0.677721854304636	-45.6770860927152	64.0235761589404	88.7043708609272				0.916026490066225	-0.156503311258278	0.357933774834437	-129.96821192053	-15.6280794701987	-40.6574834437086				0.239788079470199	-0.222834437086093	-0.884238410596026	-15.0996026490066	42.4376158940397	113.205298013245			
62	1520	0.775841059602649	-0.0612450331125828	-0.375523178807947	-86.2066225165563	30.9353642384106	30.1750993377483				0.912953642384106	0.143788079470199	-0.0508609271523178	-156.646092715232	-9.21218543046358	-25.7859602649007				0.357827814569536	-0.401271523178808	-0.39194701986755	-202.432582781457	-16.9335099337748	39.8397350993378				0.432529801324503	-0.560529801324503	-0.677721854304636	-61.0770860927152	43.0235761589404	86.1843708609272				0.836026490066225	0.0354966887417219	0.245933774834437	-167.20821192053	-20.1080794701987	-49.0574834437086				0.127788079470199	-0.0308344370860927	-0.836238410596026	-31.3396026490066	32.9176158940397	102.845298013245			
63	1540	0.807841059602649	0.0507549668874172	-0.439523178807947	-126.246622516556	21.9753642384106	13.9350993377483				0.816953642384106	0.0637880794701987	-0.178860927152318	-145.446092715232	-21.2521854304636	-20.4659602649007				0.341827814569536	-0.273271523178808	-0.13594701986755	-150.072582781457	-9.65350993377483	33.6797350993378				0.304529801324503	-0.528529801324503	-0.581721854304636	-85.9970860927152	36.3035761589404	84.2243708609272				0.676026490066225	0.0994966887417219	0.0859337748344371	-153.20821192053	-29.6280794701987	-39.2574834437086				-0.112211920529801	0.113165562913907	-0.740238410596026	-34.4196026490066	32.9176158940397	92.485298013245			
64	1560	0.951841059602649	0.130754966887417	-0.647523178807947	-142.206622516556	6.5753642384106	-2.30490066225166				0.640953642384106	0.175788079470199	-0.0988609271523179	-123.886092715232	-14.8121854304636	-14.5859602649007				0.485827814569536	-0.0492715231788079	0.40805298013245	-176.392582781457	25.9064900662252	38.7197350993378				0.304529801324503	-0.400529801324503	-0.517721854304636	-74.2370860927152	41.3435761589404	82.8243708609272				0.676026490066225	0.0994966887417219	0.0379337748344371	-140.04821192053	-8.62807947019868	-35.6174834437086				-0.208211920529801	0.129165562913907	-0.724238410596026	-49.8196026490066	32.3576158940397	81.845298013245			
65	1580	1.06384105960265	0.130754966887417	-0.887523178807947	-120.086622516556	-20.3046357615894	-12.3849006622517				0.736953642384106	0.0797880794701987	0.0611390728476822	-109.046092715232	2.26781456953642	-9.54596026490066				0.373827814569536	0.254728476821192	0.66405298013245	-129.632582781457	53.9064900662252	57.7597350993378				0.384529801324503	-0.240529801324503	-0.517721854304636	-53.7970860927152	37.9835761589404	81.9843708609272				0.724026490066225	0.147496688741722	0.00593377483443711	-136.68821192053	0.0519205298013249	-40.6574834437086				-0.144211920529801	0.129165562913907	-0.820238410596026	-57.0996026490066	13.3176158940397	72.325298013245			
66	1600	0.967841059602649	0.0347549668874172	-1.11152317880795	-112.806622516556	-64.5446357615894	-23.3049006622517				0.704953642384106	0.111788079470199	-0.00286092715231785	-109.326092715232	-12.5721854304636	-12.6259602649007				0.485827814569536	0.462728476821192	0.48805298013245	-190.392582781457	87.5064900662252	64.1997350993378				0.496529801324503	-0.240529801324503	-0.597721854304636	-53.5170860927152	29.5835761589404	86.7443708609272				0.756026490066225	0.179496688741722	0.00593377483443711	-121.84821192053	-3.58807947019868	-37.8574834437086				-0.112211920529801	0.0971655629139073	-0.900238410596026	-34.1396026490066	-6.56238410596027	70.365298013245			
67	1620	0.807841059602649	-0.221245033112583	-1.06352317880795	-123.726622516556	-107.664635761589	-31.4249006622517				0.592953642384106	0.223788079470199	-0.114860927152318	-100.646092715232	-3.33218543046358	-5.90596026490066				0.757827814569536	0.670728476821192	-0.0879470198675496	-178.352582781457	118.586490066225	54.3997350993378				0.336529801324503	-0.304529801324503	-0.533721854304636	-62.1970860927152	16.1435761589404	69.3843708609272				0.692026490066225	0.0994966887417219	0.0699337748344371	-108.68821192053	-7.22807947019868	-33.0974834437086				-0.000211920529801336	0.00116556291390731	-0.724238410596026	-19.5796026490066	-10.4823841059603	75.125298013245			
68	1640	0.807841059602649	-0.269245033112583	-0.647523178807947	-136.326622516556	-112.424635761589	-12.6649006622517				0.592953642384106	0.239788079470199	0.125139072847682	-80.2060927152318	35.3078145695364	-1.14596026490066				1.63782781456954	1.34272847682119	-1.89594701986755	-64.392582781457	56.7064900662252	12.6797350993378				0.272529801324503	-0.176529801324503	-0.613721854304636	-73.9570860927152	11.9435761589404	64.3443708609272				0.708026490066225	0.163496688741722	0.213933774834437	-116.24821192053	1.17192052980133	-35.0574834437086				0.0637880794701987	-0.126834437086093	-0.628238410596026	-19.8596026490066	-13.2823841059603	89.685298013245			
69	1660	0.999841059602649	-0.125245033112583	-0.00752317880794696	-157.886622516556	-100.944635761589	19.8150993377483				1.23295364238411	0.239788079470199	0.365139072847682	-93.6460927152318	60.2278145695364	-5.06596026490066				2.02182781456954	1.99872847682119	-1.99194701986755	343.847417218543	-116.613509933775	-81.6802649006623				0.304529801324503	-0.192529801324503	-0.981721854304636	-45.9570860927152	32.1035761589404	81.4243708609272				0.948026490066225	0.211496688741722	0.517933774834437	-117.36821192053	-2.18807947019868	-42.3374834437086				0.367788079470199	-0.0628344370860927	-0.820238410596026	-64.6596026490066	-16.9223841059603	87.165298013245			
70	1680	1.22384105960265	-0.285245033112583	0.920476821192053	-133.526622516556	-81.6246357615894	48.3750993377484				1.40895364238411	0.319788079470199	0.813139072847682	-87.7660927152318	24.1078145695364	-14.0259602649007				-0.186172185430464	-1.79327152317881	0.52005298013245	79.5274172185431	-12.1735099337748	107.319735099338				0.512529801324503	-0.304529801324503	-0.821721854304636	-64.4370860927152	39.3835761589404	75.2643708609272				0.820026490066225	0.259496688741722	0.309933774834437	-107.84821192053	17.1319205298013	-42.8974834437086				0.591788079470199	0.145165562913907	-1.07623841059603	-49.5396026490066	-5.44238410596027	99.205298013245			
71	1700	0.839841059602649	-0.0132450331125828	0.968476821192053	-182.806622516556	-84.4246357615894	63.4950993377484				0.784953642384106	0.495788079470199	-0.610860927152318	-84.4060927152318	-82.5721854304636	-13.1859602649007				-0.810172185430464	-1.16927152317881	0.21605298013245	-201.032582781457	-71.8135099337748	111.239735099338				0.752529801324503	-0.144529801324503	-0.661721854304636	-67.5170860927152	17.2635761589404	80.3043708609272				1.09202649006623	0.467496688741722	0.421933774834437	-125.76821192053	0.891920529801325	-40.0974834437086				0.335788079470199	0.177165562913907	-0.884238410596026	-17.8996026490066	25.3576158940397	117.685298013245			
72	1720	0.631841059602649	0.626754966887417	0.392476821192053	-215.286622516556	-44.6646357615894	46.6950993377484				0.816953642384106	0.0637880794701987	-0.0188609271523178	-115.486092715232	70.5878145695364	-6.74596026490066				0.837827814569536	-0.00127152317880793	-0.26394701986755	-285.032582781457	30.3864900662252	52.7197350993378				0.864529801324503	-0.0165298013245033	-0.885721854304636	-71.1570860927152	31.2635761589404	86.4643708609272				1.06002649006623	0.499496688741722	0.517933774834437	-119.32821192053	-17.3080794701987	-42.8974834437086				0.159788079470199	0.145165562913907	-0.932238410596026	-39.4596026490066	27.8776158940397	119.365298013245			
73	1740	0.535841059602649	0.722754966887417	0.136476821192053	-140.246622516556	-8.82463576158941	40.2550993377484				1.48895364238411	0.0157880794701987	0.877139072847682	-98.9660927152318	15.9878145695364	-5.90596026490066				1.66982781456954	1.77472847682119	-0.23194701986755	-217.552582781457	1.54649006622517	-6.36026490066225				0.880529801324503	-0.128529801324503	-0.885721854304636	-56.8770860927152	56.1835761589404	87.5843708609272				1.10802649006623	0.323496688741722	0.597933774834437	-83.4882119205298	-8.90807947019868	-34.7774834437086				0.191788079470199	0.0651655629139073	-1.09223841059603	-36.3796026490066	30.1176158940397	110.685298013245			
74	1760	0.727841059602649	0.402754966887417	0.232476821192053	-77.5266225165563	36.5353642384106	45.5750993377484				1.28095364238411	0.159788079470199	0.221139072847682	-117.166092715232	-55.6921854304636	-3.94596026490066				1.62182781456954	1.53472847682119	0.26405298013245	-3.63258278145695	9.38649006622517	20.7997350993378				0.624529801324503	-0.304529801324503	-0.869721854304636	-42.5970860927152	51.1435761589404	77.7843708609272				1.10802649006623	0.163496688741722	0.453933774834437	-55.7682119205298	-13.1080794701987	-24.4174834437086				0.383788079470199	-0.0148344370860927	-1.06023841059603	-41.9796026490066	47.7576158940397	112.085298013245			
75	1780	0.983841059602649	0.178754966887417	0.360476821192053	-74.4466225165563	88.0553642384106	56.7750993377484				1.13695364238411	0.399788079470199	0.493139072847682	-109.886092715232	1.14781456953642	-20.4659602649007				0.837827814569536	0.174728476821192	-0.24794701986755	138.887417218543	-20.2935099337748	49.3597350993378				0.368529801324503	-0.304529801324503	-0.757721854304636	-58.2770860927152	43.0235761589404	71.3443708609272				0.948026490066225	0.0994966887417219	0.325933774834437	-94.1282119205298	-15.0680794701987	-30.5774834437086				0.479788079470199	-0.0788344370860927	-0.980238410596026	-61.8596026490066	63.4376158940397	121.325298013245			
76	1800	1.14384105960265	-0.0132450331125828	0.344476821192053	-84.2466225165563	134.815364238411	64.8950993377483				0.864953642384106	0.463788079470199	0.301139072847682	-89.4460927152318	-22.3721854304636	-24.9459602649007				0.533827814569536	-0.673271523178808	-0.10394701986755	50.6874172185431	3.50649006622517	70.3597350993378				0.352529801324503	-0.240529801324503	-0.837721854304636	-53.7970860927152	56.1835761589404	76.3843708609272				0.804026490066225	0.243496688741722	0.453933774834437	-104.48821192053	-11.9880794701987	-39.5374834437086				0.463788079470199	0.145165562913907	-0.868238410596026	-59.3396026490066	61.7576158940397	111.245298013245			
77	1820	1.14384105960265	0.0507549668874172	0.296476821192053	-132.966622516556	160.015364238411	73.8550993377483				0.960953642384106	0.239788079470199	0.301139072847682	-84.4060927152318	7.02781456953642	-28.5859602649007				0.997827814569536	-0.561271523178808	-0.19994701986755	-83.712582781457	29.2664900662252	65.5997350993378				0.576529801324503	-0.256529801324503	-0.805721854304636	-36.1570860927152	66.5435761589404	74.4243708609272				0.884026490066225	0.243496688741722	0.437933774834437	-126.60821192053	8.73192052980133	-51.8574834437086				0.415788079470199	0.241165562913907	-0.868238410596026	-32.1796026490066	44.1176158940397	89.125298013245			
78	1840	1.14384105960265	0.306754966887417	0.280476821192053	-223.406622516556	119.695364238411	56.2150993377484				0.896953642384106	0.175788079470199	0.285139072847682	-97.0060927152318	-19.0121854304636	-35.0259602649007				1.30182781456954	0.0147284768211921	0.0720529801324504	-174.432582781457	37.9464900662252	70.6397350993378				0.608529801324503	-0.480529801324503	-0.869721854304636	-29.1570860927152	62.0635761589404	64.9043708609272				0.900026490066225	0.211496688741722	0.341933774834437	-115.68821192053	16.2919205298013	-58.5774834437086				0.367788079470199	0.0491655629139073	-0.964238410596026	-40.8596026490066	24.7976158940397	82.125298013245			
79	1860	1.12784105960265	1.29875496688742	-0.775523178807947	-202.686622516556	46.3353642384106	28.4950993377483				0.688953642384106	0.159788079470199	0.0931390728476822	-107.926092715232	-13.4121854304636	-27.1859602649007				1.02982781456954	0.286728476821192	0.0400529801324504	-205.232582781457	21.7064900662252	80.4397350993378				0.496529801324503	-0.544529801324503	-0.789721854304636	-61.3570860927152	48.3435761589404	68.5443708609272				0.804026490066225	0.163496688741722	0.149933774834437	-124.64821192053	-2.74807947019868	-60.5374834437086				0.367788079470199	0.113165562913907	-1.02823841059603	-51.7796026490066	-0.402384105960265	84.645298013245			
80	1880	1.70384105960265	0.914754966887417	-1.86352317880795	-120.926622516556	-29.8246357615894	52.2950993377484				0.704953642384106	-0.128211920529801	0.0131390728476822	-145.446092715232	21.3078145695364	-8.14596026490066				0.773827814569536	0.446728476821192	-0.0399470198675496	-202.152582781457	13.5864900662252	82.9597350993377				0.432529801324503	-0.352529801324503	-0.837721854304636	-93.5570860927152	15.0235761589404	89.5443708609272				0.948026490066225	0.131496688741722	0.325933774834437	-120.44821192053	-10.8680794701987	-55.4974834437086				0.111788079470199	0.177165562913907	-1.12423841059603	-54.8596026490066	1.55761589403974	81.565298013245			
81	1900	1.73584105960265	0.386754966887417	-0.135523178807947	-36.6466225165563	-49.7046357615894	75.8150993377484				1.39295364238411	-0.592211920529801	0.221139072847682	-178.766092715232	80.6678145695364	1.09403973509934				0.981827814569536	0.414728476821192	-0.29594701986755	-144.192582781457	31.2264900662252	64.1997350993378				0.496529801324503	-0.384529801324503	-0.757721854304636	-95.7970860927152	6.9035761589404	94.0243708609272				1.02802649006623	-0.0765033112582781	0.405933774834437	-91.3282119205298	6.77192052980133	-36.1774834437086				-0.0642119205298013	0.0811655629139073	-1.33223841059603	-38.6196026490066	19.1976158940397	62.805298013245			
82	1920	0.487841059602649	-0.573245033112583	-0.375523178807947	-34.9666225165563	-35.7046357615894	19.5350993377483				1.42495364238411	0.0317880794701987	0.285139072847682	-126.686092715232	9.54781456953642	-21.5859602649007				1.06182781456954	-0.177271523178808	-0.95194701986755	-118.432582781457	25.0664900662252	49.6397350993377				0.576529801324503	-0.480529801324503	-0.453721854304636	-80.3970860927152	22.3035761589404	78.0643708609272				1.02802649006623	-0.0125033112582781	0.0539337748344371	-115.12821192053	39.5319205298013	-30.8574834437086				0.0637880794701987	-0.126834437086093	-1.06023841059603	37.2603973509934	6.87761589403974	81.005298013245			
83	1940	0.247841059602649	-0.509245033112583	0.104476821192053	5.07337748344371	-27.0246357615894	-0.0649006622516557				0.784953642384106	0.143788079470199	-0.594860927152318	-118.006092715232	-87.8921854304636	-6.46596026490066				1.06182781456954	-0.369271523178808	-1.17594701986755	-71.672582781457	-7.41350993377483	45.9997350993377				0	0	0	0	0	0				0	0	0	0	0	0				0	0	0	0	0	0			
84	1960	1.06384105960265	-0.765245033112583	-0.151523178807947	-98.5266225165563	5.7353642384106	14.7750993377483				0	0	0	0	0	0				0	0	0	0	0	0				0	0	0	0	0	0				0	0	0	0	0	0				0	0	0	0	0	0			
85	2100	0	0	0	0	0	0				0.896953642384106	-0.0322119205298013	0.0611390728476822	-3.76609271523179	-13.4121854304636	3.05403973509934				0.501827814569536	0.334728476821192	0.58405298013245	-102.192582781457	109.626490066225	-20.6402649006623				0	0	0	0	0	0				0	0	0	0	0	0				0	0	0	0	0	0			
86	2120	0.855841059602649	-0.109245033112583	-0.279523178807947	34.7533774834437	-4.0646357615894	-3.98490066225166				0.752953642384106	-0.0482119205298013	0.0291390728476822	3.23390728476821	-11.1721854304636	1.93403973509934				0.885827814569536	0.574728476821192	-0.21594701986755	-88.752582781457	158.066490066225	4.55973509933775				0.640529801324503	-0.304529801324503	-0.613721854304636	-11.2370860927152	-1.7764238410596	20.9443708609272				0.836026490066225	-0.0125033112582781	0.229933774834437	-7.3282119205298	-8.90807947019868	7.50251655629139				0.0477880794701987	-0.158834437086093	-0.900238410596026	-19.2996026490066	9.95761589403974	22.485298013245			
87	2140	1.01584105960265	-0.349245033112583	-0.311523178807947	27.7533774834437	-9.94463576158941	-2.30490066225166				0.896953642384106	-0.0962119205298013	0.0771390728476822	8.83390728476821	23.2678145695364	12.0140397350993				2.02182781456954	1.55072847682119	-1.99194701986755	90.4474172185431	-24.4935099337748	-42.2002649006623				0.480529801324503	-0.368529801324503	-0.965721854304636	-4.23708609271523	-4.0164238410596	27.3843708609272				1.09202649006623	0.00349668874172187	0.549933774834437	-8.7282119205298	-12.2680794701987	7.22251655629139				0.143788079470199	-0.174834437086093	-0.996238410596026	-22.9396026490066	7.99761589403974	10.165298013245			
88	2160	1.14384105960265	-0.173245033112583	0.168476821192053	15.4333774834437	2.9353642384106	4.69509933774834				1.34495364238411	-0.128211920529801	0.797139072847682	-6.28609271523179	67.5078145695364	2.49403973509934				1.09382781456954	-0.513271523178808	-1.22394701986755	508.767417218543	-72.9335099337748	-31.2802649006623				0.304529801324503	-0.688529801324503	-0.949721854304636	-28.3170860927152	32.9435761589404	6.94437086092715				0.756026490066225	-0.108503311258278	0.0539337748344371	2.1917880794702	4.25192052980133	2.18251655629139				0.447788079470199	0.0331655629139073	-0.980238410596026	8.98039735099338	9.39761589403974	18.845298013245			
89	2180	0.935841059602649	-0.0772450331125828	0.200476821192053	-50.0866225165563	6.0153642384106	-0.0649006622516557				1.05695364238411	0.239788079470199	0.333139072847682	4.91390728476821	-54.8521854304636	2.49403973509934				-0.650172185430464	-1.63327152317881	0.20005298013245	94.6474172185431	33.7464900662252	54.6797350993378				0.448529801324503	-0.320529801324503	-0.533721854304636	-14.0370860927152	11.3835761589404	-3.69562913907285				0.916026490066225	0.0354966887417219	0.341933774834437	2.4717880794702	19.3719205298013	2.18251655629139				0.367788079470199	-0.174834437086093	-0.772238410596026	6.46039735099338	6.03761589403974	28.365298013245			
90	2200	0.823841059602649	0.194754966887417	0.152476821192053	-66.6066225165563	20.5753642384106	2.17509933774834				0.480953642384106	0.0797880794701987	-0.530860927152318	-2.08609271523179	-48.9721854304636	9.77403973509934				0.405827814569536	-0.561271523178808	-0.0239470198675496	-358.672582781457	6.02649006622517	32.5597350993378				0.576529801324503	-0.0325298013245033	-0.821721854304636	-24.1170860927152	-8.4964238410596	10.8643708609272				0.964026490066225	0.163496688741722	0.533933774834437	-18.2482119205298	-8.34807947019868	-5.37748344370861				0.351788079470199	-0.110834437086093	-0.916238410596027	-13.1396026490066	5.47761589403974	13.525298013245			
91	2220	0.839841059602649	0.402754966887417	0.072476821192053	-41.4066225165563	22.5353642384106	5.53509933774834				1.08895364238411	-0.000211920529801304	0.493139072847682	-8.24609271523179	110.347814569536	2.49403973509934				1.47782781456954	0.638728476821192	-0.66394701986755	-146.992582781457	51.9464900662252	16.5997350993378				0.688529801324503	-0.320529801324503	-0.917721854304636	-29.9970860927152	14.1835761589404	10.8643708609272				1.07602649006623	0.211496688741722	0.373933774834437	-36.1682119205298	15.4519205298013	-10.6974834437086				0.207788079470199	0.0171655629139073	-0.996238410596026	5.34039735099338	1.55761589403974	4.56529801324503			
92	2240	0.983841059602649	0.434754966887417	-0.103523178807947	2.83337748344371	28.1353642384106	7.77509933774834				1.47295364238411	-0.000211920529801304	0.621139072847682	-0.966092715231788	-6.13218543046358	7.25403973509934				1.22182781456954	1.51872847682119	0.28005298013245	-29.112582781457	32.9064900662252	-8.32026490066225				0.656529801324503	-0.320529801324503	-0.773721854304636	1.92291390728477	23.7035761589404	10.8643708609272				1.07602649006623	0.147496688741722	0.197933774834437	-5.3682119205298	-1.06807947019868	-3.13748344370861				0.143788079470199	0.0651655629139073	-1.06023841059603	-8.09960264900662	20.0376158940397	12.125298013245			
93	2260	1.12784105960265	0.290754966887417	-0.103523178807947	25.5133774834437	34.5753642384106	1.05509933774834				0.848953642384106	0.0477880794701987	-0.178860927152318	-26.4460927152318	-46.1721854304636	11.7340397350993				0.933827814569536	0.542728476821192	-0.15194701986755	12.047417218543	7.98649006622517	4.27973509933775				0.512529801324503	-0.160529801324503	-0.773721854304636	5.84291390728477	15.0235761589404	5.82437086092715				0.900026490066225	0.0514966887417219	0.325933774834437	12.8317880794702	-4.70807947019868	1.06251655629139				0.239788079470199	-0.0308344370860927	-0.948238410596026	-3.33960264900662	18.9176158940397	12.405298013245			
94	2280	1.04784105960265	0.210754966887417	-0.183523178807947	37.2733774834437	37.0953642384106	-1.18490066225166				0.832953642384106	0.0957880794701987	0.189139072847682	-19.4460927152318	18.5078145695364	1.09403973509934				0.693827814569536	0.174728476821192	-0.53594701986755	65.8074172185431	28.1464900662252	3.43973509933775				0.464529801324503	-0.144529801324503	-0.709721854304636	-8.15708609271523	3.5435761589404	3.02437086092715				0.868026490066225	0.0834966887417219	0.341933774834437	3.3117880794702	-3.02807947019868	1.62251655629139				0.287788079470199	-0.0628344370860927	-0.932238410596026	-3.89960264900662	13.8776158940397	4.00529801324503			
95	2300	0.887841059602649	0.114754966887417	-0.087523178807947	21.5933774834437	34.0153642384106	1.89509933774834				0.816953642384106	0.175788079470199	0.205139072847682	-5.72609271523179	2.54781456953642	-1.70596026490066				0.789827814569536	-0.129271523178808	-0.29594701986755	1.68741721854305	27.3064900662252	5.67973509933775				0.480529801324503	-0.288529801324503	-0.693721854304636	-9.83708609271523	-2.6164238410596	3.86437086092715				0.820026490066225	0.131496688741722	0.245933774834437	-17.6882119205298	5.93192052980133	1.62251655629139				0.287788079470199	0.0171655629139073	-0.916238410596027	7.30039735099338	12.1976158940397	0.0852980132450323			
96	2320	0.887841059602649	0.114754966887417	-0.135523178807947	-8.92662251655629	23.6553642384106	2.73509933774834				0.784953642384106	0.191788079470199	0.173139072847682	11.6339072847682	11.5078145695364	-0.30596026490066				0.901827814569536	-0.0972715231788079	-0.13594701986755	7.00741721854305	25.6264900662252	1.47973509933775				0.448529801324503	-0.272529801324503	-0.661721854304636	1.36291390728477	4.9435761589404	3.86437086092715				0.804026490066225	0.0994966887417219	0.245933774834437	-11.2482119205298	4.25192052980133	1.90251655629139				0.239788079470199	-0.0148344370860927	-0.836238410596026	18.7803973509934	2.11761589403974	-0.754701986754968			
97	2340	0.967841059602649	0.114754966887417	-0.135523178807947	-25.4466225165563	15.5353642384106	2.73509933774834				0.960953642384106	0.111788079470199	0.237139072847682	6.31390728476821	18.7878145695364	1.65403973509934				0.965827814569536	0.0467284768211921	-0.31194701986755	22.407417218543	23.3864900662252	2.59973509933775				0.464529801324503	-0.256529801324503	-0.693721854304636	5.28291390728477	15.3035761589404	3.30437086092715				0.820026490066225	0.0994966887417219	0.325933774834437	-12.9282119205298	2.85192052980133	-2.85748344370861				0.191788079470199	-0.0788344370860927	-0.788238410596027	22.7003973509934	-12.7223841059603	-1.31470198675497			
98	2360	0.967841059602649	0.114754966887417	-0.199523178807947	-13.1266225165563	9.3753642384106	3.01509933774834				0.960953642384106	0.0477880794701987	0.269139072847682	2.67390728476821	12.6278145695364	3.05403973509934				0.965827814569536	0.0147284768211921	-0.42394701986755	-6.15258278145695	14.9864900662252	12.1197350993378				0.544529801324503	-0.256529801324503	-0.725721854304636	6.40291390728477	17.8235761589404	3.30437086092715				0.836026490066225	0.0834966887417219	0.341933774834437	-7.8882119205298	7.61192052980133	-4.53748344370861				0.175788079470199	-0.110834437086093	-0.772238410596026	14.5803973509934	-16.0823841059603	-1.59470198675497			
99	2380	0.951841059602649	0.0827549668874172	-0.183523178807947	3.95337748344371	0.975364238410596	5.25509933774834				0.960953642384106	-0.0162119205298013	0.285139072847682	4.63390728476821	13.4678145695364	4.45403973509934				0.901827814569536	0.110728476821192	-0.24794701986755	-10.352582781457	9.38649006622517	14.6397350993378				0.624529801324503	-0.288529801324503	-0.789721854304636	-4.79708609271523	8.0235761589404	2.46437086092715				0.884026490066225	0.115496688741722	0.325933774834437	-5.0882119205298	12.9319205298013	-4.81748344370861				0.223788079470199	-0.0788344370860927	-0.804238410596027	-4.45960264900662	-4.04238410596027	-1.59470198675497			
100	2400	0.951841059602649	0.0187549668874172	-0.151523178807947	17.1133774834437	0.135364238410596	7.77509933774834				0.976953642384106	-0.0322119205298013	0.269139072847682	9.11390728476821	7.02781456953642	4.17403973509934				0.901827814569536	0.238728476821192	-0.24794701986755	-33.592582781457	14.7064900662252	10.7197350993378				0.624529801324503	-0.304529801324503	-0.789721854304636	-14.5970860927152	2.7035761589404	1.06437086092715				0.916026490066225	0.0994966887417219	0.341933774834437	-0.0482119205298018	9.29192052980133	-3.69748344370861				0.319788079470199	-0.0468344370860927	-0.916238410596027	-17.0596026490066	7.71761589403974	-3.83470198675497			
101	2420	0.983841059602649	-0.0612450331125828	-0.103523178807947	15.4333774834437	1.5353642384106	8.61509933774835				0.944953642384106	-0.0322119205298013	0.173139072847682	2.67390728476821	2.82781456953642	5.01403973509934				0.901827814569536	0.270728476821192	-0.31194701986755	-19.872582781457	10.7864900662252	4.55973509933775				0.560529801324503	-0.288529801324503	-0.725721854304636	-8.99708609271523	4.9435761589404	-0.615629139072848				0.916026490066225	0.0514966887417219	0.357933774834437	6.1117880794702	6.49192052980132	-2.01748344370861				0.383788079470199	-0.0468344370860927	-0.980238410596026	-3.61960264900662	1.83761589403974	-5.79470198675497			
102	2440	0.967841059602649	-0.0612450331125828	-0.087523178807947	-2.76662251655629	-3.7846357615894	5.25509933774834				0.992953642384106	0.0637880794701987	0.157139072847682	-6.28609271523179	11.5078145695364	2.77403973509934				0.949827814569536	0.158728476821192	-0.26394701986755	4.20741721854305	12.4664900662252	-3.56026490066225				0.496529801324503	-0.208529801324503	-0.693721854304636	-9.83708609271523	4.3835761589404	-0.0556291390728476				0.900026490066225	0.0514966887417219	0.405933774834437	4.9917880794702	3.69192052980133	-1.17748344370861				0.351788079470199	-0.0948344370860927	-0.932238410596026	12.9003973509934	-4.88238410596027	-5.51470198675497			
103	2460	0.967841059602649	0.0667549668874172	-0.103523178807947	-19.8466225165563	-4.6246357615894	2.73509933774834				0.992953642384106	0.0477880794701987	0.253139072847682	-3.20609271523179	7.02781456953642	3.61403973509934				0.965827814569536	-0.00127152317880793	-0.21594701986755	8.96741721854305	10.7864900662252	0.91973509933775				0.512529801324503	-0.256529801324503	-0.725721854304636	-10.6770860927152	5.5035761589404	4.70437086092715				0.900026490066225	0.0194966887417219	0.405933774834437	0.511788079470198	0.0519205298013249	1.62251655629139				0.351788079470199	-0.142834437086093	-0.916238410596027	8.70039735099338	-4.32238410596027	-4.95470198675497			
104	2480	0.935841059602649	0.178754966887417	-0.087523178807947	-21.8066225165563	0.695364238410596	2.73509933774834				0.992953642384106	-0.000211920529801304	0.253139072847682	0.433907284768212	7.30781456953642	2.21403973509934				0.965827814569536	-0.0652715231788079	-0.21594701986755	4.76741721854305	6.86649006622517	7.91973509933775				0.608529801324503	-0.320529801324503	-0.741721854304636	-5.63708609271523	8.0235761589404	2.18437086092715				0.916026490066225	0.0514966887417219	0.421933774834437	-5.6482119205298	2.57192052980133	1.62251655629139				0.367788079470199	-0.158834437086093	-0.948238410596026	3.94039735099338	-1.80238410596026	-0.474701986754968			
105	2500	0.967841059602649	0.162754966887417	-0.087523178807947	-10.0466225165563	6.8553642384106	2.73509933774834				1.00895364238411	-0.0322119205298013	0.301139072847682	-1.52609271523179	6.74781456953642	0.81403973509934				0.949827814569536	-0.0492715231788079	-0.21594701986755	-8.67258278145695	5.18649006622517	10.7197350993378				0.624529801324503	-0.272529801324503	-0.725721854304636	-6.47708609271523	7.4635761589404	-0.335629139072848				0.932026490066225	0.0674966887417219	0.389933774834437	-7.8882119205298	5.09192052980133	-0.617483443708608				0.351788079470199	-0.158834437086093	-0.868238410596026	9.82039735099338	-7.40238410596027	5.96529801324503			
106	2520	0.999841059602649	0.0987549668874172	-0.087523178807947	2.55337748344371	7.9753642384106	2.73509933774834				0.976953642384106	-0.0482119205298013	0.269139072847682	-8.80609271523179	-3.61218543046358	0.81403973509934				0.949827814569536	0.0467284768211921	-0.18394701986755	-17.912582781457	6.02649006622517	8.19973509933775				0.608529801324503	-0.240529801324503	-0.693721854304636	-9.83708609271523	-0.9364238410596	1.90437086092715				0.916026490066225	0.0514966887417219	0.389933774834437	-7.8882119205298	0.891920529801325	-0.617483443708608				0.319788079470199	-0.110834437086093	-0.836238410596026	7.30039735099338	-6.56238410596027	8.76529801324503			
107	2540	1.01584105960265	0.0667549668874172	-0.087523178807947	2.83337748344371	2.6553642384106	1.61509933774834				0.976953642384106	-0.0322119205298013	0.237139072847682	-10.4860927152318	1.98781456953642	-0.86596026490066				0.949827814569536	0.126728476821192	-0.19994701986755	-24.352582781457	5.74649006622517	4.83973509933775				0.560529801324503	-0.240529801324503	-0.677721854304636	-9.27708609271523	-3.1764238410596	4.42437086092715				0.868026490066225	0.0514966887417219	0.421933774834437	-5.9282119205298	-2.18807947019868	1.62251655629139				0.287788079470199	-0.110834437086093	-0.868238410596026	2.82039735099338	1.55761589403974	5.40529801324503			
108	2560	0.951841059602649	0.0347549668874172	-0.055523178807947	-3.60662251655629	-5.1846357615894	2.45509933774835				0.960953642384106	-0.000211920529801304	0.285139072847682	-4.04609271523179	0.867814569536424	1.65403973509934				0.933827814569536	0.158728476821192	-0.23194701986755	-16.512582781457	7.42649006622517	3.15973509933775				0.544529801324503	-0.240529801324503	-0.677721854304636	-2.55708609271523	4.3835761589404	8.34437086092715				0.868026490066225	0.0514966887417219	0.421933774834437	-8.1682119205298	-0.228079470198675	2.18251655629139				0.287788079470199	-0.126834437086093	-0.900238410596026	6.46039735099338	5.19761589403974	3.44529801324503			
109	2580	0.935841059602649	0.00275496688741723	-0.023523178807947	-3.04662251655629	-2.9446357615894	2.45509933774835				0.944953642384106	-0.000211920529801304	0.237139072847682	-5.16609271523179	-5.85218543046358	1.93403973509934				0.949827814569536	0.126728476821192	-0.21594701986755	-11.192582781457	6.58649006622517	4.83973509933775				0.544529801324503	-0.240529801324503	-0.661721854304636	2.20291390728477	7.4635761589404	6.94437086092715				0.884026490066225	0.0194966887417219	0.373933774834437	-7.0482119205298	2.57192052980133	2.74251655629139				0.271788079470199	-0.158834437086093	-0.884238410596026	8.14039735099338	3.51761589403974	4.84529801324503			
110	2600	0.967841059602649	-0.0292450331125828	-0.039523178807947	-5.00662251655629	0.695364238410596	1.89509933774834				0.944953642384106	0.0317880794701987	0.253139072847682	-9.92609271523179	1.98781456953642	-0.0259602649006601				0.981827814569536	0.0947284768211921	-0.23194701986755	-7.55258278145695	4.90649006622517	5.95973509933775				0.592529801324503	-0.240529801324503	-0.693721854304636	5.56291390728477	9.7035761589404	4.98437086092715				0.884026490066225	0.0354966887417219	0.357933774834437	-10.4082119205298	4.25192052980133	1.90251655629139				0.271788079470199	-0.142834437086093	-0.884238410596026	4.50039735099338	0.997615894039735	4.84529801324503			
111	2620	0.999841059602649	0.0507549668874172	-0.087523178807947	-10.0466225165563	-0.704635761589404	0.775099337748344				0.944953642384106	0.0157880794701987	0.285139072847682	-10.2060927152318	1.98781456953642	-0.30596026490066				0.965827814569536	0.0627284768211921	-0.23194701986755	-7.55258278145695	0.706490066225167	5.11973509933775				0.640529801324503	-0.272529801324503	-0.725721854304636	1.92291390728477	2.9835761589404	4.98437086092715				0.884026490066225	0.0514966887417219	0.389933774834437	-8.1682119205298	1.73192052980133	1.06251655629139				0.255788079470199	-0.158834437086093	-0.852238410596026	2.26039735099338	0.997615894039735	5.12529801324503			
112	2640	0.983841059602649	0.0987549668874172	-0.087523178807947	-15.6466225165563	-6.0246357615894	1.33509933774834				0.928953642384106	0.0157880794701987	0.237139072847682	-8.24609271523179	-1.37218543046358	1.09403973509934				0.949827814569536	0.0627284768211921	-0.21594701986755	-5.87258278145695	-4.61350993377483	1.75973509933775				0.592529801324503	-0.320529801324503	-0.757721854304636	0.802913907284768	0.4635761589404	6.38437086092715				0.884026490066225	0.0674966887417219	0.405933774834437	-4.2482119205298	-0.228079470198675	1.34251655629139				0.255788079470199	-0.158834437086093	-0.868238410596026	0.300397350993377	0.997615894039735	6.24529801324503			
113	2660	0.967841059602649	0.0987549668874172	-0.055523178807947	-12.8466225165563	-6.8646357615894	-0.624900662251656				0.960953642384106	-0.000211920529801304	0.237139072847682	-5.44609271523179	1.42781456953642	1.93403973509934				0.933827814569536	0.0947284768211921	-0.21594701986755	-5.59258278145695	-4.61350993377483	0.91973509933775				0.576529801324503	-0.288529801324503	-0.693721854304636	-1.99708609271523	-3.1764238410596	5.54437086092715				0.900026490066225	0.0194966887417219	0.373933774834437	-0.608211920529802	0.891920529801325	2.46251655629139				0.287788079470199	-0.158834437086093	-0.884238410596026	-4.45960264900662	0.437615894039735	7.08529801324503			
114	2680	0.983841059602649	0.0667549668874172	-0.071523178807947	-5.28662251655629	-7.4246357615894	-2.30490066225166				0.992953642384106	-0.000211920529801304	0.269139072847682	-2.92609271523179	1.14781456953642	0.81403973509934				0.965827814569536	0.110728476821192	-0.21594701986755	-7.55258278145695	-4.33350993377483	1.75973509933775				0.544529801324503	-0.256529801324503	-0.677721854304636	3.04291390728477	-1.7764238410596	7.22437086092715				0.900026490066225	0.0354966887417219	0.373933774834437	-3.4082119205298	0.891920529801325	1.90251655629139				0.287788079470199	-0.142834437086093	-0.916238410596027	-4.73960264900662	-1.24238410596026	6.24529801324503			
115	2700	0.983841059602649	0.0667549668874172	-0.071523178807947	1.71337748344371	-7.1446357615894	-0.0649006622516557				0.992953642384106	0.0157880794701987	0.269139072847682	-2.36609271523179	-4.45218543046358	1.37403973509934				0.949827814569536	0.0947284768211921	-0.21594701986755	0.287417218543046	-2.93350993377483	1.47973509933775				0.592529801324503	-0.288529801324503	-0.693721854304636	4.44291390728477	2.9835761589404	8.62437086092715				0.900026490066225	0.0354966887417219	0.389933774834437	-2.8482119205298	-0.508079470198675	2.18251655629139				0.303788079470199	-0.126834437086093	-0.916238410596027	-0.259602649006623	-0.962384105960265	5.12529801324503			
116	2720	0.951841059602649	0.0667549668874172	-0.071523178807947	-0.806622516556291	-8.26463576158941	1.33509933774834				0.976953642384106	-0.000211920529801304	0.237139072847682	-2.64609271523179	-3.89218543046358	1.37403973509934				0.949827814569536	0.0947284768211921	-0.21594701986755	-1.11258278145695	-1.53350993377483	0.91973509933775				0.624529801324503	-0.320529801324503	-0.741721854304636	1.92291390728477	2.1435761589404	8.90437086092715				0.916026490066225	0.0354966887417219	0.405933774834437	-3.1282119205298	-0.508079470198675	2.74251655629139				0.319788079470199	-0.158834437086093	-0.932238410596026	-1.37960264900662	2.95761589403974	4.28529801324503			
117	2740	0.951841059602649	0.0347549668874172	-0.055523178807947	-1.64662251655629	-4.9046357615894	1.89509933774834				0.992953642384106	-0.000211920529801304	0.253139072847682	-5.16609271523179	-3.05218543046358	-0.30596026490066				0.949827814569536	0.0467284768211921	-0.21594701986755	-2.79258278145695	-0.413509933774833	1.75973509933775				0.624529801324503	-0.336529801324503	-0.741721854304636	-2.27708609271523	-1.2164238410596	8.62437086092715				0.932026490066225	0.0194966887417219	0.405933774834437	-3.9682119205298	-0.788079470198675	2.46251655629139				0.303788079470199	-0.174834437086093	-0.900238410596026	3.38039735099338	0.157615894039735	6.24529801324503			
118	2760	0.983841059602649	0.0347549668874172	-0.087523178807947	-4.44662251655629	-3.7846357615894	-0.624900662251656				0.992953642384106	-0.0162119205298013	0.269139072847682	-2.92609271523179	-4.73218543046358	-0.0259602649006601				0.965827814569536	0.0627284768211921	-0.19994701986755	-4.19258278145695	-1.25350993377483	2.03973509933775				0.576529801324503	-0.288529801324503	-0.709721854304636	3.60291390728477	-0.3764238410596	9.18437086092715				0.916026490066225	0.0354966887417219	0.389933774834437	-2.0082119205298	-2.74807947019868	1.34251655629139				0.287788079470199	-0.142834437086093	-0.884238410596026	2.54039735099338	-1.80238410596026	6.52529801324503			
119	2780	0.983841059602649	0.0507549668874172	-0.103523178807947	-5.28662251655629	-5.1846357615894	-1.74490066225166				0.976953642384106	-0.0162119205298013	0.237139072847682	-2.36609271523179	-6.13218543046358	-0.30596026490066				0.949827814569536	0.0467284768211921	-0.21594701986755	0.847417218543046	-2.37350993377483	0.35973509933775				0.576529801324503	-0.272529801324503	-0.693721854304636	6.40291390728477	1.8635761589404	8.06437086092715				0.900026490066225	0.0514966887417219	0.389933774834437	-2.2882119205298	-4.14807947019868	1.62251655629139				0.271788079470199	-0.142834437086093	-0.884238410596026	-2.21960264900662	0.717615894039735	4.28529801324503			
120	2800	0.935841059602649	0.0667549668874172	-0.055523178807947	-4.72662251655629	-0.984635761589404	-0.624900662251656				0.992953642384106	-0.000211920529801304	0.253139072847682	-4.04609271523179	-5.29218543046358	0.25403973509934				0.933827814569536	0.0627284768211921	-0.16794701986755	-2.23258278145695	-0.133509933774833	0.35973509933775				0.560529801324503	-0.288529801324503	-0.709721854304636	2.48291390728477	-1.4964238410596	8.34437086092715				0.900026490066225	0.0354966887417219	0.373933774834437	-4.8082119205298	-3.58807947019868	1.06251655629139				0.271788079470199	-0.142834437086093	-0.900238410596026	-2.21960264900662	1.55761589403974	4.56529801324503			
121	2820	0.951841059602649	0.0507549668874172	-0.023523178807947	-2.20662251655629	4.0553642384106	-0.344900662251656				0.992953642384106	-0.000211920529801304	0.253139072847682	-5.44609271523179	-6.97218543046358	0.81403973509934				0.949827814569536	0.0787284768211921	-0.18394701986755	-7.83258278145695	1.26649006622517	1.75973509933775				0.560529801324503	-0.320529801324503	-0.725721854304636	1.92291390728477	-0.9364238410596	8.90437086092715				0.900026490066225	0.0194966887417219	0.389933774834437	-2.0082119205298	-2.46807947019868	1.34251655629139				0.287788079470199	-0.142834437086093	-0.900238410596026	-0.539602649006623	2.39761589403974	4.56529801324503			
122	2840	0.983841059602649	0.0347549668874172	-0.055523178807947	-1.92662251655629	1.5353642384106	-0.904900662251656				0.976953642384106	-0.000211920529801304	0.253139072847682	-3.20609271523179	-7.81218543046358	-0.30596026490066				0.949827814569536	0.0787284768211921	-0.19994701986755	-6.99258278145695	0.426490066225167	0.63973509933775				0.544529801324503	-0.320529801324503	-0.709721854304636	6.12291390728477	2.9835761589404	8.62437086092715				0.900026490066225	0.0354966887417219	0.357933774834437	-3.9682119205298	0.611920529801325	0.502516556291392				0.271788079470199	-0.142834437086093	-0.916238410596027	2.82039735099338	1.55761589403974	4.56529801324503			
123	2860	0.999841059602649	0.0507549668874172	-0.071523178807947	-1.64662251655629	-2.6646357615894	-1.18490066225166				0.944953642384106	-0.000211920529801304	0.205139072847682	-2.64609271523179	-9.21218543046358	0.25403973509934				0.949827814569536	0.0627284768211921	-0.19994701986755	-0.552582781456954	1.26649006622517	0.0797350993377501				0.560529801324503	-0.320529801324503	-0.693721854304636	4.44291390728477	3.2635761589404	5.82437086092715				0.900026490066225	0.0194966887417219	0.341933774834437	-1.7282119205298	-1.34807947019868	1.62251655629139				0.271788079470199	-0.142834437086093	-0.900238410596026	3.10039735099338	0.997615894039735	3.16529801324503			
124	2880	0.951841059602649	0.0507549668874172	-0.087523178807947	-5.84662251655629	-4.6246357615894	-2.02490066225166				0.960953642384106	-0.000211920529801304	0.237139072847682	-4.04609271523179	-2.77218543046358	0.53403973509934				0.949827814569536	0.0947284768211921	-0.19994701986755	-0.552582781456954	0.706490066225167	-0.20026490066225				0.576529801324503	-0.288529801324503	-0.709721854304636	1.64291390728477	-0.0964238410596001	4.70437086092715				0.900026490066225	0.0354966887417219	0.373933774834437	-3.1282119205298	-2.18807947019868	1.62251655629139				0.271788079470199	-0.158834437086093	-0.884238410596026	1.70039735099338	0.997615894039735	2.32529801324503			
125	2900	0.951841059602649	0.0507549668874172	-0.071523178807947	-3.60662251655629	-1.8246357615894	-2.58490066225166				0.960953642384106	-0.000211920529801304	0.253139072847682	-3.48609271523179	-2.49218543046358	-0.0259602649006601				0.949827814569536	0.0787284768211921	-0.21594701986755	-2.23258278145695	0.146490066225167	0.0797350993377501				0.576529801324503	-0.304529801324503	-0.725721854304636	-0.597086092715232	-3.7364238410596	3.86437086092715				0.900026490066225	0.0354966887417219	0.373933774834437	-5.0882119205298	-2.18807947019868	2.18251655629139				0.255788079470199	-0.142834437086093	-0.884238410596026	1.42039735099338	0.437615894039735	3.72529801324503			
126	2920	0.983841059602649	0.0507549668874172	-0.071523178807947	-1.36662251655629	-1.2646357615894	-2.30490066225166				0.960953642384106	-0.000211920529801304	0.221139072847682	-3.20609271523179	-1.65218543046358	-0.0259602649006601				0.965827814569536	0.0787284768211921	-0.19994701986755	-2.51258278145695	-0.133509933774833	-0.76026490066225				0.576529801324503	-0.336529801324503	-0.709721854304636	2.20291390728477	-2.6164238410596	3.02437086092715				0.916026490066225	0.0194966887417219	0.373933774834437	-1.4482119205298	-1.34807947019868	0.782516556291392				0.271788079470199	-0.142834437086093	-0.884238410596026	3.66039735099338	-0.682384105960265	2.60529801324503			
127	2940	0.983841059602649	0.0667549668874172	-0.071523178807947	-0.806622516556291	-2.9446357615894	-2.30490066225166				0.976953642384106	0.0157880794701987	0.221139072847682	-2.08609271523179	-0.532185430463576	-0.0259602649006601				0.949827814569536	0.0787284768211921	-0.18394701986755	-1.39258278145695	-1.81350993377483	-0.48026490066225				0.560529801324503	-0.336529801324503	-0.725721854304636	2.20291390728477	-0.3764238410596	2.46437086092715				0	0	0	0	0	0				0	0	0	0	0	0			
128	2960	0.951841059602649	0.0667549668874172	-0.055523178807947	-1.92662251655629	-1.8246357615894	-2.02490066225166				0.976953642384106	0.0157880794701987	0.237139072847682	-1.24609271523179	1.42781456953642	1.09403973509934				0.965827814569536	0.0947284768211921	-0.19994701986755	-0.552582781456954	-1.53350993377483	-0.48026490066225				0	0	0	0	0	0				0	0	0	0	0	0				0	0	0	0	0	0			
