No	Time	12-AccX	12-AccY	12-AccZ	12-GyroX	12-GyroY	12-GyroZ	13-AccX	13-AccY	13-AccZ	13-GyroX	13-GyroY	13-GyroZ	14-AccX	14-AccY	14-AccZ	14-GyroX	14-GyroY	14-GyroZ	15-AccX	15-AccY	15-AccZ	15-GyroX	15-GyroY	15-GyroZ	16-AccX	16-AccY	16-AccZ	16-GyroX	16-GyroY	16-GyroZ	17-AccX	17-AccY	17-AccZ	17-GyroX	17-GyroY	17-GyroZ
0	140	0	0	0	0	0	0				0	0	0	0	0	0				0	0	0	0	0	0				0.624529801324503	-0.240529801324503	-0.677721854304636	4.72291390728477	7.1835761589404	-7.05562913907285				0.836026490066225	-0.0605033112582781	0.485933774834437	0.231788079470198	-4.42807947019868	4.14251655629139				0.159788079470199	-0.270834437086093	-0.836238410596026	24.3803973509934	1.83761589403974	-4.95470198675497			
1	160	0	0	0	0	0	0				0	0	0	0	0	0				0	0	0	0	0	0				0.688529801324503	-0.288529801324503	-0.661721854304636	6.40291390728477	2.4235761589404	-2.85562913907285				0.820026490066225	-0.0445033112582781	0.469933774834437	17.5917880794702	-1.34807947019868	10.3025165562914				0.127788079470199	-0.254834437086093	-0.788238410596027	15.7003973509934	-5.16238410596027	-5.23470198675497			
2	180	0.967841059602649	0.00275496688741723	0.040476821192053	10.3933774834437	30.6553642384106	-10.1449006622517				0.848953642384106	-0.0642119205298013	0.0131390728476822	10.7939072847682	-3.61218543046358	-1.98596026490066				0.581827814569536	-0.0332715231788079	0.18405298013245	2.80741721854305	51.9464900662252	-11.9602649006623				0.640529801324503	-0.272529801324503	-0.709721854304636	9.76291390728477	-3.4564238410596	-0.895629139072848				0.836026490066225	-0.0605033112582781	0.469933774834437	24.0317880794702	-3.58807947019868	11.9825165562914				0.191788079470199	-0.286834437086093	-0.804238410596027	-6.13960264900662	-4.04238410596027	-10.554701986755			
3	200	0.967841059602649	0.0187549668874172	0.040476821192053	22.4333774834437	26.7353642384106	-8.46490066225166				0.816953642384106	-0.0482119205298013	0.0611390728476822	22.5539072847682	-5.29218543046358	-7.30596026490066				0.645827814569536	-0.0332715231788079	0.16805298013245	12.047417218543	75.1864900662252	-8.04026490066225				0.592529801324503	-0.320529801324503	-0.693721854304636	12.8429139072848	-1.2164238410596	-6.21562913907285				0.836026490066225	-0.124503311258278	0.469933774834437	31.8717880794702	-11.9880794701987	13.1025165562914				0.191788079470199	-0.270834437086093	-0.852238410596026	-1.09960264900662	-1.52238410596026	-20.914701986755			
4	220	0.967841059602649	0.00275496688741723	0.072476821192053	28.3133774834437	21.4153642384106	-10.1449006622517				0.784953642384106	-0.0482119205298013	0.109139072847682	30.3939072847682	-6.69218543046358	-13.7459602649007				0.869827814569536	-0.0172715231788079	-0.15194701986755	18.2074172185431	79.3864900662252	-3.28026490066225				0.592529801324503	-0.272529801324503	-0.661721854304636	15.0829139072848	-4.8564238410596	-11.2556291390728				0.852026490066225	-0.140503311258278	0.469933774834437	35.5117880794702	-15.0680794701987	13.1025165562914				0.207788079470199	-0.286834437086093	-0.836238410596026	12.9003973509934	-9.36238410596027	-25.394701986755			
5	240	1.01584105960265	-0.0772450331125828	0.056476821192053	25.5133774834437	15.2553642384106	-12.9449006622517				1.04095364238411	0.0317880794701987	0.0931390728476822	26.4739072847682	5.34781456953642	-16.2659602649007				1.90982781456954	0.158728476821192	-0.55194701986755	39.2074172185431	58.6664900662252	-18.6802649006623				0.560529801324503	-0.192529801324503	-0.757721854304636	24.0429139072848	-6.5364238410596	-5.09562913907285				0.996026490066225	-0.0125033112582781	0.597933774834437	35.7917880794702	-33.2680794701987	12.5425165562914				0.207788079470199	-0.382834437086093	-0.868238410596026	3.94039735099338	-7.12238410596027	-30.714701986755			
6	260	1.06384105960265	-0.141245033112583	0.136476821192053	13.4733774834437	10.7753642384106	-16.8649006622517				1.48895364238411	0.175788079470199	0.301139072847682	26.4739072847682	33.3478145695364	-6.46596026490066				1.90982781456954	0.0467284768211921	-0.48794701986755	76.7274172185431	15.8264900662252	-27.3602649006623				0.496529801324503	-0.320529801324503	-0.997721854304636	45.8829139072848	11.1035761589404	-1.45562913907285				1.04402649006623	0.0834966887417219	0.565933774834437	54.5517880794702	-48.6680794701987	16.7425165562914				0.319788079470199	-0.286834437086093	-1.02823841059603	-24.0596026490066	4.35761589403974	-36.034701986755			
7	280	1.04784105960265	-0.0772450331125828	0.296476821192053	15.4333774834437	9.6553642384106	-17.9849006622517				1.12095364238411	0.111788079470199	0.653139072847682	43.5539072847682	47.6278145695364	0.25403973509934				0.677827814569536	-0.241271523178808	-0.34394701986755	40.607417218543	9.66649006622517	-9.44026490066225				0.560529801324503	-0.480529801324503	-1.06172185430464	34.6829139072848	35.1835761589404	-14.8956291390728				0.916026490066225	0.0194966887417219	0.293933774834437	40.2717880794702	17.6919205298013	6.66251655629139				0.415788079470199	-0.0308344370860927	-1.01223841059603	7.02039735099338	6.87761589403974	-24.554701986755			
8	300	0.951841059602649	0.0507549668874172	0.296476821192053	19.0733774834437	-5.1846357615894	-15.1849006622517				0.752953642384106	0.0957880794701987	0.413139072847682	52.2339072847682	7.58781456953643	-4.50596026490066				0.517827814569536	-0.225271523178808	0.0720529801324504	-41.152582781457	23.9464900662252	17.1597350993378				0.544529801324503	-0.352529801324503	-0.869721854304636	7.24291390728477	18.6635761589404	-24.9756291390729				0.788026490066225	0.115496688741722	0.373933774834437	9.1917880794702	42.0519205298013	-10.6974834437086				0.383788079470199	-0.0788344370860927	-0.788238410596027	18.2203973509934	-7.96238410596027	-9.99470198675497			
9	320	0.935841059602649	0.114754966887417	-0.00752317880794696	20.4733774834437	-7.9846357615894	-9.30490066225166				0.752953642384106	0.159788079470199	0.0771390728476822	19.4739072847682	-16.7721854304636	-0.0259602649006601				0.981827814569536	0.110728476821192	-0.0559470198675496	-42.272582781457	32.6264900662252	9.87973509933775				0.544529801324503	-0.128529801324503	-0.821721854304636	-13.1970860927152	-12.1364238410596	-25.2556291390729				0.740026490066225	0.243496688741722	0.453933774834437	24.0317880794702	-36.3480794701987	-0.617483443708608				0.383788079470199	-0.142834437086093	-0.788238410596027	1.70039735099338	-12.4423841059603	-13.074701986755			
10	340	0.967841059602649	0.114754966887417	-0.071523178807947	25.7933774834437	-3.5046357615894	-9.58490066225166				1.04095364238411	-0.000211920529801304	0.285139072847682	8.83390728476821	21.8678145695364	5.29403973509934				1.04582781456954	0.446728476821192	-0.0239470198675496	-4.75258278145695	20.0264900662252	-12.2402649006623				0.496529801324503	-0.0325298013245033	-0.821721854304636	-23.5570860927152	-23.0564238410596	-19.3756291390728				0.852026490066225	0.131496688741722	0.517933774834437	28.5117880794702	-50.0680794701987	3.02251655629139				0.335788079470199	-0.110834437086093	-0.772238410596026	16.5403973509934	-15.2423841059603	-16.994701986755			
11	360	0.999841059602649	0.114754966887417	0.00847682119205304	28.3133774834437	-5.7446357615894	-11.2649006622517				1.10495364238411	0.0477880794701987	0.285139072847682	18.9139072847682	6.18781456953642	7.25403973509934				1.01382781456954	0.398728476821192	-0.00794701986754963	38.647417218543	20.5864900662252	-15.6002649006622				0.464529801324503	-0.0645298013245033	-0.773721854304636	-13.7570860927152	-11.2964238410596	-12.9356291390728				0.900026490066225	0.147496688741722	0.565933774834437	21.2317880794702	-9.18807947019868	-4.25748344370861				0.319788079470199	-0.0468344370860927	-0.804238410596027	0.860397350993377	-7.68238410596027	-16.434701986755			
12	380	1.03184105960265	0.0667549668874172	0.040476821192053	20.4733774834437	-5.7446357615894	-10.9849006622517				0.960953642384106	0.0957880794701987	0.221139072847682	28.4339072847682	-2.77218543046358	8.09403973509934				1.02982781456954	0.110728476821192	-0.0239470198675496	52.927417218543	15.5464900662252	-4.68026490066225				0.464529801324503	-0.0965298013245033	-0.773721854304636	7.24291390728477	2.9835761589404	-8.45562913907285				0.868026490066225	0.163496688741722	0.469933774834437	31.8717880794702	4.25192052980133	-3.41748344370861				0.367788079470199	-0.0468344370860927	-0.884238410596026	-4.73960264900662	3.51761589403974	-17.554701986755			
13	400	1.01584105960265	0.0507549668874172	0.024476821192053	15.1533774834437	-0.704635761589404	-4.82490066225166				0.928953642384106	0.0957880794701987	0.285139072847682	20.5939072847682	5.62781456953642	6.13403973509934				1.06182781456954	-0.0972715231788079	-0.0719470198675496	36.1274172185431	5.74649006622517	1.75973509933775				0.480529801324503	-0.128529801324503	-0.741721854304636	5.56291390728477	2.9835761589404	-7.61562913907285				0.852026490066225	0.0834966887417219	0.421933774834437	25.1517880794702	1.17192052980133	-1.17748344370861				0.415788079470199	-0.110834437086093	-0.884238410596026	2.82039735099338	11.6376158940397	-19.794701986755			
14	420	0.983841059602649	0.0667549668874172	-0.023523178807947	15.7133774834437	-7.4246357615894	-2.30490066225166				0.928953642384106	0.0797880794701987	0.301139072847682	8.83390728476821	5.90781456953642	2.77403973509934				0.965827814569536	-0.129271523178808	-0.0239470198675496	13.727417218543	1.82649006622517	-2.44026490066225				0.496529801324503	-0.144529801324503	-0.757721854304636	-2.83708609271523	-5.9764238410596	-6.21562913907285				0.852026490066225	0.0514966887417219	0.437933774834437	12.8317880794702	-4.14807947019868	-3.13748344370861				0.399788079470199	-0.190834437086093	-0.836238410596026	1.70039735099338	13.8776158940397	-18.954701986755			
15	440	0.935841059602649	0.0507549668874172	0.024476821192053	-0.526622516556291	-9.38463576158941	-3.14490066225166				0.944953642384106	0.0797880794701987	0.269139072847682	1.55390728476821	2.26781456953642	1.93403973509934				0.965827814569536	0.0147284768211921	0.0240529801324504	-5.31258278145695	2.38649006622517	-10.2802649006622				0.464529801324503	-0.128529801324503	-0.805721854304636	-7.31708609271523	-8.4964238410596	-4.81562913907285				0.852026490066225	0.0994966887417219	0.453933774834437	8.9117880794702	-15.3480794701987	-3.41748344370861				0.415788079470199	-0.174834437086093	-0.868238410596026	-6.13960264900662	9.67761589403974	-16.154701986755			
16	460	0.935841059602649	0.0507549668874172	0.104476821192053	-14.8066225165563	-6.8646357615894	-4.54490066225166				0.960953642384106	0.0797880794701987	0.237139072847682	-6.00609271523179	1.42781456953642	-0.0259602649006601				0.997827814569536	0.110728476821192	-0.00794701986754963	-16.232582781457	0.146490066225167	-8.88026490066225				0.432529801324503	-0.144529801324503	-0.821721854304636	-1.43708609271523	-0.6564238410596	-5.37562913907285				0.852026490066225	0.131496688741722	0.469933774834437	12.5517880794702	-14.7880794701987	-3.13748344370861				0.399788079470199	-0.158834437086093	-0.884238410596026	-0.819602649006623	0.717615894039735	-9.71470198675497			
17	480	0.951841059602649	0.114754966887417	0.088476821192053	-14.5266225165563	-3.7846357615894	-6.22490066225166				1.00895364238411	0.0637880794701987	0.269139072847682	-6.84609271523179	4.22781456953642	-0.585960264900661				1.01382781456954	0.158728476821192	-0.0239470198675496	-14.552582781457	-2.09350993377483	-5.24026490066225				0.464529801324503	-0.144529801324503	-0.805721854304636	2.20291390728477	4.3835761589404	-6.21562913907285				0.884026490066225	0.115496688741722	0.453933774834437	9.7517880794702	-6.94807947019868	-5.37748344370861				0.383788079470199	-0.158834437086093	-0.868238410596026	-0.819602649006623	-2.64238410596027	-2.43470198675497			
18	500	0.983841059602649	0.130754966887417	0.056476821192053	-3.88662251655629	-0.984635761589404	-6.78490066225166				0.992953642384106	0.0797880794701987	0.301139072847682	-9.64609271523179	1.70781456953642	-2.54596026490066				0.981827814569536	0.174728476821192	-0.0239470198675496	-9.23258278145695	-3.21350993377483	-3.28026490066225				0.528529801324503	-0.128529801324503	-0.805721854304636	0.802913907284768	3.5435761589404	-5.93562913907285				0.900026490066225	0.115496688741722	0.421933774834437	1.0717880794702	1.45192052980132	-9.01748344370861				0.383788079470199	-0.174834437086093	-0.852238410596026	-5.57960264900662	0.997615894039735	3.44529801324503			
19	520	0.999841059602649	0.146754966887417	0.056476821192053	1.71337748344371	-0.144635761589404	-6.50490066225166				0.960953642384106	0.0797880794701987	0.285139072847682	-17.2060927152318	-2.49218543046358	-5.34596026490066				0.997827814569536	0.0787284768211921	-0.0559470198675496	-6.71258278145695	-4.61350993377483	-3.00026490066225				0.528529801324503	-0.128529801324503	-0.821721854304636	-5.63708609271523	2.1435761589404	-6.77562913907285				0.900026490066225	0.115496688741722	0.421933774834437	-8.1682119205298	3.13192052980133	-9.57748344370861				0.399788079470199	-0.126834437086093	-0.852238410596026	-12.2996026490066	6.87761589403974	6.52529801324503			
20	540	0.999841059602649	0.146754966887417	0.104476821192053	-2.20662251655629	0.135364238410596	-4.54490066225166				0.960953642384106	0.111788079470199	0.285139072847682	-20.8460927152318	-2.77218543046358	-7.58596026490066				0.981827814569536	0.0307284768211921	-0.0399470198675496	-8.11258278145695	-4.33350993377483	-3.56026490066225				0.512529801324503	-0.112529801324503	-0.821721854304636	-7.03708609271523	3.8235761589404	-3.97562913907285				0.884026490066225	0.147496688741722	0.437933774834437	-5.3682119205298	-8.06807947019868	-9.01748344370861				0.383788079470199	-0.110834437086093	-0.868238410596026	-12.0196026490066	8.55761589403974	7.36529801324503			
21	560	0.999841059602649	0.130754966887417	0.136476821192053	-13.9666225165563	-2.9446357615894	-3.14490066225166				0.976953642384106	0.127788079470199	0.301139072847682	-18.0460927152318	-3.89218543046358	-8.70596026490066				0.981827814569536	0.0787284768211921	0.00805298013245037	-16.232582781457	-2.65350993377483	-1.88026490066225				0.480529801324503	-0.128529801324503	-0.805721854304636	-6.19708609271523	6.0635761589404	-0.335629139072848				0.884026490066225	0.195496688741722	0.453933774834437	-2.2882119205298	-13.9480794701987	-7.61748344370861				0.367788079470199	-0.0788344370860927	-0.884238410596026	-9.49960264900662	6.59761589403974	9.60529801324503			
22	580	1.01584105960265	0.114754966887417	0.088476821192053	-19.5666225165563	-6.5846357615894	-5.10490066225166				0.992953642384106	0.159788079470199	0.317139072847682	-13.8460927152318	-6.97218543046358	-7.30596026490066				1.02982781456954	0.110728476821192	-0.00794701986754963	-20.432582781457	-7.13350993377484	2.87973509933775				0.464529801324503	-0.112529801324503	-0.789721854304636	-1.15708609271523	11.1035761589404	1.62437086092715				0.868026490066225	0.211496688741722	0.437933774834437	-6.2082119205298	-7.50807947019868	-8.17748344370861				0.367788079470199	-0.0788344370860927	-0.900238410596026	-6.41960264900662	4.63761589403974	10.725298013245			
23	600	0.999841059602649	0.130754966887417	0.00847682119205304	-20.6866225165563	-10.7846357615894	-5.10490066225166				0.976953642384106	0.143788079470199	0.317139072847682	-9.08609271523179	-10.0521854304636	-6.46596026490066				0.965827814569536	0.110728476821192	-0.0399470198675496	-15.392582781457	-7.13350993377484	1.75973509933775				0.464529801324503	-0.0965298013245033	-0.821721854304636	5.56291390728477	15.0235761589404	3.86437086092715				0.868026490066225	0.211496688741722	0.405933774834437	-14.6082119205298	-1.90807947019868	-9.29748344370861				0.383788079470199	-0.0628344370860927	-0.900238410596026	-11.7396026490066	4.07761589403974	12.685298013245			
24	620	1.03184105960265	0.130754966887417	-0.071523178807947	-15.9266225165563	-18.3446357615894	-4.82490066225166				0.944953642384106	0.175788079470199	0.317139072847682	-6.00609271523179	-14.8121854304636	-6.18596026490066				0.917827814569536	0.158728476821192	0.0400529801324504	-22.672582781457	-2.93350993377483	2.31973509933775				0.496529801324503	-0.0965298013245033	-0.837721854304636	-1.15708609271523	14.1835761589404	9.18437086092715				0.868026490066225	0.227496688741722	0.421933774834437	-20.2082119205298	-1.62807947019868	-11.8174834437086				0.415788079470199	-0.0628344370860927	-0.884238410596026	-14.8196026490066	2.95761589403974	16.325298013245			
25	640	1.06384105960265	0.162754966887417	-0.135523178807947	-10.3266225165563	-29.8246357615894	-3.42490066225166				0.944953642384106	0.207788079470199	0.285139072847682	-4.88609271523179	-19.5721854304636	-5.90596026490066				0.997827814569536	0.174728476821192	-0.00794701986754963	-23.792582781457	-2.65350993377483	6.79973509933775				0.544529801324503	-0.0805298013245033	-0.821721854304636	-9.83708609271523	9.7035761589404	13.3843708609272				0.868026490066225	0.243496688741722	0.405933774834437	-25.8082119205298	-5.54807947019868	-10.9774834437086				0.431788079470199	-0.0468344370860927	-0.868238410596026	-18.7396026490066	1.27761589403974	21.645298013245			
26	660	1.12784105960265	0.210754966887417	-0.183523178807947	-16.2066225165563	-45.7846357615894	-0.0649006622516557				0.960953642384106	0.223788079470199	0.301139072847682	-4.32609271523179	-19.2921854304636	-5.90596026490066				1.04582781456954	0.142728476821192	-0.0559470198675496	-13.712582781457	-7.97350993377484	9.59973509933775				0.512529801324503	-0.0645298013245033	-0.837721854304636	-8.15708609271523	9.7035761589404	17.8643708609272				0.884026490066225	0.275496688741722	0.405933774834437	-27.7682119205298	-11.4280794701987	-12.3774834437086				0.463788079470199	-0.0148344370860927	-0.884238410596026	-19.2996026490066	-3.48238410596027	26.965298013245			
27	680	1.19184105960265	0.242754966887417	-0.295523178807947	-26.2866225165563	-67.0646357615894	1.89509933774834				0.896953642384106	0.175788079470199	0.333139072847682	-4.60609271523179	-17.6121854304636	-5.06596026490066				0.997827814569536	0.142728476821192	0.00805298013245037	-13.152582781457	-15.5335099337748	13.5197350993378				0.496529801324503	-0.0485298013245033	-0.869721854304636	-2.83708609271523	12.5035761589404	22.3443708609272				0.852026490066225	0.291496688741722	0.405933774834437	-25.8082119205298	-17.5880794701987	-12.9374834437086				0.479788079470199	0.0171655629139073	-0.868238410596026	-14.5396026490066	-5.16238410596027	35.085298013245			
28	700	1.11184105960265	0.226754966887417	-0.311523178807947	-31.3266225165563	-89.1846357615894	3.01509933774834				0.832953642384106	0.207788079470199	0.365139072847682	-14.6860927152318	-12.0121854304636	-1.14596026490066				0.997827814569536	0.110728476821192	0.0400529801324504	-20.992582781457	-18.3335099337748	16.8797350993378				0.480529801324503	-0.0805298013245033	-0.901721854304636	-11.5170860927152	14.7435761589404	25.1443708609272				0.804026490066225	0.339496688741722	0.389933774834437	-26.0882119205298	-18.9880794701987	-14.6174834437086				0.479788079470199	0.0331655629139073	-0.788238410596027	-10.3396026490066	-3.20238410596026	47.965298013245			
29	720	0.999841059602649	0.130754966887417	-0.295523178807947	-38.6066225165563	-116.064635761589	2.73509933774834				0.880953642384106	0.159788079470199	0.333139072847682	-30.9260927152318	-12.0121854304636	-3.94596026490066				0.997827814569536	0.174728476821192	0.0240529801324504	-26.312582781457	-28.6935099337748	16.5997350993378				0.480529801324503	-0.0805298013245033	-0.837721854304636	-30.5570860927152	10.5435761589404	27.9443708609272				0.772026490066225	0.307496688741722	0.373933774834437	-28.0482119205298	-20.1080794701987	-16.8574834437086				0.463788079470199	0.0331655629139073	-0.692238410596026	-12.2996026490066	-2.08238410596027	59.165298013245			
30	740	0.999841059602649	-0.0292450331125828	-0.167523178807947	-52.3266225165563	-114.664635761589	8.61509933774835				0.960953642384106	0.175788079470199	0.253139072847682	-46.0460927152318	-15.9321854304636	-6.18596026490066				1.01382781456954	0.222728476821192	0.00805298013245037	-16.792582781457	-36.2535099337748	12.6797350993378				0.400529801324503	-0.0485298013245033	-0.821721854304636	-40.0770860927152	5.5035761589404	33.8243708609272				0.772026490066225	0.259496688741722	0.421933774834437	-24.4082119205298	-24.5880794701987	-17.6974834437086				0.511788079470199	0.0651655629139073	-0.724238410596026	-19.0196026490066	-2.36238410596027	68.405298013245			
31	760	0.855841059602649	-0.0772450331125828	-0.247523178807947	-94.8866225165563	-123.904635761589	17.2950993377483				0.944953642384106	0.191788079470199	0.317139072847682	-62.8460927152318	-7.53218543046358	-1.98596026490066				0.997827814569536	0.174728476821192	0.0400529801324504	-36.112582781457	-42.4135099337748	15.4797350993378				0.320529801324503	-0.000529801324503289	-0.821721854304636	-41.7570860927152	9.9835761589404	44.7443708609272				0.804026490066225	0.243496688741722	0.485933774834437	-33.0882119205298	-24.3080794701987	-20.7774834437086				0.575788079470199	0.0331655629139073	-0.772238410596026	-26.2996026490066	6.03761589403974	70.365298013245			
32	780	0.839841059602649	0.0507549668874172	0.184476821192053	-112.246622516556	-71.8246357615894	23.4550993377483				0.880953642384106	0.159788079470199	0.285139072847682	-75.1660927152318	-18.7321854304636	-3.94596026490066				0.933827814569536	0.110728476821192	-0.0879470198675496	-48.992582781457	-35.9735099337748	19.3997350993378				0.288529801324503	-0.0165298013245033	-0.837721854304636	-38.6770860927152	14.1835761589404	57.0643708609272				0.820026490066225	0.259496688741722	0.453933774834437	-48.2082119205298	-7.22807947019868	-26.6574834437086				0.575788079470199	0.00116556291390731	-0.820238410596026	-34.4196026490066	14.1576158940397	70.925298013245			
33	800	0.679841059602649	-0.0132450331125828	0.264476821192053	-123.726622516556	-82.4646357615894	34.6550993377484				0.976953642384106	0.159788079470199	0.125139072847682	-89.4460927152318	-17.6121854304636	-8.70596026490066				0.901827814569536	0.0467284768211921	0.0880529801324504	-60.752582781457	-37.3735099337748	20.7997350993378				0.352529801324503	-0.0485298013245033	-0.853721854304636	-37.5570860927152	17.2635761589404	71.9043708609272				0.916026490066225	0.243496688741722	0.453933774834437	-56.0482119205298	-4.98807947019868	-29.1774834437086				0.559788079470199	0.00116556291390731	-0.788238410596027	-28.5396026490066	16.1176158940397	75.685298013245			
34	820	0.647841059602649	-0.141245033112583	0.472476821192053	-126.246622516556	-10.7846357615894	47.2550993377484				1.15295364238411	0.255788079470199	0.157139072847682	-107.926092715232	-17.8921854304636	-18.7859602649007				0.933827814569536	0.142728476821192	0.23205298013245	-86.232582781457	-16.6535099337748	27.7997350993378				0.368529801324503	-0.128529801324503	-0.933721854304636	-26.6370860927152	19.5035761589404	90.6643708609272				1.01202649006623	0.259496688741722	0.421933774834437	-68.3682119205298	-21.5080794701987	-30.0174834437086				0.527788079470199	0.0331655629139073	-0.868238410596026	-38.6196026490066	21.7176158940397	77.645298013245			
35	840	0.743841059602649	0.0187549668874172	0.408476821192053	-144.166622516556	20.2953642384106	45.2950993377484				1.08895364238411	0.303788079470199	0.173139072847682	-119.686092715232	-28.2521854304636	-26.3459602649007				1.01382781456954	0.334728476821192	0.0560529801324504	-111.712582781457	-0.973509933774833	35.6397350993377				0.416529801324503	-0.256529801324503	-1.01372185430464	-25.7970860927152	24.8235761589404	102.424370860927				1.02802649006623	0.291496688741722	0.309933774834437	-89.0882119205298	-23.1880794701987	-37.5774834437086				0.495788079470199	0.0331655629139073	-0.980238410596026	-38.8996026490066	30.9576158940397	77.365298013245			
36	860	0.807841059602649	0.0187549668874172	0.312476821192053	-157.886622516556	57.5353642384106	46.1350993377484				0.928953642384106	0.303788079470199	0.269139072847682	-121.366092715232	-27.4121854304636	-33.9059602649007				0.965827814569536	0.254728476821192	-0.0239470198675496	-115.632582781457	-6.85350993377483	47.9597350993377				0.432529801324503	-0.448529801324503	-1.04572185430464	-40.6370860927152	26.5035761589404	108.864370860927				0.980026490066225	0.291496688741722	0.181933774834437	-113.72821192053	-32.1480794701987	-44.8574834437086				0.543788079470199	0.129165562913907	-1.01223841059603	-28.5396026490066	34.8776158940397	93.045298013245			
37	880	0.855841059602649	0.162754966887417	0.152476821192053	-171.046622516556	79.0953642384106	57.8950993377484				0.784953642384106	0.335788079470199	0.253139072847682	-123.606092715232	-43.3721854304636	-35.5859602649007				0.869827814569536	0.238728476821192	-0.0719470198675496	-116.472582781457	-7.41350993377483	54.3997350993378				0.336529801324503	-0.464529801324503	-0.981721854304636	-72.8370860927152	30.1435761589404	116.144370860927				0.820026490066225	0.323496688741722	0.101933774834437	-125.76821192053	-45.3080794701987	-49.3374834437086				0.367788079470199	0.177165562913907	-0.788238410596027	-31.8996026490066	14.7176158940397	116.005298013245			
38	900	0.727841059602649	0.514754966887417	0.248476821192053	-162.366622516556	80.4953642384106	57.0550993377484				0.624953642384106	0.303788079470199	0.109139072847682	-122.486092715232	-51.4921854304636	-29.9859602649007				0.869827814569536	0.238728476821192	-0.16794701986755	-125.992582781457	-17.7735099337748	56.6397350993378				0.256529801324503	-0.336529801324503	-0.837721854304636	-95.7970860927152	23.1435761589404	122.584370860927				0.628026490066225	0.339496688741722	0.0699337748344371	-128.28821192053	-37.1880794701987	-53.5374834437086				0.239788079470199	0.177165562913907	-0.692238410596026	-41.4196026490066	-4.04238410596027	122.445298013245			
39	920	1.59184105960265	0.946754966887417	-0.695523178807947	-195.126622516556	53.0553642384106	43.0550993377484				0.640953642384106	0.239788079470199	0.0771390728476822	-130.046092715232	-25.4521854304636	-24.6659602649007				0.949827814569536	0.334728476821192	-0.26394701986755	-145.592582781457	-32.0535099337748	57.1997350993378				0.192529801324503	-0.0805298013245033	-0.741721854304636	-100.837086092715	10.8235761589404	124.544370860927				0.820026490066225	0.227496688741722	0.309933774834437	-120.72821192053	-24.3080794701987	-53.8174834437086				0.191788079470199	0.0651655629139073	-0.708238410596026	-50.6596026490066	-11.8823841059603	122.725298013245			
40	940	1.78384105960265	0.306754966887417	-0.183523178807947	-100.766622516556	-67.6246357615894	67.6950993377483				1.08895364238411	-0.000211920529801304	0.189139072847682	-161.126092715232	9.54781456953642	-26.6259602649007				0	0	0	0	0	0				0.240529801324503	-0.176529801324503	-0.837721854304636	-80.6770860927152	19.2235761589404	134.064370860927				0	0	0	0	0	0				0	0	0	0	0	0			
41	1100	0	0	0	0	0	0				0	0	0	0	0	0				0	0	0	0	0	0				0.304529801324503	-0.128529801324503	-0.517721854304636	-111.477086092715	7.7435761589404	106.624370860927				0.628026490066225	0.147496688741722	0.149933774834437	-132.48821192053	-22.9080794701987	-46.5374834437086				0.0637880794701987	0.273165562913907	-0.676238410596026	-33.5796026490066	-7.68238410596027	140.925298013245			
42	1120	1.14384105960265	0.226754966887417	-0.887523178807947	-119.246622516556	-67.6246357615894	-40.6649006622517				0.784953642384106	0.271788079470199	-0.0508609271523178	-115.206092715232	-6.41218543046358	-7.30596026490066				0.197827814569536	-0.897271523178808	0.64805298013245	-200.192582781457	18.3464900662252	78.1997350993378				0.272529801324503	-0.0165298013245033	-0.405721854304636	-102.797086092715	5.5035761589404	104.104370860927				0.676026490066225	0.227496688741722	0.117933774834437	-146.20821192053	-9.46807947019868	-47.0974834437086				-0.0482119205298013	0.241165562913907	-0.596238410596026	-32.1796026490066	-2.64238410596027	125.525298013245			
43	1140	0.983841059602649	0.178754966887417	-1.04752317880795	-153.126622516556	-109.064635761589	-65.8649006622517				0.736953642384106	0.191788079470199	0.0771390728476822	-99.5260927152318	-9.49218543046358	-10.1059602649007				0.341827814569536	-0.0972715231788079	1.14405298013245	-260.952582781457	104.586490066225	66.7197350993378				0.288529801324503	-0.0165298013245033	-0.341721854304636	-85.4370860927152	15.3035761589404	102.984370860927				0.628026490066225	0.211496688741722	0.0699337748344371	-138.08821192053	-8.34807947019868	-43.7374834437086				-0.0482119205298013	0.241165562913907	-0.628238410596026	-37.4996026490066	6.59761589403974	113.485298013245			
44	1160	0.791841059602649	0.0827549668874172	-1.17552317880795	-136.886622516556	-152.464635761589	-84.3449006622517				0.592953642384106	0.175788079470199	-0.0988609271523179	-99.8060927152318	-24.0521854304636	-8.42596026490066				0.885827814569536	0.718728476821192	0.66405298013245	-268.232582781457	112.986490066225	69.7997350993378				0.320529801324503	-0.000529801324503289	-0.453721854304636	-48.7570860927152	36.3035761589404	107.184370860927				0.612026490066225	0.243496688741722	0.101933774834437	-128.56821192053	-5.26807947019868	-43.4574834437086				0.0637880794701987	0.225165562913907	-0.644238410596026	-36.6596026490066	-0.962384105960265	105.085298013245			
45	1180	0.743841059602649	0.0347549668874172	-0.935523178807947	-78.0866225165563	-164.784635761589	-78.7449006622517				0.400953642384106	0.159788079470199	-0.0508609271523178	-103.446092715232	-5.85218543046358	1.93403973509934				1.89382781456954	1.16672847682119	-0.99994701986755	-262.632582781457	83.3064900662252	73.7197350993378				0.368529801324503	0.127470198675497	-0.693721854304636	-33.6370860927152	39.3835761589404	106.064370860927				0.692026490066225	0.371496688741722	0.197933774834437	-126.04821192053	-14.7880794701987	-43.4574834437086				0.191788079470199	0.113165562913907	-0.660238410596027	-37.4996026490066	-12.7223841059603	105.085298013245			
46	1200	0.951841059602649	-0.0292450331125828	-0.231523178807947	-78.3666225165563	-148.264635761589	-6.22490066225166				1.18495364238411	0.351788079470199	-0.0188609271523178	-108.486092715232	68.3478145695364	11.4540397350993				2.02182781456954	2.06272847682119	-1.99194701986755	155.407417218543	-183.813509933775	-75.8002649006623				0.400529801324503	-0.0805298013245033	-1.20572185430464	-9.55708609271523	44.4235761589404	114.744370860927				1.15602649006623	0.403496688741722	0.677933774834437	-109.24821192053	-37.7480794701987	-43.4574834437086				0.479788079470199	0.0811655629139073	-0.820238410596026	-89.8596026490066	-9.92238410596027	100.605298013245			
47	1220	1.30384105960265	-1.00524503311258	1.06447682119205	30.5533774834437	-134.264635761589	74.6950993377483				1.47295364238411	0.0637880794701987	0.941139072847682	-149.926092715232	86.5478145695364	8.93403973509934				-0.570172185430464	-1.36127152317881	0.85605298013245	78.687417218543	-69.8535099337748	101.719735099338				0.544529801324503	-0.448529801324503	-1.06172185430464	-52.1170860927152	52.8235761589404	101.024370860927				0.852026490066225	0.147496688741722	0.117933774834437	-119.04821192053	-25.7080794701987	-42.3374834437086				0.671788079470199	0.401165562913907	-1.17223841059603	-79.4996026490066	12.4776158940397	112.645298013245			
48	1240	0.823841059602649	-1.00524503311258	1.19247682119205	-5.28662251655629	-74.6246357615894	95.1350993377483				1.21695364238411	0.367788079470199	0.173139072847682	-133.686092715232	-63.2521854304636	-16.8259602649007				-1.27417218543046	-0.225271523178808	0.37605298013245	-132.432582781457	-72.6535099337748	128.879735099338				0.768529801324503	-0.256529801324503	-0.773721854304636	-81.7970860927152	0.1835761589404	101.304370860927				1.18802649006623	0.435496688741722	0.245933774834437	-163.00821192053	0.611920529801325	-50.1774834437086				0.511788079470199	0.321165562913907	-1.06023841059603	-34.9796026490066	22.8376158940397	123.285298013245			
49	1260	0.519841059602649	-0.0132450331125828	0.696476821192053	-246.646622516556	27.8553642384106	46.4150993377484				0.880953642384106	0.287788079470199	-0.162860927152318	-156.646092715232	-51.7721854304636	-30.5459602649007				0.997827814569536	0.126728476821192	-1.03194701986755	-277.472582781457	36.8264900662252	23.8797350993378				0.768529801324503	-0.160529801324503	-1.10972185430464	-68.3570860927152	-2.3364238410596	112.504370860927				1.23602649006623	0.531496688741722	0.693933774834437	-94.9682119205298	-37.4680794701987	-42.0574834437086				0.367788079470199	0.257165562913907	-1.15623841059603	-39.1796026490066	23.6776158940397	114.045298013245			
50	1280	0.599841059602649	-0.0932450331125828	0.552476821192053	-272.686622516556	74.8953642384106	51.7350993377484				1.50495364238411	0.303788079470199	0.477139072847682	-167.286092715232	75.9078145695364	-33.3459602649007				1.84582781456954	1.50272847682119	0.42405298013245	-210.272582781457	2.38649006622517	14.9197350993378				0.864529801324503	-0.208529801324503	-1.01372185430464	-61.3570860927152	39.3835761589404	113.344370860927				1.20402649006623	0.531496688741722	0.453933774834437	-136.12821192053	-19.5480794701987	-46.8174834437086				0.335788079470199	0.241165562913907	-1.22023841059603	-34.1396026490066	18.9176158940397	116.845298013245			
51	1300	0.759841059602649	-0.0772450331125828	0.728476821192053	-322.806622516556	118.295364238411	75.5350993377483				1.52095364238411	0.447788079470199	0.381139072847682	-118.566092715232	-53.7321854304636	-25.5059602649007				1.36582781456954	0.958728476821192	-0.42394701986755	-187.592582781457	35.7064900662252	31.7197350993378				0.800529801324503	-0.224529801324503	-0.933721854304636	-37.5570860927152	55.0635761589404	106.904370860927				1.23602649006623	0.483496688741722	0.149933774834437	-117.08821192053	-13.9480794701987	-38.9774834437086				0.463788079470199	0.257165562913907	-1.15623841059603	-51.4996026490066	18.0776158940397	127.765298013245			
52	1320	1.03184105960265	0.370754966887417	0.808476821192053	-304.886622516556	174.015364238411	76.3750993377484				0.624953642384106	0.351788079470199	-0.0348609271523178	-103.446092715232	-51.7721854304636	-26.9059602649007				0.677827814569536	0.478728476821192	-0.0719470198675496	-7.27258278145696	-0.693509933774834	61.6797350993378				0.608529801324503	-0.224529801324503	-0.949721854304636	-43.9970860927152	35.1835761589404	92.0643708609272				0.948026490066225	0.163496688741722	0.309933774834437	-76.2082119205298	-28.7880794701987	-38.4174834437086				0.511788079470199	0.209165562913907	-1.01223841059603	-48.9796026490066	-2.92238410596027	129.165298013245			
53	1340	1.39984105960265	1.05875496688742	0.504476821192053	-271.006622516556	206.215364238411	71.6150993377483				0.544953642384106	0.431788079470199	0.173139072847682	-114.926092715232	-8.65218543046358	-45.6659602649007				0.533827814569536	-0.225271523178808	0.00805298013245037	-21.832582781457	0.146490066225167	67.2797350993378				0.448529801324503	-0.320529801324503	-0.789721854304636	-84.8770860927152	8.8635761589404	81.4243708609272				0.628026490066225	0.195496688741722	0.325933774834437	-128.56821192053	-41.1080794701987	-58.8574834437086				0.431788079470199	0.225165562913907	-0.756238410596026	-31.3396026490066	-29.8023841059603	121.885298013245			
54	1360	1.39984105960265	1.84275496688742	-0.263523178807947	-252.806622516556	148.535364238411	41.6550993377484				0.800953642384106	0.287788079470199	0.285139072847682	-133.966092715232	2.54781456953642	-42.3059602649007				0.917827814569536	-0.129271523178808	-0.13594701986755	-66.072582781457	2.94649006622517	68.6797350993377				0.256529801324503	-0.368529801324503	-0.709721854304636	-107.277086092715	-10.4564238410596	88.4243708609272				0.548026490066225	0.291496688741722	0.245933774834437	-151.80821192053	-27.3880794701987	-62.2174834437086				0.287788079470199	0.257165562913907	-0.532238410596027	-36.9396026490066	-41.0023841059603	114.045298013245			
55	1380	1.12784105960265	2.05075496688742	-0.695523178807947	-275.766622516556	12.1753642384106	15.6150993377483				0.800953642384106	-0.000211920529801304	0.109139072847682	-149.086092715232	-17.3321854304636	-30.2659602649007				1.12582781456954	0.222728476821192	-0.0559470198675496	-122.072582781457	16.1064900662252	69.7997350993378				0.112529801324503	-0.240529801324503	-0.709721854304636	-98.5970860927152	-7.6564238410596	100.464370860927				0.740026490066225	0.179496688741722	0.325933774834437	-125.20821192053	-34.1080794701987	-56.6174834437086				0.175788079470199	0.241165562913907	-0.628238410596026	-68.5796026490066	-31.7623841059603	106.765298013245			
56	1400	0.583841059602649	0.866754966887417	0.664476821192053	35.0333774834437	17.2153642384106	34.6550993377484				0.784953642384106	-0.0642119205298013	0.0291390728476822	-159.446092715232	18.2278145695364	-22.4259602649007				0.933827814569536	0.0147284768211921	-0.21594701986755	-100.512582781457	8.82649006622517	76.7997350993378				0.208529801324503	-0.272529801324503	-0.629721854304636	-84.8770860927152	17.5435761589404	109.424370860927				0.804026490066225	0.147496688741722	0.181933774834437	-133.88821192053	-26.8280794701987	-54.6574834437086				0.0797880794701987	0.273165562913907	-0.820238410596026	-64.6596026490066	-14.6823841059603	93.325298013245			
57	1420	1.97584105960265	-0.829245033112583	-1.36752317880795	224.033377483444	3.4953642384106	79.4550993377484				0.944953642384106	0.0957880794701987	0.173139072847682	-131.446092715232	59.3878145695364	-13.7459602649007				0.613827814569536	0.174728476821192	-0.48794701986755	-141.112582781457	14.9864900662252	65.8797350993378				0.432529801324503	-0.144529801324503	-0.661721854304636	-67.5170860927152	25.6635761589404	121.744370860927				1.09202649006623	0.179496688741722	0.389933774834437	-129.68821192053	-18.7080794701987	-52.6974834437086				-0.0162119205298013	0.0811655629139073	-1.07623841059603	-53.7396026490066	2.39761589403974	82.965298013245			
58	1440	2.02384105960265	-2.02924503311258	-0.983523178807947	-55.9666225165563	-49.4246357615894	99.0550993377483				1.74495364238411	-0.240211920529801	0.573139072847682	-146.846092715232	62.4678145695364	-17.1059602649007				1.73382781456954	0.0947284768211921	-0.72794701986755	-208.312582781457	25.3464900662252	39.8397350993378				0.816529801324503	-0.416529801324503	-0.821721854304636	-23.5570860927152	44.7035761589404	129.024370860927				1.06002649006623	0.0834966887417219	0.501933774834437	-80.6882119205298	-13.9480794701987	-37.0174834437086				-0.112211920529801	-0.0468344370860927	-1.47623841059603	-69.6996026490066	27.5976158940397	64.485298013245			
59	1460	-0.168158940397351	-0.397245033112583	-0.087523178807947	-225.646622516556	-33.7446357615894	-18.5449006622517				1.29695364238411	0.239788079470199	0.525139072847682	-93.0860927152318	-44.7721854304636	-27.1859602649007				1.55782781456954	0.158728476821192	-0.79194701986755	-121.232582781457	-42.1335099337748	23.0397350993378				0.960529801324503	-0.592529801324503	-0.757721854304636	-42.0370860927152	48.3435761589404	100.464370860927				1.06002649006623	0.275496688741722	-0.170066225165563	-162.72821192053	28.8919205298013	-42.6174834437086				0.143788079470199	0.0171655629139073	-1.23623841059603	5.06039735099338	14.4376158940397	89.405298013245			
60	1480	0.439841059602649	-0.317245033112583	1.16047682119205	-27.1266225165563	-13.5846357615894	-9.58490066225166				0.832953642384106	-0.176211920529801	-0.738860927152318	-52.2060927152318	-71.9321854304636	-6.74596026490066				1.04582781456954	-0.225271523178808	-0.85594701986755	48.4474172185431	-99.5335099337748	19.9597350993378				0.832529801324503	-0.368529801324503	-0.773721854304636	-44.8370860927152	21.7435761589404	81.1443708609272				1.01202649006623	0.0514966887417219	0.325933774834437	-69.2082119205298	14.6119205298013	-31.9774834437086				0.127788079470199	-0.142834437086093	-0.948238410596026	-14.5396026490066	-35.6823841059603	109.285298013245			
61	1500	0.951841059602649	-0.141245033112583	-0.647523178807947	-117.846622516556	-19.4646357615894	53.9750993377484				0.848953642384106	-0.960211920529801	-0.242860927152318	-117.446092715232	2.26781456953642	15.6540397350993				0.469827814569536	-0.449271523178808	-0.63194701986755	-78.672582781457	-103.453509933775	16.0397350993378				0.592529801324503	-0.224529801324503	-0.725721854304636	-70.3170860927152	15.3035761589404	70.2243708609272				1.09202649006623	-0.204503311258278	0.629933774834437	-28.8882119205298	-17.3080794701987	-22.4574834437086				0.207788079470199	-0.174834437086093	-1.18823841059603	-20.9796026490066	-41.2823841059603	83.805298013245			
62	1520	1.22384105960265	-0.189245033112583	-0.103523178807947	-114.486622516556	36.8153642384106	49.4950993377484				1.26495364238411	-0.208211920529801	0.445139072847682	-104.006092715232	39.5078145695364	3.33403973509934				0.229827814569536	-0.449271523178808	-0.56794701986755	-237.432582781457	-90.0135099337748	19.1197350993378				0.432529801324503	-0.352529801324503	-0.597721854304636	-74.5170860927152	2.7035761589404	57.3443708609272				1.15602649006623	-0.124503311258278	0.421933774834437	-111.76821192053	-0.788079470198675	-19.9374834437086				0.143788079470199	-0.0788344370860927	-1.17223841059603	-4.45960264900662	8.27761589403974	58.325298013245			
63	1540	1.30384105960265	0.370754966887417	0.168476821192053	-46.4466225165563	36.2553642384106	0.495099337748344				1.10495364238411	-0.000211920529801304	-0.146860927152318	-79.0860927152318	-23.4921854304636	-9.54596026490066				0.581827814569536	-0.241271523178808	-0.29594701986755	-216.712582781457	-27.5735099337748	17.9997350993378				0.464529801324503	-0.432529801324503	-0.677721854304636	-31.9570860927152	13.6235761589404	58.4643708609272				1.07602649006623	0.0674966887417219	0.0859337748344371	-106.44821192053	-9.46807947019868	-12.6574834437086				0.111788079470199	-0.0148344370860927	-0.980238410596026	-28.2596026490066	38.7976158940397	59.165298013245			
64	1560	0.871841059602649	0.498754966887417	-0.039523178807947	-59.0466225165563	-5.4646357615894	-14.0649006622517				0.992953642384106	0.0797880794701987	-0.114860927152318	-90.8460927152318	-18.1721854304636	-13.1859602649007				0.805827814569536	-0.129271523178808	-0.29594701986755	-187.872582781457	23.6664900662252	14.6397350993378				0.496529801324503	-0.336529801324503	-0.709721854304636	1.08291390728477	37.7035761589404	66.8643708609272				0.916026490066225	0.115496688741722	0.181933774834437	-69.2082119205298	-17.0280794701987	-5.65748344370861				0.0317880794701987	-0.0788344370860927	-0.980238410596026	-1.65960264900662	5.19761589403974	62.805298013245			
65	1580	0.823841059602649	0.130754966887417	-0.00752317880794696	-55.4066225165563	15.8153642384106	3.85509933774834				0.848953642384106	0.127788079470199	-0.178860927152318	-93.6460927152318	1.70781456953642	-9.26596026490066				0.645827814569536	-0.401271523178808	0.50405298013245	-16.232582781457	16.1064900662252	6.23973509933775				0.496529801324503	-0.272529801324503	-0.693721854304636	2.20291390728477	39.6635761589404	66.0243708609272				0.932026490066225	0.00349668874172187	0.293933774834437	-57.1682119205298	-18.4280794701987	-0.897483443708608				-0.0162119205298013	-0.174834437086093	-0.932238410596026	18.5003973509934	-11.0423841059603	59.445298013245			
66	1600	0.951841059602649	-0.0932450331125828	0.040476821192053	-14.5266225165563	24.4953642384106	14.4950993377483				0.992953642384106	0.207788079470199	0.0451390728476822	-62.2860927152318	17.9478145695364	-5.34596026490066				0.277827814569536	0.174728476821192	0.80805298013245	-85.952582781457	67.9064900662252	38.7197350993378				0.512529801324503	-0.368529801324503	-0.725721854304636	-2.83708609271523	27.0635761589404	55.6643708609272				0.916026490066225	0.0514966887417219	0.197933774834437	-63.3282119205298	-20.6680794701987	-2.29748344370861				-0.0802119205298013	-0.158834437086093	-0.916238410596027	7.58039735099338	1.27761589403974	56.085298013245			
67	1620	0.983841059602649	-0.189245033112583	-0.119523178807947	4.79337748344371	30.6553642384106	14.7750993377483				1.07295364238411	0.0957880794701987	0.157139072847682	-37.6460927152318	10.6678145695364	-9.54596026490066				0.613827814569536	0.302728476821192	0.31205298013245	-162.392582781457	98.4264900662252	44.5997350993377				0.560529801324503	-0.384529801324503	-0.789721854304636	-4.51708609271523	20.9035761589404	39.4243708609272				0.900026490066225	0.0994966887417219	0.181933774834437	-61.0882119205298	-7.22807947019868	-6.49748344370861				-0.0962119205298013	-0.0948344370860927	-0.820238410596026	0.860397350993377	-1.80238410596026	53.565298013245			
68	1640	0.887841059602649	-0.285245033112583	-0.215523178807947	-12.2866225165563	27.5753642384106	10.2950993377483				0.960953642384106	-0.0162119205298013	0.0611390728476822	-36.2460927152318	-13.9721854304636	-8.98596026490066				1.07782781456954	0.526728476821192	0.0240529801324504	-121.512582781457	142.946490066225	32.2797350993377				0.560529801324503	-0.384529801324503	-0.837721854304636	-1.15708609271523	23.7035761589404	27.3843708609272				0.900026490066225	0.147496688741722	0.197933774834437	-50.4482119205298	2.57192052980133	-8.73748344370861				-0.0322119205298013	-0.0148344370860927	-0.772238410596026	-13.4196026490066	-0.122384105960265	44.325298013245			
69	1660	0.919841059602649	-0.253245033112583	-0.071523178807947	-22.9266225165563	35.6953642384106	1.33509933774834				0.912953642384106	-0.000211920529801304	0.0611390728476822	-27.2860927152318	-10.6121854304636	-8.14596026490066				1.26982781456954	0.510728476821192	-0.32794701986755	-42.272582781457	151.346490066225	17.7197350993378				0.576529801324503	-0.352529801324503	-0.757721854304636	-13.7570860927152	20.9035761589404	18.7043708609272				0.868026490066225	0.0834966887417219	0.245933774834437	-28.6082119205298	5.65192052980133	-6.21748344370861				0.0477880794701987	0.0331655629139073	-0.852238410596026	-24.0596026490066	11.9176158940397	32.285298013245			
70	1680	0.935841059602649	-0.173245033112583	0.00847682119205304	-34.1266225165563	41.2953642384106	-3.14490066225166				0.912953642384106	0.111788079470199	0.141139072847682	-19.1660927152318	-4.45218543046358	-2.26596026490066				2.00582781456954	0.958728476821192	-1.87994701986755	55.1674172185431	70.9864900662252	-10.8402649006623				0.560529801324503	-0.208529801324503	-0.789721854304636	-20.4770860927152	10.5435761589404	22.0643708609272				1.12402649006623	0.179496688741722	0.501933774834437	-25.2482119205298	-1.90807947019868	-5.37748344370861				0.159788079470199	-0.0948344370860927	-1.01223841059603	-30.4996026490066	20.8776158940397	20.245298013245			
71	1700	1.19184105960265	0.00275496688741723	0.216476821192053	-52.6066225165563	42.1353642384106	-0.624900662251656				1.44095364238411	0.271788079470199	0.237139072847682	-13.0060927152318	38.9478145695364	11.7340397350993				1.74982781456954	0.190728476821192	-1.35194701986755	277.487417218543	-16.0935099337748	-38.5602649006623				0.496529801324503	-0.496529801324503	-1.07772185430464	8.64291390728477	32.3835761589404	28.2243708609272				0.980026490066225	0.131496688741722	0.309933774834437	-19.9282119205298	-7.22807947019868	-8.45748344370861				0.383788079470199	0.0651655629139073	-1.17223841059603	-35.2596026490066	27.8776158940397	16.325298013245			
72	1720	0.983841059602649	0.338754966887417	0.424476821192053	-58.2066225165563	35.9753642384106	-7.62490066225166				1.02495364238411	0.0957880794701987	0.829139072847682	-21.9660927152318	64.9878145695364	7.25403973509934				-0.586172185430464	-1.37727152317881	-0.13594701986755	-37.512582781457	50.2664900662252	44.3197350993377				0.448529801324503	-0.448529801324503	-0.853721854304636	-15.7170860927152	36.0235761589404	13.3843708609272				0.644026490066225	0.259496688741722	-0.0580662251655629	-49.0482119205298	4.25192052980133	-14.0574834437086				0.335788079470199	0.209165562913907	-0.884238410596026	22.1403973509934	0.717615894039735	39.565298013245			
73	1740	0.775841059602649	0.498754966887417	0.072476821192053	-62.4066225165563	30.6553642384106	-11.5449006622517				0.736953642384106	0.351788079470199	0.0291390728476822	-6.84609271523179	-79.7721854304636	3.61403973509934				-0.0581721854304636	-0.401271523178808	-0.29594701986755	-226.512582781457	33.4664900662252	62.2397350993378				0.496529801324503	0.0314701986754967	-0.565721854304636	-41.4770860927152	-5.1364238410596	9.46437086092715				0.756026490066225	0.323496688741722	0.325933774834437	-19.9282119205298	24.6919205298013	-11.8174834437086				0.239788079470199	0.0811655629139073	-0.676238410596026	-4.45960264900662	-20.5623841059603	43.485298013245			
74	1760	0.727841059602649	0.594754966887417	-0.231523178807947	-34.6866225165563	38.7753642384106	-9.86490066225166				0.464953642384106	0.159788079470199	-0.514860927152318	-10.4860927152318	-55.9721854304636	7.25403973509934				1.09382781456954	0.478728476821192	-0.16794701986755	-225.952582781457	75.7464900662252	34.5197350993378				0.528529801324503	0.127470198675497	-0.581721854304636	-32.7970860927152	-11.5764238410596	25.4243708609272				0.852026490066225	0.259496688741722	0.517933774834437	-18.5282119205298	-16.4680794701987	-10.1374834437086				0.175788079470199	0.0331655629139073	-0.788238410596027	0.0203973509933773	-17.4823841059603	28.645298013245			
75	1780	0.935841059602649	0.530754966887417	-0.135523178807947	28.5933774834437	43.8153642384106	2.45509933774835				1.08895364238411	-0.0962119205298013	0.0931390728476822	-25.8860927152318	94.3878145695364	3.33403973509934				1.31782781456954	1.16672847682119	-0.11994701986755	4.48741721854305	44.3864900662252	-9.72026490066225				0.560529801324503	-0.0165298013245033	-0.709721854304636	-37.5570860927152	1.0235761589404	33.5443708609272				0.900026490066225	0.275496688741722	0.373933774834437	-28.3282119205298	8.17192052980133	-8.17748344370861				0.143788079470199	0.129165562913907	-0.868238410596026	-13.6996026490066	5.19761589403974	25.285298013245			
76	1800	1.14384105960265	0.178754966887417	-0.071523178807947	63.5933774834437	22.2553642384106	19.2550993377483				1.26495364238411	0.175788079470199	0.525139072847682	-5.72609271523179	7.86781456953642	-0.0259602649006601				1.09382781456954	0.782728476821192	-0.0879470198675496	63.2874172185431	19.1864900662252	-15.3202649006623				0.544529801324503	-0.208529801324503	-0.741721854304636	16.2029139072848	22.0235761589404	30.7443708609272				1.01202649006623	0.227496688741722	0.245933774834437	-4.5282119205298	-10.5880794701987	1.90251655629139				0.175788079470199	0.113165562913907	-0.932238410596026	-21.8196026490066	17.2376158940397	24.445298013245			
77	1820	1.17584105960265	-0.205245033112583	-0.311523178807947	64.9933774834437	6.2953642384106	22.6150993377483				0.832953642384106	0.127788079470199	0.0131390728476822	0.993907284768212	-45.3321854304636	3.33403973509934				0.741827814569536	0.206728476821192	-0.47194701986755	40.3274172185431	-13.2935099337748	10.4397350993378				0.496529801324503	-0.272529801324503	-0.805721854304636	35.8029139072848	32.6635761589404	28.5043708609272				0.932026490066225	0.115496688741722	0.261933774834437	5.5517880794702	-17.0280794701987	2.18251655629139				0.239788079470199	0.0171655629139073	-0.916238410596027	-6.69960264900662	13.3176158940397	17.445298013245			
78	1840	1.20784105960265	-0.253245033112583	-0.327523178807947	17.6733774834437	-7.7046357615894	15.0550993377483				0.832953642384106	0.127788079470199	0.189139072847682	-17.7660927152318	18.5078145695364	-3.10596026490066				0.869827814569536	0.110728476821192	-0.26394701986755	-15.672582781457	34.5864900662252	24.4397350993378				0.560529801324503	-0.272529801324503	-0.805721854304636	-0.597086092715232	12.2235761589404	20.1043708609272				0.820026490066225	0.163496688741722	0.277933774834437	-5.9282119205298	-14.2280794701987	-1.73748344370861				0.303788079470199	-0.0468344370860927	-0.900238410596026	-13.9796026490066	12.4776158940397	16.605298013245			
79	1860	1.01584105960265	-0.0132450331125828	-0.263523178807947	-24.8866225165563	-17.7846357615894	8.89509933774834				0.992953642384106	0.159788079470199	0.317139072847682	-16.3660927152318	18.7878145695364	-6.74596026490066				0.965827814569536	0.0787284768211921	-0.0559470198675496	-20.432582781457	42.7064900662252	25.2797350993378				0.544529801324503	-0.240529801324503	-0.789721854304636	-28.5970860927152	-9.8964238410596	11.7043708609272				0.852026490066225	0.211496688741722	0.341933774834437	-16.8482119205298	-7.50807947019868	-3.41748344370861				0.319788079470199	0.00116556291390731	-0.964238410596026	-14.2596026490066	0.717615894039735	21.925298013245			
80	1880	0.887841059602649	0.0507549668874172	-0.055523178807947	-29.9266225165563	-16.9446357615894	2.45509933774835				0.992953642384106	0.159788079470199	0.173139072847682	-0.966092715231788	0.307814569536424	-5.06596026490066				0.997827814569536	-0.129271523178808	0.0720529801324504	15.407417218543	17.5064900662252	10.7197350993378				0.544529801324503	-0.176529801324503	-0.757721854304636	-22.1570860927152	-6.2564238410596	10.8643708609272				0.900026490066225	0.259496688741722	0.389933774834437	-13.4882119205298	-6.94807947019868	-3.69748344370861				0.303788079470199	0.0491655629139073	-0.932238410596026	0.580397350993377	-13.5623841059603	27.525298013245			
81	1900	0.839841059602649	0.130754966887417	0.088476821192053	-24.8866225165563	0.975364238410596	1.61509933774834				0.960953642384106	0.111788079470199	0.189139072847682	3.51390728476821	4.78781456953642	-3.10596026490066				0.981827814569536	-0.161271523178808	-0.11994701986755	9.24741721854305	5.18649006622517	7.35973509933775				0.560529801324503	-0.160529801324503	-0.709721854304636	-5.35708609271523	10.2635761589404	8.34437086092715				0.884026490066225	0.243496688741722	0.389933774834437	-8.1682119205298	-3.86807947019868	-4.53748344370861				0.303788079470199	0.0811655629139073	-0.852238410596026	1.70039735099338	-10.7623841059603	28.645298013245			
82	1920	0.951841059602649	0.114754966887417	0.216476821192053	-10.6066225165563	9.9353642384106	8.05509933774835				1.00895364238411	0.0477880794701987	0.317139072847682	-3.76609271523179	10.9478145695364	-5.62596026490066				0.997827814569536	0.0467284768211921	-0.18394701986755	-40.592582781457	5.46649006622517	11.8397350993378				0.528529801324503	-0.192529801324503	-0.709721854304636	0.242913907284768	17.8235761589404	6.66437086092715				0.884026490066225	0.195496688741722	0.389933774834437	-7.0482119205298	-5.54807947019868	-4.25748344370861				0	0	0	0	0	0			
83	1940	1.03184105960265	0.0827549668874172	0.248476821192053	-5.00662251655629	-0.424635761589404	13.6550993377483				0.976953642384106	0.0637880794701987	0.301139072847682	-13.0060927152318	0.307814569536424	-6.74596026490066				0.997827814569536	0.270728476821192	-0.16794701986755	-62.432582781457	7.70649006622517	11.2797350993378				0	0	0	0	0	0				0	0	0	0	0	0				0	0	0	0	0	0			
84	1960	0.983841059602649	0.0667549668874172	0.184476821192053	-2.20662251655629	-10.2246357615894	11.4150993377483				0	0	0	0	0	0				0	0	0	0	0	0				0	0	0	0	0	0				0	0	0	0	0	0				0	0	0	0	0	0			
85	2100	0	0	0	0	0	0				0	0	0	0	0	0				0.981827814569536	0.0627284768211921	-0.0719470198675496	-3.63258278145695	-16.0935099337748	3.71973509933775				0	0	0	0	0	0				0.964026490066225	0.0834966887417219	0.325933774834437	-5.6482119205298	-4.70807947019868	3.30251655629139				0.335788079470199	0.00116556291390731	-0.948238410596026	12.0603973509934	-14.1223841059603	11.845298013245			
86	2120	0.951841059602649	0.00275496688741723	-0.00752317880794696	-13.1266225165563	-6.8646357615894	0.775099337748344				0.976953642384106	0.0317880794701987	0.237139072847682	-20.8460927152318	-9.49218543046358	-1.98596026490066				0.981827814569536	0.0307284768211921	-0.11994701986755	-9.23258278145695	-12.1735099337748	4.55973509933775				0.528529801324503	-0.336529801324503	-0.725721854304636	-7.59708609271523	-3.7364238410596	23.4643708609272				0.932026490066225	0.0674966887417219	0.357933774834437	-10.6882119205298	-8.34807947019868	3.58251655629139				0.335788079470199	-0.0788344370860927	-0.916238410596027	7.02039735099338	-9.08238410596027	7.64529801324503			
87	2140	0.951841059602649	0.00275496688741723	0.024476821192053	-15.6466225165563	-6.0246357615894	0.495099337748344				0.960953642384106	0.0797880794701987	0.253139072847682	-21.1260927152318	-0.532185430463576	-2.82596026490066				0.965827814569536	0.0467284768211921	-0.13594701986755	-13.432582781457	-9.37350993377483	3.43973509933775				0.496529801324503	-0.272529801324503	-0.709721854304636	-9.83708609271523	-5.1364238410596	24.5843708609272				0.900026490066225	0.131496688741722	0.341933774834437	-16.0082119205298	-9.74807947019868	3.58251655629139				0.319788079470199	-0.0948344370860927	-0.852238410596026	8.98039735099338	-8.52238410596027	11.285298013245			
88	2160	0.951841059602649	-0.0132450331125828	-0.023523178807947	-16.7666225165563	-5.7446357615894	2.17509933774834				0.960953642384106	0.0637880794701987	0.189139072847682	-19.7260927152318	0.867814569536424	-3.66596026490066				0.949827814569536	0.0467284768211921	-0.10394701986755	-14.552582781457	-10.4935099337748	2.59973509933775				0.512529801324503	-0.224529801324503	-0.709721854304636	-2.83708609271523	0.4635761589404	22.3443708609272				0.884026490066225	0.147496688741722	0.341933774834437	-17.9682119205298	-9.46807947019868	3.02251655629139				0.287788079470199	-0.0788344370860927	-0.820238410596026	7.02039735099338	-7.68238410596027	14.925298013245			
89	2180	0.967841059602649	-0.0292450331125828	-0.00752317880794696	-12.0066225165563	-3.5046357615894	2.73509933774834				0.976953642384106	0.0477880794701987	0.205139072847682	-16.0860927152318	1.42781456953642	-3.10596026490066				0.965827814569536	0.0467284768211921	-0.10394701986755	-12.032582781457	-9.93350993377483	2.59973509933775				0.544529801324503	-0.224529801324503	-0.693721854304636	0.242913907284768	3.8235761589404	18.4243708609272				0.884026490066225	0.131496688741722	0.357933774834437	-18.2482119205298	-8.90807947019868	2.46251655629139				0.287788079470199	-0.0948344370860927	-0.820238410596026	3.10039735099338	-4.04238410596027	20.525298013245			
90	2200	1.01584105960265	-0.0452450331125828	0.024476821192053	-14.2466225165563	-3.2246357615894	2.73509933774834				0.992953642384106	0.0637880794701987	0.221139072847682	-16.0860927152318	-6.13218543046358	-2.82596026490066				0.981827814569536	0.0467284768211921	-0.13594701986755	-14.272582781457	-11.6135099337748	3.99973509933775				0.560529801324503	-0.224529801324503	-0.693721854304636	-0.877086092715232	3.2635761589404	16.1843708609272				0.868026490066225	0.147496688741722	0.389933774834437	-16.8482119205298	-8.34807947019868	1.06251655629139				0.287788079470199	-0.0628344370860927	-0.836238410596026	0.580397350993377	-1.52238410596026	24.165298013245			
91	2220	0.983841059602649	-0.0292450331125828	0.040476821192053	-18.4466225165563	-6.0246357615894	3.01509933774834				0.976953642384106	0.0637880794701987	0.205139072847682	-16.6460927152318	-15.3721854304636	-4.50596026490066				0.981827814569536	0.0787284768211921	-0.16794701986755	-12.032582781457	-9.37350993377483	3.43973509933775				0.560529801324503	-0.288529801324503	-0.661721854304636	2.48291390728477	4.6635761589404	15.6243708609272				0.900026490066225	0.163496688741722	0.373933774834437	-18.5282119205298	-7.50807947019868	1.62251655629139				0.287788079470199	-0.0148344370860927	-0.868238410596026	-3.05960264900662	0.997615894039735	23.885298013245			
92	2240	0.967841059602649	0.00275496688741723	0.056476821192053	-16.2066225165563	-6.8646357615894	3.01509933774834				0.960953642384106	0.0637880794701987	0.205139072847682	-13.5660927152318	-15.6521854304636	-6.18596026490066				0.965827814569536	0.0947284768211921	-0.15194701986755	-10.912582781457	-7.69350993377483	2.31973509933775				0.576529801324503	-0.320529801324503	-0.725721854304636	5.00291390728477	6.6235761589404	15.0643708609272				0.916026490066225	0.131496688741722	0.325933774834437	-14.3282119205298	-7.78807947019868	2.18251655629139				0.303788079470199	0.0171655629139073	-0.916238410596027	1.70039735099338	2.95761589403974	20.245298013245			
93	2260	0.999841059602649	0.0187549668874172	0.056476821192053	-15.6466225165563	-7.9846357615894	1.89509933774834				0.992953642384106	0.0637880794701987	0.173139072847682	-9.92609271523179	-18.7321854304636	-6.18596026490066				0.981827814569536	0.0787284768211921	-0.15194701986755	-11.192582781457	-10.2135099337748	1.19973509933775				0.592529801324503	-0.336529801324503	-0.741721854304636	3.60291390728477	4.6635761589404	17.0243708609272				0.932026490066225	0.115496688741722	0.325933774834437	-13.4882119205298	-6.66807947019868	2.46251655629139				0.287788079470199	0.00116556291390731	-0.932238410596026	3.66039735099338	3.23761589403974	14.645298013245			
94	2280	0.999841059602649	0.0507549668874172	-0.023523178807947	-13.4066225165563	-9.38463576158941	0.215099337748344				0.976953642384106	0.0797880794701987	0.173139072847682	-7.12609271523179	-24.8921854304636	-6.46596026490066				0.965827814569536	0.0947284768211921	-0.15194701986755	-7.27258278145696	-12.7335099337748	0.91973509933775				0.576529801324503	-0.368529801324503	-0.757721854304636	2.20291390728477	2.4235761589404	20.3843708609272				0.948026490066225	0.115496688741722	0.293933774834437	-12.6482119205298	-10.3080794701987	3.58251655629139				0.271788079470199	-0.0308344370860927	-0.948238410596026	7.30039735099338	-1.24238410596026	11.845298013245			
95	2300	0.967841059602649	0.0187549668874172	-0.00752317880794696	-10.8866225165563	-9.66463576158941	2.45509933774835				0.992953642384106	0.0797880794701987	0.173139072847682	-7.40609271523179	-20.4121854304636	-6.46596026490066				0.949827814569536	0.110728476821192	-0.15194701986755	-2.79258278145695	-13.0135099337748	0.35973509933775				0.544529801324503	-0.352529801324503	-0.741721854304636	1.36291390728477	-0.3764238410596	19.8243708609272				0.948026490066225	0.131496688741722	0.261933774834437	-10.9682119205298	-11.4280794701987	4.70251655629139				0.239788079470199	-0.0628344370860927	-0.916238410596027	3.94039735099338	-4.60238410596027	11.005298013245			
96	2320	0.983841059602649	0.00275496688741723	-0.023523178807947	-8.92662251655629	-9.66463576158941	2.17509933774834				1.00895364238411	0.111788079470199	0.173139072847682	-14.6860927152318	-13.9721854304636	-6.18596026490066				0.933827814569536	0.0947284768211921	-0.15194701986755	-3.35258278145695	-11.3335099337748	1.47973509933775				0.528529801324503	-0.336529801324503	-0.741721854304636	0.242913907284768	-0.6564238410596	19.5443708609272				0.948026490066225	0.115496688741722	0.261933774834437	-9.0082119205298	-10.0280794701987	3.02251655629139				0.223788079470199	-0.0468344370860927	-0.884238410596026	-1.93960264900662	-3.20238410596026	9.88529801324503			
97	2340	0.999841059602649	0.00275496688741723	-0.039523178807947	-5.84662251655629	-11.9046357615894	0.215099337748344				0.976953642384106	0.0797880794701987	0.141139072847682	-7.12609271523179	-22.3721854304636	-5.62596026490066				0.965827814569536	0.0787284768211921	-0.19994701986755	-6.15258278145695	-7.13350993377484	1.75973509933775				0.528529801324503	-0.336529801324503	-0.741721854304636	2.48291390728477	0.4635761589404	18.1443708609272				0.932026490066225	0.0994966887417219	0.277933774834437	-8.1682119205298	-9.46807947019868	2.74251655629139				0.207788079470199	-0.0468344370860927	-0.884238410596026	-3.33960264900662	-1.80238410596026	8.48529801324503			
98	2360	0.967841059602649	0.00275496688741723	-0.071523178807947	-6.12662251655629	-11.9046357615894	0.495099337748344				1.00895364238411	0.127788079470199	0.125139072847682	-6.00609271523179	-12.8521854304636	-3.94596026490066				0.965827814569536	0.0787284768211921	-0.16794701986755	-7.55258278145695	-7.69350993377483	1.47973509933775				0.512529801324503	-0.320529801324503	-0.725721854304636	2.48291390728477	0.7435761589404	16.1843708609272				0.932026490066225	0.115496688741722	0.261933774834437	-9.2882119205298	-9.18807947019868	2.46251655629139				0.207788079470199	-0.0468344370860927	-0.900238410596026	-3.33960264900662	-0.962384105960265	6.80529801324503			
99	2380	0.967841059602649	-0.0132450331125828	-0.039523178807947	-5.28662251655629	-11.3446357615894	1.33509933774834				0.976953642384106	0.127788079470199	0.109139072847682	-1.24609271523179	-20.6921854304636	-0.0259602649006601				0.965827814569536	0.0947284768211921	-0.18394701986755	-7.55258278145695	-8.81350993377484	2.03973509933775				0.512529801324503	-0.304529801324503	-0.725721854304636	2.20291390728477	-1.7764238410596	13.1043708609272				0.916026490066225	0.147496688741722	0.245933774834437	-8.1682119205298	-10.0280794701987	1.62251655629139				0.223788079470199	-0.0468344370860927	-0.916238410596027	-3.05960264900662	-2.92238410596027	7.08529801324503			
100	2400	0.983841059602649	-0.0292450331125828	-0.00752317880794696	-4.16662251655629	-12.1846357615894	1.33509933774834				0.944953642384106	0.111788079470199	0.0611390728476822	3.51390728476821	-17.3321854304636	2.77403973509934				0.965827814569536	0.0787284768211921	-0.23194701986755	-5.87258278145695	-9.09350993377483	1.47973509933775				0.528529801324503	-0.352529801324503	-0.741721854304636	2.20291390728477	-2.6164238410596	12.2643708609272				0.932026490066225	0.131496688741722	0.245933774834437	-3.9682119205298	-11.4280794701987	1.90251655629139				0.239788079470199	-0.0468344370860927	-0.916238410596027	-1.37960264900662	-9.08238410596027	7.92529801324503			
101	2420	0.951841059602649	-0.0132450331125828	-0.039523178807947	-7.24662251655629	-11.6246357615894	1.61509933774834				1.00895364238411	0.0797880794701987	0.0931390728476822	2.95390728476821	-12.8521854304636	3.05403973509934				0.949827814569536	0.0627284768211921	-0.18394701986755	-4.75258278145695	-6.57350993377483	1.47973509933775				0.544529801324503	-0.352529801324503	-0.773721854304636	2.20291390728477	-4.0164238410596	11.7043708609272				0.948026490066225	0.131496688741722	0.277933774834437	-0.888211920529802	-8.90807947019868	1.62251655629139				0.239788079470199	-0.0308344370860927	-0.916238410596027	0.0203973509933773	-12.4423841059603	7.64529801324503			
102	2440	0.967841059602649	-0.0292450331125828	-0.00752317880794696	-6.96662251655629	-10.5046357615894	1.05509933774834				1.00895364238411	0.0957880794701987	0.0931390728476822	0.993907284768212	-15.6521854304636	1.37403973509934				0.965827814569536	0.0787284768211921	-0.16794701986755	-5.87258278145695	-6.85350993377483	0.35973509933775				0.528529801324503	-0.368529801324503	-0.789721854304636	1.08291390728477	-4.8564238410596	10.3043708609272				0.964026490066225	0.115496688741722	0.261933774834437	-2.5682119205298	-8.90807947019868	0.782516556291392				0.223788079470199	-0.0468344370860927	-0.932238410596026	-4.73960264900662	-9.08238410596027	4.28529801324503			
103	2460	0.967841059602649	0.00275496688741723	-0.039523178807947	-6.96662251655629	-9.1046357615894	-0.0649006622516557				1.00895364238411	0.143788079470199	0.0931390728476822	4.91390728476821	-22.0921854304636	2.49403973509934				0.949827814569536	0.0947284768211921	-0.18394701986755	-5.31258278145695	-7.41350993377483	1.19973509933775				0.528529801324503	-0.352529801324503	-0.741721854304636	-0.877086092715232	-5.6964238410596	10.0243708609272				0.948026490066225	0.115496688741722	0.245933774834437	-2.0082119205298	-11.7080794701987	1.34251655629139				0.255788079470199	-0.0468344370860927	-0.948238410596026	-5.01960264900662	-6.28238410596027	2.60529801324503			
104	2480	0.967841059602649	0.0187549668874172	-0.00752317880794696	-5.84662251655629	-6.3046357615894	-0.0649006622516557				0.976953642384106	0.0957880794701987	0.0611390728476822	14.4339072847682	-31.8921854304636	5.01403973509934				0.965827814569536	0.0947284768211921	-0.19994701986755	-5.87258278145695	-6.29350993377483	1.47973509933775				0.512529801324503	-0.320529801324503	-0.757721854304636	1.64291390728477	-6.2564238410596	8.62437086092715				0.964026490066225	0.115496688741722	0.245933774834437	-3.6882119205298	-13.9480794701987	1.62251655629139				0.239788079470199	-0.0148344370860927	-0.964238410596026	-2.77960264900662	-6.56238410596027	2.60529801324503			
105	2500	0.967841059602649	0.0187549668874172	-0.039523178807947	-4.44662251655629	-9.1046357615894	0.215099337748344				0.944953642384106	0.0637880794701987	0.0291390728476822	8.55390728476821	-20.9721854304636	-0.30596026490066				0.933827814569536	0.0947284768211921	-0.19994701986755	-4.19258278145695	-5.45350993377483	2.31973509933775				0.512529801324503	-0.304529801324503	-0.741721854304636	3.88291390728477	-7.3764238410596	3.86437086092715				0.964026490066225	0.115496688741722	0.245933774834437	-2.2882119205298	-15.3480794701987	1.62251655629139				0.223788079470199	-0.0308344370860927	-0.932238410596026	2.26039735099338	-9.36238410596027	3.16529801324503			
106	2520	0.983841059602649	0.0507549668874172	-0.055523178807947	-1.36662251655629	-8.26463576158941	0.775099337748344				0.992953642384106	0.0797880794701987	0.0771390728476822	-2.92609271523179	-4.17218543046358	-3.38596026490066				0.949827814569536	0.110728476821192	-0.19994701986755	-3.91258278145695	-5.45350993377483	2.03973509933775				0.496529801324503	-0.320529801324503	-0.725721854304636	3.04291390728477	-7.6564238410596	-1.17562913907285				0.932026490066225	0.147496688741722	0.261933774834437	-2.5682119205298	-16.4680794701987	1.90251655629139				0.191788079470199	-0.0148344370860927	-0.916238410596027	3.66039735099338	-8.80238410596027	1.76529801324503			
107	2540	0.951841059602649	0.0187549668874172	-0.055523178807947	2.27337748344371	-6.5846357615894	2.17509933774834				1.02495364238411	0.111788079470199	0.125139072847682	-2.92609271523179	1.98781456953642	-3.38596026490066				0.933827814569536	0.126728476821192	-0.23194701986755	-1.39258278145695	-4.33350993377483	2.03973509933775				0.480529801324503	-0.304529801324503	-0.725721854304636	3.04291390728477	-5.6964238410596	-5.93562913907285				0.916026490066225	0.131496688741722	0.261933774834437	-2.2882119205298	-15.3480794701987	3.58251655629139				0.159788079470199	0.00116556291390731	-0.884238410596026	5.34039735099338	-5.44238410596027	-0.754701986754968			
108	2560	0.967841059602649	0.00275496688741723	-0.023523178807947	5.07337748344371	-4.6246357615894	2.73509933774834				0.992953642384106	0.0797880794701987	0.109139072847682	-0.966092715231788	-4.73218543046358	-3.10596026490066				0.949827814569536	0.126728476821192	-0.23194701986755	2.52741721854305	1.82649006622517	2.03973509933775				0.432529801324503	-0.320529801324503	-0.709721854304636	3.88291390728477	-2.3364238410596	-7.05562913907285				0.900026490066225	0.115496688741722	0.213933774834437	0.511788079470198	-11.4280794701987	3.02251655629139				0.127788079470199	0.00116556291390731	-0.868238410596026	0.860397350993377	1.55761589403974	-5.51470198675497			
109	2580	0.967841059602649	0.00275496688741723	0.00847682119205304	5.91337748344371	-3.2246357615894	3.01509933774834				0.960953642384106	0.0797880794701987	0.0611390728476822	-0.966092715231788	-4.45218543046358	-2.82596026490066				0.965827814569536	0.0947284768211921	-0.19994701986755	2.80741721854305	0.986490066225167	1.19973509933775				0.432529801324503	-0.336529801324503	-0.725721854304636	6.96291390728477	2.7035761589404	-4.81562913907285				0.900026490066225	0.131496688741722	0.197933774834437	5.8317880794702	-8.34807947019868	4.14251655629139				0.143788079470199	-0.0148344370860927	-0.868238410596026	-1.65960264900662	4.07761589403974	-7.47470198675497			
110	2600	0.983841059602649	-0.0132450331125828	-0.023523178807947	8.71337748344371	-3.5046357615894	0.775099337748344				0.976953642384106	0.127788079470199	0.0611390728476822	-0.966092715231788	-6.41218543046358	-1.98596026490066				0.981827814569536	0.0627284768211921	-0.21594701986755	2.80741721854305	-2.09350993377483	0.35973509933775				0.448529801324503	-0.368529801324503	-0.757721854304636	13.6829139072848	6.9035761589404	-1.73562913907285				0.916026490066225	0.115496688741722	0.181933774834437	7.2317880794702	-4.98807947019868	3.86251655629139				0.175788079470199	-0.0628344370860927	-0.916238410596027	-4.45960264900662	1.83761589403974	-9.99470198675497			
111	2620	0.999841059602649	-0.0132450331125828	-0.055523178807947	7.03337748344371	-4.9046357615894	0.215099337748344				0.976953642384106	0.143788079470199	0.0771390728476822	2.39390728476821	-10.8921854304636	0.25403973509934				0.965827814569536	0.0947284768211921	-0.19994701986755	6.72741721854305	-4.61350993377483	-0.20026490066225				0.480529801324503	-0.432529801324503	-0.789721854304636	11.4429139072848	7.4635761589404	3.30437086092715				0.948026490066225	0.115496688741722	0.197933774834437	5.8317880794702	-3.02807947019868	2.46251655629139				0.207788079470199	-0.0468344370860927	-0.980238410596026	-3.33960264900662	1.55761589403974	-9.15470198675497			
112	2640	0.983841059602649	-0.0292450331125828	-0.039523178807947	6.47337748344371	-6.3046357615894	0.775099337748344				0.960953642384106	0.0797880794701987	0.0611390728476822	6.03390728476821	-8.93218543046358	-0.585960264900661				0.933827814569536	0.0947284768211921	-0.16794701986755	9.24741721854305	-2.65350993377483	-0.76026490066225				0.480529801324503	-0.416529801324503	-0.773721854304636	7.52291390728477	5.2235761589404	4.42437086092715				0.948026490066225	0.0994966887417219	0.181933774834437	3.8717880794702	-2.18807947019868	2.46251655629139				0.207788079470199	-0.0468344370860927	-0.948238410596026	0.860397350993377	-0.122384105960265	-7.75470198675497			
113	2660	0.967841059602649	-0.0292450331125828	-0.023523178807947	8.99337748344371	-7.7046357615894	1.05509933774834				0.960953642384106	0.0477880794701987	0.0771390728476822	6.03390728476821	-5.29218543046358	0.53403973509934				0.949827814569536	0.0627284768211921	-0.15194701986755	10.647417218543	-2.37350993377483	-0.76026490066225				0.480529801324503	-0.352529801324503	-0.757721854304636	3.88291390728477	2.9835761589404	1.06437086092715				0.948026490066225	0.0834966887417219	0.197933774834437	6.9517880794702	0.0519205298013249	3.86251655629139				0.223788079470199	-0.110834437086093	-0.900238410596026	-1.65960264900662	1.27761589403974	-4.11470198675497			
114	2680	0.967841059602649	-0.0452450331125828	-0.039523178807947	7.59337748344371	-7.7046357615894	1.05509933774834				0.992953642384106	0.0637880794701987	0.0611390728476822	4.63390728476821	-0.812185430463576	-0.0259602649006601				0.981827814569536	0.0307284768211921	-0.15194701986755	13.447417218543	-2.09350993377483	-0.76026490066225				0.480529801324503	-0.352529801324503	-0.725721854304636	3.88291390728477	3.2635761589404	-0.0556291390728476				0.948026490066225	0.0674966887417219	0.245933774834437	7.2317880794702	-0.788079470198675	4.98251655629139				0.255788079470199	-0.126834437086093	-0.932238410596026	-6.13960264900662	3.51761589403974	0.365298013245032			
115	2700	0.967841059602649	-0.0452450331125828	-0.055523178807947	2.83337748344371	-7.9846357615894	0.495099337748344				1.02495364238411	0.0797880794701987	0.0291390728476822	1.27390728476821	1.42781456953642	0.81403973509934				0.981827814569536	0.0147284768211921	-0.13594701986755	8.40741721854305	-1.53350993377483	-0.48026490066225				0.464529801324503	-0.384529801324503	-0.757721854304636	5.84291390728477	1.0235761589404	5.54437086092715				0.948026490066225	0.0834966887417219	0.277933774834437	3.3117880794702	-1.90807947019868	4.70251655629139				0.255788079470199	-0.0788344370860927	-0.948238410596026	-2.77960264900662	-0.682384105960265	5.12529801324503			
116	2720	0.951841059602649	-0.0452450331125828	-0.039523178807947	3.11337748344371	-1.8246357615894	-0.0649006622516557				1.00895364238411	0.0637880794701987	0.0611390728476822	-2.92609271523179	3.10781456953642	0.53403973509934				0.965827814569536	0.0147284768211921	-0.15194701986755	2.24741721854305	-1.53350993377483	0.0797350993377501				0.480529801324503	-0.432529801324503	-0.789721854304636	3.88291390728477	-1.4964238410596	9.46437086092715				0.980026490066225	0.0674966887417219	0.213933774834437	-1.7282119205298	-1.06807947019868	3.86251655629139				0.255788079470199	-0.0468344370860927	-0.948238410596026	2.82039735099338	-4.88238410596027	9.32529801324503			
117	2740	0.951841059602649	-0.0452450331125828	-0.071523178807947	0.593377483443709	1.8153642384106	0.215099337748344				0.976953642384106	0.0637880794701987	0.0451390728476822	-0.686092715231788	-3.61218543046358	-0.0259602649006601				0.965827814569536	0.0307284768211921	-0.16794701986755	-0.552582781456954	-1.25350993377483	0.91973509933775				0.496529801324503	-0.464529801324503	-0.789721854304636	0.802913907284768	-1.7764238410596	11.4243708609272				0.964026490066225	0.0834966887417219	0.229933774834437	-3.1282119205298	1.17192052980133	2.18251655629139				0.255788079470199	-0.0148344370860927	-0.948238410596026	6.18039735099338	-3.48238410596027	8.20529801324503			
118	2760	0.967841059602649	-0.0452450331125828	-0.055523178807947	-0.806622516556291	4.0553642384106	-0.624900662251656				0.992953642384106	0.0477880794701987	0.0771390728476822	-2.36609271523179	-4.17218543046358	1.37403973509934				0.949827814569536	0.0307284768211921	-0.16794701986755	-1.11258278145695	-0.973509933774833	1.47973509933775				0.512529801324503	-0.432529801324503	-0.773721854304636	0.522913907284768	0.7435761589404	11.9843708609272				0.964026490066225	0.0514966887417219	0.229933774834437	-2.5682119205298	-1.06807947019868	3.02251655629139				0.255788079470199	-0.0148344370860927	-0.964238410596026	5.62039735099338	-4.04238410596027	4.00529801324503			
119	2780	0.967841059602649	-0.0612450331125828	-0.039523178807947	-2.76662251655629	3.4953642384106	-0.904900662251656				0.976953642384106	0.0477880794701987	0.0771390728476822	-6.84609271523179	0.0278145695364242	0.53403973509934				0.949827814569536	0.0627284768211921	-0.15194701986755	-2.79258278145695	0.426490066225167	0.35973509933775				0.512529801324503	-0.368529801324503	-0.789721854304636	-7.03708609271523	-1.4964238410596	7.78437086092715				0.948026490066225	0.0834966887417219	0.213933774834437	-7.3282119205298	-1.06807947019868	2.74251655629139				0.239788079470199	-0.0468344370860927	-0.932238410596026	11.2203973509934	-7.12238410596027	-2.15470198675497			
120	2800	0.951841059602649	-0.0612450331125828	-0.00752317880794696	-4.72662251655629	4.6153642384106	-0.624900662251656				0.976953642384106	0.0637880794701987	0.0771390728476822	-7.96609271523179	1.98781456953642	0.25403973509934				0.965827814569536	0.0627284768211921	-0.15194701986755	-3.63258278145695	0.146490066225167	0.0797350993377501				0.528529801324503	-0.336529801324503	-0.725721854304636	-15.1570860927152	-4.0164238410596	2.18437086092715				0.932026490066225	0.0834966887417219	0.245933774834437	-3.6882119205298	-4.70807947019868	3.58251655629139				0.223788079470199	-0.0628344370860927	-0.900238410596026	9.54039735099338	-2.36238410596027	-2.99470198675497			
121	2820	0.967841059602649	-0.0452450331125828	-0.023523178807947	-6.12662251655629	6.0153642384106	-1.18490066225166				0.976953642384106	0.0957880794701987	0.0931390728476822	-9.08609271523179	4.50781456953642	0.25403973509934				0.965827814569536	0.0627284768211921	-0.15194701986755	-5.87258278145695	-0.693509933774834	0.91973509933775				0.496529801324503	-0.304529801324503	-0.709721854304636	-12.3570860927152	-10.4564238410596	-1.17562913907285				0.932026490066225	0.0994966887417219	0.245933774834437	-7.3282119205298	-1.34807947019868	3.86251655629139				0.223788079470199	-0.0788344370860927	-0.884238410596026	7.58039735099338	1.55761589403974	-2.15470198675497			
122	2840	0.999841059602649	0.00275496688741723	-0.023523178807947	-6.68662251655629	5.7353642384106	-2.58490066225166				0.960953642384106	0.0957880794701987	0.0931390728476822	-9.36609271523179	6.18781456953642	1.09403973509934				0.965827814569536	0.0627284768211921	-0.18394701986755	-4.47258278145695	-0.693509933774834	0.63973509933775				0.480529801324503	-0.320529801324503	-0.709721854304636	-10.6770860927152	-8.4964238410596	-3.97562913907285				0.932026490066225	0.115496688741722	0.213933774834437	-5.3682119205298	-1.06807947019868	3.58251655629139				0.191788079470199	-0.0788344370860927	-0.868238410596026	7.30039735099338	2.39761589403974	1.76529801324503			
123	2860	0.983841059602649	0.0187549668874172	-0.071523178807947	-8.92662251655629	3.4953642384106	-2.86490066225166				0.976953642384106	0.0957880794701987	0.0931390728476822	-7.12609271523179	4.22781456953642	1.93403973509934				0.933827814569536	0.0787284768211921	-0.16794701986755	-1.67258278145695	0.146490066225167	0.0797350993377501				0.464529801324503	-0.352529801324503	-0.677721854304636	-6.75708609271523	-3.4564238410596	-5.09562913907285				0.900026490066225	0.115496688741722	0.245933774834437	-1.7282119205298	0.611920529801325	2.46251655629139				0.191788079470199	-0.0788344370860927	-0.852238410596026	5.62039735099338	0.157615894039735	5.96529801324503			
124	2880	0.967841059602649	0.0187549668874172	-0.023523178807947	-5.84662251655629	4.6153642384106	-2.58490066225166				0.960953642384106	0.111788079470199	0.109139072847682	-6.28609271523179	3.66781456953642	3.61403973509934				0.949827814569536	0.0787284768211921	-0.16794701986755	-3.91258278145695	1.54649006622517	-0.20026490066225				0.464529801324503	-0.320529801324503	-0.693721854304636	1.08291390728477	5.2235761589404	0.224370860927152				0.884026490066225	0.0994966887417219	0.245933774834437	1.6317880794702	3.13192052980133	2.18251655629139				0.207788079470199	-0.0468344370860927	-0.884238410596026	3.38039735099338	0.717615894039735	6.24529801324503			
125	2900	0.967841059602649	0.0187549668874172	-0.00752317880794696	-3.32662251655629	2.3753642384106	-2.30490066225166				0.992953642384106	0.143788079470199	0.0931390728476822	-3.20609271523179	5.06781456953642	4.17403973509934				0.965827814569536	0.110728476821192	-0.16794701986755	-2.23258278145695	0.986490066225167	0.63973509933775				0.496529801324503	-0.352529801324503	-0.709721854304636	6.40291390728477	9.4235761589404	3.02437086092715				0.916026490066225	0.0994966887417219	0.261933774834437	0.511788079470198	5.09192052980133	2.18251655629139				0.239788079470199	-0.0468344370860927	-0.932238410596026	3.38039735099338	0.717615894039735	3.44529801324503			
126	2920	0.983841059602649	-0.0132450331125828	-0.00752317880794696	1.15337748344371	1.2553642384106	-1.74490066225166				0.992953642384106	0.127788079470199	0.109139072847682	2.11390728476821	4.22781456953642	3.89403973509934				0.965827814569536	0.126728476821192	-0.19994701986755	1.68741721854305	1.26649006622517	0.35973509933775				0.528529801324503	-0.368529801324503	-0.741721854304636	8.92291390728477	9.4235761589404	4.98437086092715				0.932026490066225	0.0994966887417219	0.245933774834437	-0.608211920529802	7.05192052980133	1.34251655629139				0.239788079470199	-0.0308344370860927	-0.932238410596026	4.78039735099338	0.437615894039735	0.365298013245032			
127	2940	0.967841059602649	-0.0132450331125828	-0.00752317880794696	2.27337748344371	0.695364238410596	-0.624900662251656				0.976953642384106	0.111788079470199	0.109139072847682	9.11390728476821	3.38781456953642	2.49403973509934				0.949827814569536	0.110728476821192	-0.19994701986755	5.32741721854305	0.146490066225167	0.63973509933775				0.576529801324503	-0.384529801324503	-0.741721854304636	2.76291390728477	6.3435761589404	4.98437086092715				0.932026490066225	0.0994966887417219	0.261933774834437	0.231788079470198	9.01192052980133	1.90251655629139				0.239788079470199	-0.0468344370860927	-0.900238410596026	5.06039735099338	0.717615894039735	-2.71470198675497			
128	2960	0.983841059602649	0.0187549668874172	0.00847682119205304	0.873377483443709	1.8153642384106	-0.904900662251656				0.976953642384106	0.0957880794701987	0.0931390728476822	9.67390728476821	4.22781456953642	2.21403973509934				0.949827814569536	0.0947284768211921	-0.19994701986755	7.84741721854305	0.426490066225167	0.0797350993377501				0.576529801324503	-0.368529801324503	-0.741721854304636	2.20291390728477	5.5035761589404	3.02437086092715				0	0	0	0	0	0				0	0	0	0	0	0			
129	3040	0	0	0	0	0	0				0	0	0	0	0	0				0	0	0	0	0	0				0	0	0	0	0	0				0	0	0	0	0	0				0.303788079470199	-0.0468344370860927	-0.868238410596026	6.18039735099338	0.437615894039735	12.965298013245			
130	3060	0	0	0	0	0	0				0	0	0	0	0	0				0	0	0	0	0	0				0.576529801324503	-0.384529801324503	-0.661721854304636	3.04291390728477	8.3035761589404	10.0243708609272				0.932026490066225	0.147496688741722	0.277933774834437	-8.4482119205298	-1.34807947019868	5.26251655629139				0.303788079470199	-0.0628344370860927	-0.868238410596026	5.62039735099338	2.11761589403974	11.845298013245			
131	3080	0	0	0	0	0	0				0.960953642384106	0.0797880794701987	0.285139072847682	-3.48609271523179	-0.252185430463576	1.09403973509934				0	0	0	0	0	0				0.576529801324503	-0.384529801324503	-0.661721854304636	2.20291390728477	7.7435761589404	10.5843708609272				0.916026490066225	0.131496688741722	0.261933774834437	-9.2882119205298	0.331920529801325	5.26251655629139				0.319788079470199	-0.0468344370860927	-0.884238410596026	3.94039735099338	2.67761589403974	11.285298013245			
132	3100	0.983841059602649	0.00275496688741723	0.120476821192053	-5.56662251655629	2.0953642384106	5.53509933774834				0.944953642384106	0.0477880794701987	0.301139072847682	-3.48609271523179	-1.93218543046358	1.93403973509934				0.981827814569536	0.0627284768211921	0.00805298013245037	-3.35258278145695	-1.25350993377483	5.95973509933775				0.576529801324503	-0.400529801324503	-0.661721854304636	2.20291390728477	7.1835761589404	12.8243708609272				0.932026490066225	0.147496688741722	0.261933774834437	-9.2882119205298	0.331920529801325	4.70251655629139				0.335788079470199	-0.0628344370860927	-0.900238410596026	1.70039735099338	3.23761589403974	12.125298013245			
133	3120	0.967841059602649	0.00275496688741723	0.136476821192053	-5.00662251655629	1.8153642384106	6.09509933774834				0	0	0	0	0	0				0	0	0	0	0	0				0	0	0	0	0	0				0.932026490066225	0.0834966887417219	0.277933774834437	4.7117880794702	3.41192052980132	-0.617483443708608				0.239788079470199	-0.0948344370860927	-0.884238410596026	2.26039735099338	-2.64238410596027	-6.35470198675497			
134	3140	0.967841059602649	0.00275496688741723	-0.071523178807947	3.11337748344371	-1.5446357615894	-2.02490066225166				0.976953642384106	0.0637880794701987	0.109139072847682	0.153907284768212	7.58781456953643	0.81403973509934				0.965827814569536	0.0467284768211921	-0.18394701986755	4.48741721854305	0.146490066225167	-0.76026490066225				0.528529801324503	-0.352529801324503	-0.725721854304636	1.36291390728477	-0.9364238410596	-3.69562913907285				0.932026490066225	0.0994966887417219	0.293933774834437	5.5517880794702	2.85192052980133	-1.45748344370861				0.255788079470199	-0.0948344370860927	-0.868238410596026	0.860397350993377	-0.402384105960265	-5.51470198675497			
135	3160	0.951841059602649	-0.0292450331125828	-0.071523178807947	1.15337748344371	-0.704635761589404	-2.30490066225166				0.992953642384106	0.0797880794701987	0.109139072847682	0.153907284768212	7.58781456953643	0.53403973509934				0.965827814569536	0.0627284768211921	-0.16794701986755	0.847417218543046	-1.81350993377483	-1.32026490066225				0.528529801324503	-0.352529801324503	-0.725721854304636	-0.597086092715232	-1.2164238410596	-3.97562913907285				0.916026490066225	0.0994966887417219	0.309933774834437	3.8717880794702	2.29192052980133	-2.29748344370861				0.271788079470199	-0.0948344370860927	-0.884238410596026	-0.259602649006623	0.157615894039735	-2.71470198675497			
