No	Time	12-AccX	12-AccY	12-AccZ	12-GyroX	12-GyroY	12-GyroZ	13-AccX	13-AccY	13-AccZ	13-GyroX	13-GyroY	13-GyroZ	14-AccX	14-AccY	14-AccZ	14-GyroX	14-GyroY	14-GyroZ	15-AccX	15-AccY	15-AccZ	15-GyroX	15-GyroY	15-GyroZ	16-AccX	16-AccY	16-AccZ	16-GyroX	16-GyroY	16-GyroZ	17-AccX	17-AccY	17-AccZ	17-GyroX	17-GyroY	17-GyroZ
0	140	0	0	0	0	0	0				0	0	0	0	0	0				0	0	0	0	0	0				0.640529801324503	-0.480529801324503	-0.549721854304636	-1.71708609271523	0.7435761589404	1.34437086092715				0.964026490066225	0.0354966887417219	0.0859337748344371	-1.7282119205298	-0.228079470198675	-1.45748344370861				0.415788079470199	-0.126834437086093	-0.836238410596026	-1.09960264900662	0.437615894039735	0.0852980132450323			
1	160	0	0	0	0	0	0				0	0	0	0	0	0				0.981827814569536	0.0787284768211921	-0.00794701986754963	0.00741721854304636	0.706490066225167	-0.76026490066225				0.640529801324503	-0.480529801324503	-0.549721854304636	-1.71708609271523	-0.0964238410596001	1.06437086092715				0.964026490066225	0.0354966887417219	0.0859337748344371	-1.1682119205298	0.331920529801325	-0.897483443708608				0.415788079470199	-0.126834437086093	-0.852238410596026	-1.93960264900662	1.27761589403974	-0.194701986754968			
2	180	0.967841059602649	0.0187549668874172	0.136476821192053	1.15337748344371	0.695364238410596	-0.904900662251656				0.976953642384106	0.0157880794701987	0.157139072847682	1.83390728476821	-0.252185430463576	0.53403973509934				0.981827814569536	0.0787284768211921	-0.00794701986754963	1.68741721854305	0.426490066225167	0.0797350993377501				0.640529801324503	-0.480529801324503	-0.549721854304636	-2.83708609271523	0.1835761589404	1.06437086092715				0.964026490066225	0.0354966887417219	0.0859337748344371	-0.328211920529802	0.331920529801325	-0.617483443708608				0.415788079470199	-0.110834437086093	-0.852238410596026	-1.65960264900662	-0.122384105960265	-0.194701986754968			
3	200	0.983841059602649	0.0187549668874172	0.136476821192053	1.15337748344371	-0.984635761589404	-0.344900662251656				0.992953642384106	0.0157880794701987	0.157139072847682	1.55390728476821	0.0278145695364242	0.25403973509934				0.997827814569536	0.0627284768211921	-0.00794701986754963	0.847417218543046	0.426490066225167	0.0797350993377501				0.640529801324503	-0.464529801324503	-0.549721854304636	-1.43708609271523	-1.2164238410596	0.504370860927152				0.980026490066225	0.0354966887417219	0.0859337748344371	-0.328211920529802	0.891920529801325	-1.17748344370861				0.415788079470199	-0.110834437086093	-0.868238410596026	-1.93960264900662	-0.402384105960265	-0.754701986754968			
4	220	0.983841059602649	0.0187549668874172	0.136476821192053	0.0333774834437086	-0.704635761589404	-0.904900662251656				0.976953642384106	0.0157880794701987	0.157139072847682	1.55390728476821	0.0278145695364242	-0.0259602649006601				0.981827814569536	0.0787284768211921	-0.0239470198675496	0.567417218543046	-0.413509933774833	-0.76026490066225				0.640529801324503	-0.464529801324503	-0.549721854304636	-0.597086092715232	-0.6564238410596	0.504370860927152				0.964026490066225	0.0514966887417219	0.101933774834437	0.511788079470198	-0.508079470198675	-1.17748344370861				0.415788079470199	-0.110834437086093	-0.852238410596026	-0.259602649006623	-0.122384105960265	-1.31470198675497			
5	240	0.967841059602649	0.00275496688741723	0.152476821192053	-0.246622516556291	-0.144635761589404	-1.18490066225166				0.976953642384106	0.0157880794701987	0.157139072847682	1.83390728476821	-0.252185430463576	0.25403973509934				0.981827814569536	0.0627284768211921	-0.0239470198675496	1.96741721854305	0.986490066225167	-0.48026490066225				0.640529801324503	-0.464529801324503	-0.549721854304636	-0.0370860927152318	-0.6564238410596	-0.0556291390728476				0.964026490066225	0.0514966887417219	0.101933774834437	1.0717880794702	-0.228079470198675	-0.897483443708608				0.415788079470199	-0.110834437086093	-0.852238410596026	-1.37960264900662	-0.402384105960265	-1.03470198675497			
6	260	0.983841059602649	0.00275496688741723	0.152476821192053	1.99337748344371	0.975364238410596	-0.344900662251656				0.992953642384106	0.0157880794701987	0.157139072847682	2.67390728476821	1.42781456953642	0.25403973509934				0.981827814569536	0.0627284768211921	-0.00794701986754963	2.52741721854305	0.426490066225167	0.0797350993377501				0.624529801324503	-0.464529801324503	-0.565721854304636	-1.15708609271523	-1.4964238410596	0.224370860927152				0.964026490066225	0.0514966887417219	0.0859337748344371	1.9117880794702	0.611920529801325	-0.617483443708608				0.431788079470199	-0.126834437086093	-0.852238410596026	-1.65960264900662	-0.682384105960265	-1.03470198675497			
7	280	0.983841059602649	0.00275496688741723	0.152476821192053	2.27337748344371	0.135364238410596	-1.18490066225166				0.976953642384106	0.0157880794701987	0.157139072847682	3.23390728476821	0.867814569536424	-0.0259602649006601				0.981827814569536	0.0627284768211921	-0.00794701986754963	2.52741721854305	1.54649006622517	0.0797350993377501				0.640529801324503	-0.464529801324503	-0.533721854304636	-1.15708609271523	-0.9364238410596	0.224370860927152				0.964026490066225	0.0514966887417219	0.0859337748344371	2.1917880794702	0.891920529801325	-1.17748344370861				0.415788079470199	-0.0948344370860927	-0.852238410596026	-1.93960264900662	-1.52238410596026	-0.474701986754968			
8	300	0.967841059602649	0.0187549668874172	0.136476821192053	1.43337748344371	-0.424635761589404	-1.74490066225166				0.992953642384106	0.0157880794701987	0.157139072847682	3.23390728476821	0.867814569536424	0.81403973509934				0.981827814569536	0.0627284768211921	-0.00794701986754963	0.567417218543046	0.706490066225167	0.0797350993377501				0.624529801324503	-0.464529801324503	-0.549721854304636	-0.317086092715232	-1.7764238410596	0.224370860927152				0.964026490066225	0.0514966887417219	0.0859337748344371	2.1917880794702	-0.228079470198675	-1.17748344370861				0.415788079470199	-0.110834437086093	-0.852238410596026	-0.819602649006623	-2.08238410596027	-1.87470198675497			
9	320	0.967841059602649	0.0187549668874172	0.136476821192053	0.593377483443709	-0.144635761589404	-0.904900662251656				0.976953642384106	0.0157880794701987	0.157139072847682	3.51390728476821	1.70781456953642	0.53403973509934				0.997827814569536	0.0627284768211921	-0.00794701986754963	2.24741721854305	0.986490066225167	-0.76026490066225				0.624529801324503	-0.464529801324503	-0.565721854304636	0.522913907284768	-0.3764238410596	0.224370860927152				0.980026490066225	0.0354966887417219	0.101933774834437	1.9117880794702	0.331920529801325	-0.617483443708608				0.431788079470199	-0.0948344370860927	-0.852238410596026	-1.37960264900662	-0.682384105960265	-1.03470198675497			
10	340	0.967841059602649	0.0187549668874172	0.136476821192053	1.99337748344371	0.415364238410596	-0.904900662251656				0.992953642384106	0.0157880794701987	0.173139072847682	3.79390728476821	0.867814569536424	0.25403973509934				0.981827814569536	0.0627284768211921	-0.00794701986754963	2.80741721854305	1.54649006622517	-0.20026490066225				0.640529801324503	-0.464529801324503	-0.565721854304636	0.802913907284768	0.1835761589404	-0.335629139072848				0.964026490066225	0.0514966887417219	0.101933774834437	2.7517880794702	1.45192052980132	-1.17748344370861				0.415788079470199	-0.110834437086093	-0.852238410596026	-0.819602649006623	-0.402384105960265	-2.71470198675497			
11	360	0.967841059602649	0.00275496688741723	0.152476821192053	1.71337748344371	0.135364238410596	-1.18490066225166				0.976953642384106	0.0317880794701987	0.157139072847682	3.23390728476821	0.587814569536424	0.53403973509934				0.981827814569536	0.0627284768211921	-0.00794701986754963	3.64741721854305	0.146490066225167	-0.48026490066225				0.640529801324503	-0.464529801324503	-0.549721854304636	-0.597086092715232	-1.4964238410596	-0.895629139072848				0.964026490066225	0.0514966887417219	0.0699337748344371	1.0717880794702	0.331920529801325	-1.17748344370861				0.415788079470199	-0.110834437086093	-0.852238410596026	-1.37960264900662	0.437615894039735	-2.15470198675497			
12	380	0.983841059602649	0.00275496688741723	0.136476821192053	1.43337748344371	-0.144635761589404	-1.46490066225166				0.976953642384106	0.0317880794701987	0.157139072847682	3.51390728476821	-0.252185430463576	1.09403973509934				0.981827814569536	0.0627284768211921	-0.00794701986754963	1.96741721854305	0.706490066225167	-0.20026490066225				0.624529801324503	-0.464529801324503	-0.565721854304636	0.242913907284768	-1.7764238410596	-0.895629139072848				0.964026490066225	0.0674966887417219	0.101933774834437	-0.328211920529802	1.17192052980133	-1.73748344370861				0.415788079470199	-0.0948344370860927	-0.836238410596026	-0.819602649006623	-0.402384105960265	-1.87470198675497			
13	400	0.967841059602649	0.00275496688741723	0.136476821192053	0.873377483443709	0.415364238410596	-1.74490066225166				0.976953642384106	0.0157880794701987	0.157139072847682	1.83390728476821	1.42781456953642	0.81403973509934				0.981827814569536	0.0627284768211921	-0.0239470198675496	3.08741721854305	0.706490066225167	-1.04026490066225				0.640529801324503	-0.448529801324503	-0.549721854304636	0.242913907284768	-0.6564238410596	-0.0556291390728476				0.964026490066225	0.0514966887417219	0.0859337748344371	1.3517880794702	0.331920529801325	-1.73748344370861				0.415788079470199	-0.110834437086093	-0.836238410596026	-1.09960264900662	-0.962384105960265	-2.15470198675497			
14	420	0.983841059602649	0.00275496688741723	0.152476821192053	0.873377483443709	0.695364238410596	-1.74490066225166				0.992953642384106	0.0157880794701987	0.189139072847682	2.11390728476821	1.42781456953642	0.53403973509934				0.981827814569536	0.0627284768211921	-0.00794701986754963	2.24741721854305	0.986490066225167	-0.76026490066225				0.640529801324503	-0.464529801324503	-0.549721854304636	1.64291390728477	0.1835761589404	-1.45562913907285				0.964026490066225	0.0514966887417219	0.0859337748344371	3.0317880794702	0.0519205298013249	-0.337483443708608				0.431788079470199	-0.110834437086093	-0.852238410596026	-0.539602649006623	0.157615894039735	-1.87470198675497			
15	440	0.967841059602649	0.0187549668874172	0.136476821192053	2.27337748344371	0.975364238410596	-1.74490066225166				0.992953642384106	0.0157880794701987	0.157139072847682	2.67390728476821	-0.812185430463576	0.81403973509934				0.997827814569536	0.0627284768211921	-0.00794701986754963	3.08741721854305	1.26649006622517	-1.04026490066225				0.640529801324503	-0.448529801324503	-0.533721854304636	-1.43708609271523	-2.3364238410596	-2.29562913907285				0.964026490066225	0.0514966887417219	0.101933774834437	3.3117880794702	0.611920529801325	0.222516556291392				0.431788079470199	-0.110834437086093	-0.852238410596026	0.0203973509933773	1.83761589403974	-2.15470198675497			
16	460	0.967841059602649	0.0187549668874172	0.136476821192053	1.99337748344371	0.975364238410596	-1.74490066225166				0.976953642384106	0.0157880794701987	0.157139072847682	1.27390728476821	-1.37218543046358	-0.30596026490066				0.981827814569536	0.0627284768211921	0.00805298013245037	2.80741721854305	0.426490066225167	-1.04026490066225				0.640529801324503	-0.448529801324503	-0.549721854304636	1.92291390728477	-1.2164238410596	-1.17562913907285				0.964026490066225	0.0514966887417219	0.0859337748344371	2.1917880794702	-0.508079470198675	0.222516556291392				0.431788079470199	-0.110834437086093	-0.852238410596026	-0.259602649006623	1.27761589403974	-2.71470198675497			
17	480	0.983841059602649	0.0187549668874172	0.136476821192053	0.593377483443709	0.135364238410596	-1.74490066225166				0.992953642384106	0.0157880794701987	0.173139072847682	2.11390728476821	-0.252185430463576	0.53403973509934				0.981827814569536	0.0627284768211921	-0.00794701986754963	1.68741721854305	0.426490066225167	-1.04026490066225				0.624529801324503	-0.464529801324503	-0.565721854304636	2.76291390728477	-0.9364238410596	-0.335629139072848				0.964026490066225	0.0514966887417219	0.0859337748344371	1.3517880794702	-1.34807947019868	0.222516556291392				0.431788079470199	-0.110834437086093	-0.852238410596026	0.860397350993377	0.157615894039735	-2.43470198675497			
18	500	0.967841059602649	0.0187549668874172	0.136476821192053	0.313377483443709	0.415364238410596	-1.18490066225166				0.992953642384106	0.0317880794701987	0.173139072847682	3.51390728476821	-1.09218543046358	1.37403973509934				0.981827814569536	0.0627284768211921	-0.00794701986754963	1.40741721854305	0.146490066225167	-1.04026490066225				0.640529801324503	-0.464529801324503	-0.565721854304636	2.76291390728477	-0.0964238410596001	-0.335629139072848				0.948026490066225	0.0514966887417219	0.101933774834437	2.4717880794702	-0.228079470198675	0.782516556291392				0.431788079470199	-0.110834437086093	-0.852238410596026	0.860397350993377	-0.402384105960265	-1.31470198675497			
19	520	0.983841059602649	0.00275496688741723	0.136476821192053	1.71337748344371	-0.144635761589404	-1.46490066225166				0.992953642384106	0.0157880794701987	0.173139072847682	2.67390728476821	-0.532185430463576	0.81403973509934				0.997827814569536	0.0627284768211921	-0.00794701986754963	2.24741721854305	0.986490066225167	-0.48026490066225				0.624529801324503	-0.480529801324503	-0.549721854304636	2.48291390728477	0.4635761589404	-0.895629139072848				0.964026490066225	0.0514966887417219	0.0859337748344371	2.4717880794702	0.0519205298013249	0.502516556291392				0.431788079470199	-0.110834437086093	-0.852238410596026	0.0203973509933773	-0.122384105960265	-1.31470198675497			
20	540	0.983841059602649	0.0187549668874172	0.168476821192053	2.27337748344371	0.415364238410596	-1.46490066225166				0.992953642384106	0.0157880794701987	0.173139072847682	2.11390728476821	0.587814569536424	0.25403973509934				0.981827814569536	0.0627284768211921	-0.00794701986754963	1.40741721854305	0.986490066225167	-0.48026490066225				0.640529801324503	-0.464529801324503	-0.565721854304636	0.802913907284768	0.1835761589404	-0.335629139072848				0.964026490066225	0.0514966887417219	0.0859337748344371	1.6317880794702	0.331920529801325	0.502516556291392				0.415788079470199	-0.110834437086093	-0.852238410596026	0.0203973509933773	0.437615894039735	-1.31470198675497			
21	560	0.967841059602649	0.0187549668874172	0.136476821192053	0.593377483443709	0.135364238410596	-1.74490066225166				0.976953642384106	0.0317880794701987	0.157139072847682	1.83390728476821	0.587814569536424	0.53403973509934				0.981827814569536	0.0627284768211921	-0.00794701986754963	1.96741721854305	0.146490066225167	-1.04026490066225				0.640529801324503	-0.464529801324503	-0.565721854304636	-0.317086092715232	-1.7764238410596	-0.615629139072848				0.964026490066225	0.0514966887417219	0.0859337748344371	1.6317880794702	0.331920529801325	-0.0574834437086077				0.431788079470199	-0.0948344370860927	-0.836238410596026	1.70039735099338	-0.122384105960265	-2.43470198675497			
22	580	0.967841059602649	0.0187549668874172	0.136476821192053	0.0333774834437086	0.135364238410596	-1.18490066225166				0.992953642384106	0.0317880794701987	0.157139072847682	1.83390728476821	0.587814569536424	0.53403973509934				0.981827814569536	0.0627284768211921	-0.00794701986754963	0.847417218543046	0.426490066225167	-1.04026490066225				0.640529801324503	-0.464529801324503	-0.565721854304636	0.242913907284768	-1.4964238410596	-1.17562913907285				0.980026490066225	0.0514966887417219	0.0699337748344371	1.0717880794702	-1.62807947019868	-0.0574834437086077				0.431788079470199	-0.110834437086093	-0.852238410596026	1.70039735099338	-0.122384105960265	-2.71470198675497			
23	600	0.983841059602649	0.0187549668874172	0.152476821192053	0.873377483443709	0.135364238410596	-2.02490066225166				0.976953642384106	0.0317880794701987	0.157139072847682	1.27390728476821	0.867814569536424	0.81403973509934				0.981827814569536	0.0787284768211921	-0.00794701986754963	1.96741721854305	0.986490066225167	-0.48026490066225				0.640529801324503	-0.464529801324503	-0.549721854304636	1.08291390728477	-1.4964238410596	-0.895629139072848				0.964026490066225	0.0514966887417219	0.101933774834437	0.511788079470198	1.17192052980133	0.502516556291392				0.415788079470199	-0.110834437086093	-0.852238410596026	1.42039735099338	-0.962384105960265	-3.55470198675497			
24	620	0.967841059602649	0.0187549668874172	0.136476821192053	1.71337748344371	-0.424635761589404	-1.74490066225166				0.992953642384106	0.0317880794701987	0.173139072847682	1.83390728476821	0.867814569536424	0.53403973509934				0.981827814569536	0.0627284768211921	-0.00794701986754963	2.80741721854305	0.986490066225167	-0.48026490066225				0.640529801324503	-0.464529801324503	-0.549721854304636	-0.0370860927152318	-1.7764238410596	-0.895629139072848				0.964026490066225	0.0674966887417219	0.0699337748344371	0.231788079470198	1.17192052980133	0.502516556291392				0.415788079470199	-0.0948344370860927	-0.836238410596026	-0.259602649006623	-0.122384105960265	-2.99470198675497			
25	640	0.967841059602649	0.0187549668874172	0.120476821192053	1.71337748344371	-0.144635761589404	-1.46490066225166				0.976953642384106	0.0317880794701987	0.173139072847682	1.55390728476821	0.867814569536424	0.81403973509934				0.997827814569536	0.0627284768211921	-0.00794701986754963	2.80741721854305	0.706490066225167	-1.04026490066225				0.624529801324503	-0.464529801324503	-0.549721854304636	-0.597086092715232	-2.6164238410596	-0.895629139072848				0.964026490066225	0.0514966887417219	0.0859337748344371	3.8717880794702	0.331920529801325	-0.0574834437086077				0.431788079470199	-0.0948344370860927	-0.852238410596026	1.42039735099338	-0.402384105960265	-3.27470198675497			
26	660	0.983841059602649	0.0347549668874172	0.136476821192053	0.873377483443709	-0.424635761589404	-1.74490066225166				0.976953642384106	0.0317880794701987	0.173139072847682	1.83390728476821	0.587814569536424	-0.0259602649006601				0.981827814569536	0.0787284768211921	0.00805298013245037	2.52741721854305	0.706490066225167	-0.48026490066225				0.624529801324503	-0.448529801324503	-0.565721854304636	0.242913907284768	-1.4964238410596	-0.335629139072848				0.964026490066225	0.0514966887417219	0.0859337748344371	1.0717880794702	-0.228079470198675	0.222516556291392				0.415788079470199	-0.110834437086093	-0.852238410596026	1.42039735099338	-0.682384105960265	-2.99470198675497			
27	680	0.983841059602649	0.0187549668874172	0.152476821192053	1.15337748344371	-0.144635761589404	-1.18490066225166				0.976953642384106	0.0317880794701987	0.157139072847682	1.83390728476821	0.307814569536424	0.53403973509934				0.997827814569536	0.0787284768211921	0.00805298013245037	2.52741721854305	0.706490066225167	-1.04026490066225				0.640529801324503	-0.464529801324503	-0.549721854304636	1.64291390728477	-0.3764238410596	-1.17562913907285				0.964026490066225	0.0674966887417219	0.0859337748344371	1.6317880794702	0.331920529801325	0.222516556291392				0.415788079470199	-0.110834437086093	-0.836238410596026	1.14039735099338	-1.80238410596026	-3.55470198675497			
28	700	0.967841059602649	0.0187549668874172	0.136476821192053	1.15337748344371	-0.424635761589404	-0.904900662251656				0.976953642384106	0.0317880794701987	0.173139072847682	2.11390728476821	-0.252185430463576	0.25403973509934				0.981827814569536	0.0787284768211921	-0.00794701986754963	3.08741721854305	0.146490066225167	-0.76026490066225				0.624529801324503	-0.448529801324503	-0.549721854304636	1.08291390728477	-0.0964238410596001	0.224370860927152				0.964026490066225	0.0514966887417219	0.0859337748344371	1.9117880794702	-0.228079470198675	-0.337483443708608				0.415788079470199	-0.0948344370860927	-0.852238410596026	0.0203973509933773	-1.52238410596026	-2.43470198675497			
29	720	0.967841059602649	0.0187549668874172	0.120476821192053	1.15337748344371	0.135364238410596	-0.624900662251656				0.976953642384106	0.0317880794701987	0.173139072847682	2.39390728476821	0.307814569536424	0.53403973509934				0.981827814569536	0.0627284768211921	-0.0239470198675496	2.80741721854305	0.426490066225167	-0.48026490066225				0.624529801324503	-0.448529801324503	-0.565721854304636	1.64291390728477	-0.0964238410596001	-0.0556291390728476				0.964026490066225	0.0674966887417219	0.0859337748344371	1.6317880794702	-0.508079470198675	0.782516556291392				0.431788079470199	-0.110834437086093	-0.836238410596026	-0.539602649006623	-0.122384105960265	-0.754701986754968			
30	740	0.967841059602649	0.0347549668874172	0.136476821192053	1.15337748344371	0.415364238410596	-1.46490066225166				0.992953642384106	0.0317880794701987	0.157139072847682	2.67390728476821	0.867814569536424	0.81403973509934				0.981827814569536	0.0627284768211921	-0.00794701986754963	3.36741721854305	0.426490066225167	-0.20026490066225				0.640529801324503	-0.464529801324503	-0.565721854304636	1.64291390728477	-0.6564238410596	0.224370860927152				0.964026490066225	0.0514966887417219	0.0859337748344371	2.1917880794702	0.331920529801325	0.222516556291392				0.431788079470199	-0.0948344370860927	-0.836238410596026	0.0203973509933773	0.157615894039735	-1.31470198675497			
31	760	0.983841059602649	0.0187549668874172	0.136476821192053	2.27337748344371	0.135364238410596	-0.624900662251656				0.992953642384106	0.0317880794701987	0.157139072847682	3.23390728476821	0.0278145695364242	0.81403973509934				0.981827814569536	0.0787284768211921	-0.00794701986754963	3.08741721854305	1.54649006622517	0.0797350993377501				0.624529801324503	-0.464529801324503	-0.565721854304636	1.92291390728477	-0.0964238410596001	-0.0556291390728476				0.964026490066225	0.0514966887417219	0.0859337748344371	2.7517880794702	-0.788079470198675	0.222516556291392				0.415788079470199	-0.110834437086093	-0.852238410596026	1.42039735099338	-0.682384105960265	-1.87470198675497			
32	780	0.967841059602649	0.0187549668874172	0.136476821192053	1.43337748344371	-0.424635761589404	-0.904900662251656				0.992953642384106	0.0317880794701987	0.157139072847682	2.67390728476821	-0.532185430463576	0.81403973509934				0.981827814569536	0.0787284768211921	-0.00794701986754963	2.52741721854305	0.986490066225167	-0.76026490066225				0.624529801324503	-0.448529801324503	-0.565721854304636	0.242913907284768	-0.6564238410596	-0.0556291390728476				0.964026490066225	0.0514966887417219	0.0859337748344371	2.7517880794702	0.0519205298013249	0.502516556291392				0.431788079470199	-0.0948344370860927	-0.852238410596026	0.860397350993377	-0.962384105960265	-1.03470198675497			
33	800	0.983841059602649	0.0187549668874172	0.136476821192053	0.873377483443709	0.415364238410596	-1.18490066225166				0.976953642384106	0.0157880794701987	0.173139072847682	2.11390728476821	0.307814569536424	0.53403973509934				0.981827814569536	0.0627284768211921	-0.0239470198675496	2.52741721854305	0.426490066225167	-0.20026490066225				0.624529801324503	-0.464529801324503	-0.549721854304636	-0.0370860927152318	-1.2164238410596	0.504370860927152				0.964026490066225	0.0514966887417219	0.0859337748344371	1.3517880794702	0.0519205298013249	0.502516556291392				0.415788079470199	-0.0948344370860927	-0.852238410596026	-0.539602649006623	-0.682384105960265	-1.31470198675497			
34	820	0.983841059602649	0.0187549668874172	0.136476821192053	1.71337748344371	0.415364238410596	-0.624900662251656				0.976953642384106	0.0317880794701987	0.173139072847682	1.27390728476821	-0.252185430463576	1.09403973509934				0.981827814569536	0.0627284768211921	-0.00794701986754963	3.64741721854305	1.26649006622517	-0.48026490066225				0.640529801324503	-0.448529801324503	-0.565721854304636	0.242913907284768	-1.4964238410596	0.504370860927152				0.964026490066225	0.0674966887417219	0.0699337748344371	1.6317880794702	-1.06807947019868	0.222516556291392				0.431788079470199	-0.0948344370860927	-0.852238410596026	0.0203973509933773	-0.682384105960265	-1.31470198675497			
35	840	0.983841059602649	0.0187549668874172	0.120476821192053	1.71337748344371	-0.424635761589404	-0.0649006622516557				0.992953642384106	0.0317880794701987	0.157139072847682	1.83390728476821	-1.09218543046358	0.81403973509934				0.981827814569536	0.0627284768211921	-0.00794701986754963	2.52741721854305	0.706490066225167	-0.48026490066225				0.624529801324503	-0.464529801324503	-0.549721854304636	0.522913907284768	-0.9364238410596	0.504370860927152				0.964026490066225	0.0674966887417219	0.0859337748344371	1.3517880794702	-0.508079470198675	0.222516556291392				0.431788079470199	-0.110834437086093	-0.852238410596026	0.300397350993377	-0.122384105960265	-1.59470198675497			
36	860	0.967841059602649	0.0187549668874172	0.120476821192053	-0.526622516556291	-0.424635761589404	-0.624900662251656				0.992953642384106	0.0157880794701987	0.173139072847682	0.993907284768212	-0.252185430463576	0.53403973509934				0.997827814569536	0.0787284768211921	-0.00794701986754963	0.847417218543046	0.426490066225167	0.0797350993377501				0.624529801324503	-0.464529801324503	-0.565721854304636	-0.0370860927152318	-0.9364238410596	1.06437086092715				0.964026490066225	0.0514966887417219	0.101933774834437	1.6317880794702	-0.228079470198675	1.06251655629139				0.431788079470199	-0.110834437086093	-0.868238410596026	0.580397350993377	-0.402384105960265	-1.03470198675497			
37	880	0.967841059602649	0.0187549668874172	0.120476821192053	0.0333774834437086	0.135364238410596	-0.624900662251656				0.976953642384106	0.0317880794701987	0.157139072847682	0.993907284768212	-0.532185430463576	1.09403973509934				0.981827814569536	0.0627284768211921	-0.00794701986754963	1.40741721854305	0.426490066225167	-0.20026490066225				0.608529801324503	-0.480529801324503	-0.549721854304636	1.08291390728477	-0.3764238410596	1.06437086092715				0.980026490066225	0.0514966887417219	0.0859337748344371	1.0717880794702	-0.788079470198675	0.502516556291392				0.415788079470199	-0.110834437086093	-0.836238410596026	0.300397350993377	-1.24238410596026	0.0852980132450323			
38	900	0.967841059602649	0.0187549668874172	0.136476821192053	1.43337748344371	0.415364238410596	-1.18490066225166				0.976953642384106	0.0157880794701987	0.173139072847682	0.993907284768212	0.307814569536424	0.53403973509934				0.981827814569536	0.0627284768211921	-0.0239470198675496	1.12741721854305	-0.413509933774833	-0.20026490066225				0.624529801324503	-0.464529801324503	-0.549721854304636	0.242913907284768	0.1835761589404	1.06437086092715				0.964026490066225	0.0514966887417219	0.0699337748344371	0.791788079470198	-1.34807947019868	0.782516556291392				0.431788079470199	-0.110834437086093	-0.852238410596026	-1.37960264900662	-1.24238410596026	0.645298013245032			
39	920	0.983841059602649	0.0187549668874172	0.136476821192053	1.15337748344371	-0.424635761589404	-0.904900662251656				0.992953642384106	0.0157880794701987	0.157139072847682	0.153907284768212	-0.252185430463576	-0.0259602649006601				0.997827814569536	0.0627284768211921	-0.0239470198675496	0.00741721854304636	0.146490066225167	-0.48026490066225				0.624529801324503	-0.448529801324503	-0.549721854304636	-0.317086092715232	0.1835761589404	1.06437086092715				0.964026490066225	0.0514966887417219	0.117933774834437	2.7517880794702	2.29192052980133	-0.0574834437086077				0.415788079470199	-0.110834437086093	-0.852238410596026	-1.37960264900662	-0.402384105960265	0.365298013245032			
40	940	0.967841059602649	0.0187549668874172	0.120476821192053	-0.526622516556291	-0.704635761589404	-1.18490066225166				0.976953642384106	0.0317880794701987	0.157139072847682	0.433907284768212	-1.37218543046358	-0.0259602649006601				0	0	0	0	0	0				0	0	0	0	0	0				0	0	0	0	0	0				0	0	0	0	0	0			
41	1080	0	0	0	0	0	0				0	0	0	0	0	0				0	0	0	0	0	0				0	0	0	0	0	0				0.964026490066225	0.0514966887417219	0.0859337748344371	-0.328211920529802	-2.18807947019868	-0.337483443708608				0.415788079470199	-0.110834437086093	-0.852238410596026	-0.819602649006623	-0.402384105960265	0.365298013245032			
42	1100	0	0	0	0	0	0				0	0	0	0	0	0				0	0	0	0	0	0				0.640529801324503	-0.480529801324503	-0.565721854304636	1.92291390728477	0.1835761589404	2.18437086092715				0.964026490066225	0.0514966887417219	0.0699337748344371	0.231788079470198	-0.508079470198675	1.06251655629139				0.431788079470199	-0.110834437086093	-0.852238410596026	-3.89960264900662	-0.122384105960265	0.645298013245032			
43	1120	0.983841059602649	0.0187549668874172	0.120476821192053	-1.08662251655629	0.135364238410596	-2.02490066225166				0.992953642384106	0.0317880794701987	0.141139072847682	0.993907284768212	-1.93218543046358	0.53403973509934				0.981827814569536	0.0787284768211921	-0.00794701986754963	1.68741721854305	0.986490066225167	0.35973509933775				0.640529801324503	-0.480529801324503	-0.565721854304636	0.522913907284768	0.4635761589404	1.90437086092715				0.964026490066225	0.0514966887417219	0.0699337748344371	0.791788079470198	1.17192052980133	0.502516556291392				0.431788079470199	-0.110834437086093	-0.852238410596026	-5.29960264900662	-0.122384105960265	0.645298013245032			
44	1140	0.967841059602649	0.0187549668874172	0.120476821192053	-1.08662251655629	-0.144635761589404	-1.46490066225166				0.992953642384106	0.0317880794701987	0.141139072847682	-0.126092715231788	-3.33218543046358	-0.585960264900661				0.981827814569536	0.0627284768211921	-0.0239470198675496	0.00741721854304636	0.146490066225167	-0.48026490066225				0.624529801324503	-0.464529801324503	-0.581721854304636	-2.55708609271523	-0.3764238410596	1.90437086092715				0.980026490066225	0.0354966887417219	0.0859337748344371	-0.328211920529802	-0.228079470198675	0.782516556291392				0.431788079470199	-0.0948344370860927	-0.836238410596026	-4.17960264900662	-0.962384105960265	0.925298013245032			
45	1160	0.967841059602649	0.00275496688741723	0.120476821192053	-2.76662251655629	0.415364238410596	-1.18490066225166				0.992953642384106	0.0157880794701987	0.125139072847682	-1.52609271523179	-3.89218543046358	0.25403973509934				0.981827814569536	0.0627284768211921	-0.0239470198675496	-1.67258278145695	0.426490066225167	-0.48026490066225				0.624529801324503	-0.448529801324503	-0.549721854304636	-1.15708609271523	-0.6564238410596	0.784370860927152				0.980026490066225	0.0354966887417219	0.0699337748344371	-2.5682119205298	-2.74807947019868	0.222516556291392				0.415788079470199	-0.0948344370860927	-0.852238410596026	-2.77960264900662	-0.682384105960265	0.0852980132450323			
46	1180	0.967841059602649	0.00275496688741723	0.104476821192053	-2.48662251655629	2.6553642384106	-2.30490066225166				0.992953642384106	0.0157880794701987	0.125139072847682	-3.76609271523179	-5.85218543046358	-0.585960264900661				0.981827814569536	0.0627284768211921	-0.00794701986754963	-4.19258278145695	0.706490066225167	-0.20026490066225				0.624529801324503	-0.464529801324503	-0.565721854304636	1.08291390728477	-0.3764238410596	1.34437086092715				0.964026490066225	0.0674966887417219	0.0699337748344371	-2.5682119205298	-3.86807947019868	1.06251655629139				0.415788079470199	-0.0788344370860927	-0.820238410596026	-2.77960264900662	0.997615894039735	0.925298013245032			
47	1200	0.967841059602649	0.0187549668874172	0.104476821192053	-4.72662251655629	3.4953642384106	-1.46490066225166				0.992953642384106	0.0317880794701987	0.109139072847682	-4.88609271523179	-6.97218543046358	-0.30596026490066				0.997827814569536	0.0627284768211921	-0.00794701986754963	-4.75258278145695	0.426490066225167	-0.20026490066225				0.624529801324503	-0.480529801324503	-0.581721854304636	0.802913907284768	-0.3764238410596	0.784370860927152				0.980026490066225	0.0674966887417219	0.0699337748344371	-1.7282119205298	-4.14807947019868	1.34251655629139				0.415788079470199	-0.0948344370860927	-0.836238410596026	-3.33960264900662	0.997615894039735	2.32529801324503			
48	1220	0.967841059602649	0.0187549668874172	0.088476821192053	-7.24662251655629	4.3353642384106	-2.30490066225166				0.992953642384106	0.0317880794701987	0.109139072847682	-6.84609271523179	-7.25218543046358	-1.14596026490066				0.981827814569536	0.0627284768211921	-0.00794701986754963	-8.39258278145695	1.54649006622517	0.63973509933775				0.608529801324503	-0.480529801324503	-0.565721854304636	-0.877086092715232	2.4235761589404	0.224370860927152				0.980026490066225	0.0514966887417219	0.0699337748344371	-2.2882119205298	-5.82807947019868	0.502516556291392				0.431788079470199	-0.110834437086093	-0.852238410596026	-5.29960264900662	0.437615894039735	4.00529801324503			
49	1240	0.967841059602649	0.0347549668874172	0.056476821192053	-11.4466225165563	5.1753642384106	-3.98490066225166				0.992953642384106	0.0157880794701987	0.141139072847682	-7.40609271523179	-6.97218543046358	-1.98596026490066				0.981827814569536	0.0787284768211921	-0.00794701986754963	-12.032582781457	0.986490066225167	1.19973509933775				0.592529801324503	-0.464529801324503	-0.565721854304636	2.76291390728477	4.1035761589404	-1.17562913907285				0.980026490066225	0.0514966887417219	0.0539337748344371	-4.2482119205298	-8.62807947019868	0.502516556291392				0.431788079470199	-0.0948344370860927	-0.852238410596026	-9.21960264900662	0.157615894039735	5.40529801324503			
50	1260	0.999841059602649	0.0347549668874172	0.056476821192053	-14.8066225165563	5.4553642384106	-3.98490066225166				1.00895364238411	-0.000211920529801304	0.141139072847682	-8.80609271523179	-5.85218543046358	-2.26596026490066				0.997827814569536	0.0787284768211921	-0.00794701986754963	-13.992582781457	1.82649006622517	1.75973509933775				0.576529801324503	-0.432529801324503	-0.597721854304636	3.04291390728477	4.6635761589404	-1.45562913907285				0.964026490066225	0.0674966887417219	0.0379337748344371	-6.2082119205298	-10.0280794701987	1.06251655629139				0.447788079470199	-0.0788344370860927	-0.836238410596026	-10.3396026490066	-1.24238410596026	5.40529801324503			
51	1280	1.03184105960265	0.0347549668874172	-0.00752317880794696	-17.0466225165563	2.9353642384106	-5.66490066225166				1.00895364238411	0.0157880794701987	0.173139072847682	-7.12609271523179	-3.89218543046358	-2.54596026490066				0.997827814569536	0.0627284768211921	-0.0239470198675496	-15.392582781457	0.706490066225167	3.15973509933775				0.576529801324503	-0.448529801324503	-0.613721854304636	4.16291390728477	5.7835761589404	-2.01562913907285				0.948026490066225	0.0514966887417219	0.0699337748344371	-7.3282119205298	-9.46807947019868	0.782516556291392				0.431788079470199	-0.0788344370860927	-0.836238410596026	-9.21960264900662	-0.402384105960265	6.80529801324503			
52	1300	1.03184105960265	0.0507549668874172	-0.071523178807947	-26.2866225165563	-3.5046357615894	-7.90490066225166				0.992953642384106	0.0317880794701987	0.157139072847682	-8.24609271523179	-13.1321854304636	-1.42596026490066				0.981827814569536	0.0627284768211921	0.00805298013245037	-19.592582781457	2.94649006622517	5.11973509933775				0.576529801324503	-0.496529801324503	-0.629721854304636	2.76291390728477	6.6235761589404	-2.29562913907285				0.948026490066225	0.0674966887417219	0.0539337748344371	-10.4082119205298	-7.22807947019868	-0.897483443708608				0.447788079470199	-0.0788344370860927	-0.820238410596026	-12.8596026490066	1.27761589403974	10.445298013245			
53	1320	1.06384105960265	0.0507549668874172	-0.183523178807947	-34.4066225165563	-18.0646357615894	-8.74490066225166				0.976953642384106	0.0317880794701987	0.157139072847682	-20.8460927152318	-16.4921854304636	0.53403973509934				0.997827814569536	0.0627284768211921	0.0560529801324504	-25.192582781457	1.26649006622517	6.79973509933775				0.560529801324503	-0.512529801324503	-0.661721854304636	-4.79708609271523	7.7435761589404	0.224370860927152				0.948026490066225	0.0674966887417219	0.0379337748344371	-16.8482119205298	-6.38807947019868	-2.57748344370861				0.447788079470199	-0.0628344370860927	-0.804238410596027	-13.6996026490066	-0.122384105960265	13.525298013245			
54	1340	1.11184105960265	0.0827549668874172	-0.263523178807947	-42.8066225165563	-33.4646357615894	-9.02490066225166				0.992953642384106	0.0637880794701987	0.157139072847682	-31.4860927152318	-18.4521854304636	-1.14596026490066				0.997827814569536	0.0787284768211921	0.0880529801324504	-35.272582781457	-1.53350993377483	7.91973509933775				0.560529801324503	-0.512529801324503	-0.693721854304636	-14.5970860927152	5.7835761589404	7.78437086092715				0.948026490066225	0.0834966887417219	0.0219337748344371	-21.6082119205298	-10.3080794701987	-4.53748344370861				0.463788079470199	-0.0308344370860927	-0.788238410596027	-16.2196026490066	-1.24238410596026	15.485298013245			
55	1360	1.12784105960265	0.0827549668874172	-0.311523178807947	-54.5666225165563	-56.4246357615894	-9.30490066225166				0.928953642384106	0.0797880794701987	0.173139072847682	-34.0060927152318	-20.6921854304636	-0.585960264900661				1.01382781456954	0.174728476821192	0.0880529801324504	-36.112582781457	-2.37350993377483	8.47973509933775				0.528529801324503	-0.512529801324503	-0.741721854304636	-21.3170860927152	4.3835761589404	17.8643708609272				0.948026490066225	0.115496688741722	-0.0100662251655629	-27.7682119205298	-13.9480794701987	-6.21748344370861				0.479788079470199	-0.0468344370860927	-0.788238410596027	-20.4196026490066	-2.08238410596027	19.685298013245			
56	1380	1.11184105960265	0.0507549668874172	-0.375523178807947	-63.2466225165563	-81.6246357615894	-9.86490066225166				0.912953642384106	0.127788079470199	0.173139072847682	-38.2060927152318	-12.2921854304636	-0.30596026490066				1.01382781456954	0.142728476821192	0.13605298013245	-35.552582781457	-9.37350993377483	10.4397350993378				0.544529801324503	-0.528529801324503	-0.773721854304636	-28.0370860927152	0.4635761589404	27.9443708609272				0.916026490066225	0.147496688741722	-0.0100662251655629	-35.6082119205298	-15.0680794701987	-8.17748344370861				0.495788079470199	-0.0468344370860927	-0.788238410596027	-23.2196026490066	-4.04238410596027	27.525298013245			
57	1400	1.11184105960265	-0.0132450331125828	-0.343523178807947	-65.4866225165563	-100.384635761589	-8.46490066225166				0.928953642384106	0.191788079470199	0.189139072847682	-38.7660927152318	-8.65218543046358	-3.66596026490066				0.981827814569536	0.126728476821192	0.12005298013245	-43.952582781457	-10.4935099337748	12.3997350993378				0.544529801324503	-0.528529801324503	-0.805721854304636	-45.1170860927152	-4.0164238410596	32.9843708609272				0.884026490066225	0.179496688741722	0.0219337748344371	-44.2882119205298	-10.3080794701987	-11.2574834437086				0.527788079470199	-0.0308344370860927	-0.772238410596026	-30.2196026490066	-7.40238410596027	37.885298013245			
58	1420	1.19184105960265	-0.141245033112583	-0.247523178807947	-83.1266225165563	-111.864635761589	0.495099337748344				0.976953642384106	0.191788079470199	0.141139072847682	-48.0060927152318	-6.41218543046358	-6.74596026490066				1.01382781456954	0.126728476821192	0.0560529801324504	-55.992582781457	-13.2935099337748	16.0397350993378				0.496529801324503	-0.544529801324503	-0.805721854304636	-66.1170860927152	-5.6964238410596	34.3843708609272				0.900026490066225	0.195496688741722	0.00593377483443711	-51.0082119205298	-5.54807947019868	-15.1774834437086				0.543788079470199	0.00116556291390731	-0.756238410596026	-35.8196026490066	-12.4423841059603	50.205298013245			
59	1440	1.11184105960265	-0.237245033112583	-0.391523178807947	-136.606622516556	-137.064635761589	20.9350993377483				0.992953642384106	0.239788079470199	0.0931390728476822	-55.2860927152318	4.22781456953642	-4.50596026490066				1.02982781456954	0.174728476821192	0.0720529801324504	-65.512582781457	-20.2935099337748	17.9997350993378				0.416529801324503	-0.496529801324503	-0.821721854304636	-81.5170860927152	0.1835761589404	37.7443708609272				0.964026490066225	0.211496688741722	0.0379337748344371	-61.6482119205298	1.73192052980133	-19.6574834437086				0.543788079470199	0.0491655629139073	-0.756238410596026	-39.4596026490066	-17.4823841059603	58.885298013245			
60	1460	0.871841059602649	-0.173245033112583	0.168476821192053	-154.806622516556	-77.1446357615894	30.1750993377483				0.944953642384106	0.287788079470199	0.173139072847682	-67.8860927152318	11.5078145695364	-6.74596026490066				0.965827814569536	0.286728476821192	0.0720529801324504	-71.392582781457	-15.8135099337748	16.8797350993378				0.384529801324503	-0.448529801324503	-0.821721854304636	-81.7970860927152	12.2235761589404	42.7843708609272				0.964026490066225	0.227496688741722	-0.0420662251655629	-78.7282119205298	-1.06807947019868	-24.9774834437086				0.543788079470199	0.113165562913907	-0.772238410596026	-37.4996026490066	-14.6823841059603	67.005298013245			
61	1480	0.791841059602649	0.0987549668874172	0.744476821192053	-179.726622516556	-90.3046357615894	33.5350993377483				0.896953642384106	0.239788079470199	0.0771390728476822	-77.6860927152318	3.10781456953642	-6.74596026490066				0.901827814569536	0.302728476821192	0.0880529801324504	-75.032582781457	-16.6535099337748	18.8397350993378				0.352529801324503	-0.448529801324503	-0.853721854304636	-99.4370860927152	23.4235761589404	46.7043708609272				0.932026490066225	0.275496688741722	-0.0740662251655629	-100.28821192053	-6.66807947019868	-26.0974834437086				0.543788079470199	0.145165562913907	-0.724238410596026	-33.2996026490066	-11.0423841059603	72.885298013245			
62	1500	0.551841059602649	-0.205245033112583	0.616476821192053	-121.766622516556	-50.5446357615894	55.9350993377484				0.976953642384106	0.207788079470199	-0.0348609271523178	-79.6460927152318	10.6678145695364	-6.46596026490066				0.949827814569536	0.254728476821192	0.0560529801324504	-72.792582781457	-17.2135099337748	23.5997350993378				0.320529801324503	-0.368529801324503	-0.757721854304636	-107.557086092715	23.7035761589404	55.1043708609272				1.02802649006623	0.227496688741722	-0.0260662251655629	-101.40821192053	-0.788079470198675	-23.5774834437086				0.559788079470199	0.0811655629139073	-0.772238410596026	-44.4996026490066	-8.52238410596027	78.765298013245			
63	1520	0.615841059602649	-0.301245033112583	0.856476821192053	-130.446622516556	16.0953642384106	65.7350993377484				1.04095364238411	0.239788079470199	0.0611390728476822	-88.8860927152318	22.1478145695364	-9.26596026490066				0.981827814569536	0.270728476821192	-0.0239470198675496	-78.392582781457	-14.4135099337748	27.7997350993378				0.368529801324503	-0.384529801324503	-0.805721854304636	-105.317086092715	28.4635761589404	69.9443708609272				1.04402649006623	0.227496688741722	-0.0740662251655629	-117.08821192053	-4.42807947019868	-23.2974834437086				0.591788079470199	0.0811655629139073	-0.948238410596026	-60.1796026490066	3.23761589403974	82.685298013245			
64	1540	0.567841059602649	-0.269245033112583	0.680476821192053	-208.286622516556	75.7353642384106	53.4150993377484				0.992953642384106	0.191788079470199	0.221139072847682	-81.6060927152318	18.7878145695364	-15.7059602649007				0.981827814569536	0.206728476821192	-0.10394701986755	-86.232582781457	-12.7335099337748	33.9597350993377				0.480529801324503	-0.528529801324503	-0.773721854304636	-103.637086092715	36.0235761589404	84.7843708609272				0.900026490066225	0.275496688741722	-0.0900662251655629	-123.24821192053	-8.06807947019868	-21.3374834437086				0.527788079470199	0.177165562913907	-0.868238410596026	-52.3396026490066	6.59761589403974	90.8052980132451			
65	1560	0.727841059602649	0.00275496688741723	0.696476821192053	-264.286622516556	119.975364238411	37.4550993377484				0.880953642384106	0.159788079470199	0.205139072847682	-88.8860927152318	7.86781456953642	-21.5859602649007				0.965827814569536	0.126728476821192	-0.15194701986755	-93.232582781457	-12.7335099337748	40.1197350993378				0.416529801324503	-0.640529801324503	-0.917721854304636	-130.517086092715	55.3435761589404	92.0643708609272				0.804026490066225	0.259496688741722	-0.0100662251655629	-121.84821192053	-8.06807947019868	-20.4974834437086				0.447788079470199	0.257165562913907	-0.708238410596026	-68.2996026490066	0.997615894039735	105.365298013245			
66	1580	0.887841059602649	0.722754966887417	0.392476821192053	-248.606622516556	116.055364238411	17.8550993377483				0.752953642384106	0.191788079470199	0.109139072847682	-106.806092715232	6.74781456953642	-19.0659602649007				0.965827814569536	0.0787284768211921	-0.16794701986755	-100.512582781457	-16.6535099337748	43.1997350993378				0.368529801324503	-0.640529801324503	-0.533721854304636	-125.197086092715	45.8235761589404	84.2243708609272				0.756026490066225	0.179496688741722	-0.0260662251655629	-119.04821192053	-11.4280794701987	-23.0174834437086				0.383788079470199	0.193165562913907	-0.676238410596026	-81.4596026490066	-17.4823841059603	116.845298013245			
67	1600	1.44784105960265	1.68275496688742	-0.727523178807947	-262.606622516556	95.3353642384106	-10.9849006622517				0.656953642384106	0.0957880794701987	0.109139072847682	-126.686092715232	26.0678145695364	-9.26596026490066				0.917827814569536	0.174728476821192	-0.16794701986755	-120.952582781457	-27.2935099337748	40.9597350993377				0.336529801324503	-0.240529801324503	-0.693721854304636	-163.277086092715	29.5835761589404	86.4643708609272				0.852026490066225	0.163496688741722	0.0379337748344371	-125.48821192053	7.05192052980133	-30.5774834437086				0.319788079470199	0.0651655629139073	-0.756238410596026	-82.8596026490066	-32.0423841059603	118.245298013245			
68	1620	2.02384105960265	1.31475496688742	-0.455523178807947	-246.366622516556	-126.144635761589	18.9750993377483				1.13695364238411	0.0157880794701987	-0.00286092715231785	-154.126092715232	72.8278145695364	-5.34596026490066				1.14182781456954	0.462728476821192	-0.10394701986755	-115.352582781457	-37.6535099337748	22.4797350993378				0.416529801324503	-0.304529801324503	-0.645721854304636	-153.477086092715	35.4635761589404	88.4243708609272				1.01202649006623	-0.0285033112582781	0.261933774834437	-86.8482119205298	29.4519205298013	-34.2174834437086				0.303788079470199	-0.0308344370860927	-0.932238410596026	-92.3796026490066	-30.9223841059603	104.805298013245			
69	1640	0.407841059602649	0.786754966887417	0.360476821192053	89.6333774834437	-56.4246357615894	14.4950993377483				1.31295364238411	-0.0162119205298013	0.685139072847682	-193.606092715232	74.2278145695364	-33.9059602649007				1.02982781456954	0.286728476821192	-0.13594701986755	-110.312582781457	-85.8135099337748	18.8397350993378				0.528529801324503	-0.496529801324503	-0.549721854304636	-111.477086092715	51.4235761589404	79.7443708609272				1.14002649006623	0.115496688741722	0.0539337748344371	-181.76821192053	27.7719205298013	-35.0574834437086				0.415788079470199	0.129165562913907	-1.14023841059603	-93.2196026490066	9.39761589403974	97.525298013245			
70	1660	0.631841059602649	-1.26124503311258	-0.407523178807947	298.233377483444	-0.704635761589404	65.4550993377484				1.28095364238411	0.0637880794701987	0.349139072847682	-125.006092715232	15.4278145695364	-42.3059602649007				1.18982781456954	0.0307284768211921	-0.29594701986755	-95.752582781457	-82.4535099337748	28.6397350993378				0.704529801324503	-0.608529801324503	-0.485721854304636	-95.2370860927152	58.9835761589404	72.4643708609272				1.06002649006623	0.0194966887417219	-0.106066225165563	-130.80821192053	22.4519205298013	-28.8974834437086				0.367788079470199	0.225165562913907	-1.01223841059603	-47.2996026490066	23.6776158940397	97.8052980132451			
71	1680	0.855841059602649	-2.02924503311258	-0.423523178807947	-10.3266225165563	21.1353642384106	64.8950993377483				1.12095364238411	0.0797880794701987	0.141139072847682	-121.366092715232	-27.9721854304636	-47.0659602649007				1.18982781456954	0.0467284768211921	-0.72794701986755	-119.832582781457	-68.1735099337748	29.4797350993378				0.768529801324503	-0.544529801324503	-0.533721854304636	-82.9170860927152	59.8235761589404	64.9043708609272				1.04402649006623	0.0354966887417219	0.181933774834437	-111.76821192053	35.6119205298013	-31.1374834437086				0.335788079470199	0.129165562913907	-0.900238410596026	-38.8996026490066	27.0376158940397	97.245298013245			
72	1700	1.03184105960265	-0.525245033112583	0.264476821192053	-222.846622516556	28.9753642384106	3.85509933774834				1.16895364238411	0.0157880794701987	-0.194860927152318	-128.926092715232	-13.1321854304636	-43.9859602649007				1.14182781456954	-0.0332715231788079	-0.64794701986755	-133.832582781457	-41.0135099337748	21.3597350993378				0.848529801324503	-0.448529801324503	-0.629721854304636	-96.9170860927152	65.7035761589404	57.3443708609272				1.17202649006623	0.131496688741722	0.325933774834437	-99.4482119205298	29.1719205298013	-32.5374834437086				0.303788079470199	-0.0948344370860927	-0.964238410596026	-53.7396026490066	20.3176158940397	86.325298013245			
73	1720	1.07984105960265	0.226754966887417	-0.119523178807947	-181.126622516556	-4.0646357615894	-3.42490066225166				1.15295364238411	-0.0482119205298013	0.189139072847682	-153.286092715232	12.0678145695364	-37.2659602649007				1.12582781456954	-0.289271523178808	-0.16794701986755	-151.192582781457	-30.9335099337748	17.7197350993378				0.928529801324503	-0.336529801324503	-0.565721854304636	-99.1570860927152	60.1035761589404	54.5443708609272				1.15602649006623	0.179496688741722	0.229933774834437	-152.36821192053	10.4119205298013	-36.4574834437086				0.399788079470199	-0.0628344370860927	-0.932238410596026	-63.2596026490066	21.7176158940397	88.845298013245			
74	1740	1.03184105960265	0.386754966887417	-0.231523178807947	-153.966622516556	0.415364238410596	8.05509933774835				0.848953642384106	-0.000211920529801304	0.221139072847682	-121.086092715232	-15.9321854304636	-23.5459602649007				0.805827814569536	-0.369271523178808	0.12005298013245	-133.832582781457	-38.2135099337748	9.31973509933775				0.944529801324503	-0.272529801324503	-0.549721854304636	-93.8370860927152	46.1035761589404	59.8643708609272				1.04402649006623	0.195496688741722	0.101933774834437	-135.84821192053	-16.1880794701987	-34.4974834437086				0.463788079470199	0.0811655629139073	-0.804238410596027	-65.2196026490066	27.5976158940397	105.085298013245			
75	1760	1.03184105960265	0.194754966887417	-0.103523178807947	-64.6466225165563	8.5353642384106	20.6550993377483				0.880953642384106	-0.384211920529801	-0.0188609271523178	-128.086092715232	-18.7321854304636	-13.1859602649007				0.629827814569536	-0.305271523178808	0.24805298013245	-162.672582781457	-23.0935099337748	5.39973509933775				0.736529801324503	-0.272529801324503	-0.517721854304636	-85.4370860927152	34.0635761589404	57.3443708609272				0.900026490066225	0.163496688741722	0.277933774834437	-104.48821192053	-26.8280794701987	-28.0574834437086				0.495788079470199	0.145165562913907	-0.852238410596026	-89.5796026490066	33.7576158940397	105.365298013245			
76	1780	0.983841059602649	0.00275496688741723	-0.00752317880794696	-33.8466225165563	22.5353642384106	18.6950993377483				0.912953642384106	-0.0322119205298013	0.205139072847682	-139.006092715232	47.9078145695364	-19.0659602649007				0.645827814569536	-0.273271523178808	0.45605298013245	-131.312582781457	-5.73350993377484	-13.3602649006623				0.608529801324503	-0.192529801324503	-0.453721854304636	-83.7570860927152	26.7835761589404	48.6643708609272				0.836026490066225	0.131496688741722	0.341933774834437	-114.28821192053	-19.2680794701987	-24.6974834437086				0.495788079470199	0.145165562913907	-0.948238410596026	-64.9396026490066	21.4376158940397	93.325298013245			
77	1800	0.967841059602649	-0.109245033112583	-0.119523178807947	-17.3266225165563	5.1753642384106	11.6950993377483				0.944953642384106	-0.0162119205298013	0.333139072847682	-118.566092715232	16.8278145695364	-21.5859602649007				0.613827814569536	-0.0652715231788079	0.28005298013245	-162.392582781457	-4.61350993377483	4.55973509933775				0.592529801324503	-0.128529801324503	-0.421721854304636	-71.9970860927152	23.9835761589404	46.1443708609272				0.836026490066225	0.115496688741722	0.261933774834437	-130.80821192053	-16.7480794701987	-25.5374834437086				0.495788079470199	0.161165562913907	-0.900238410596026	-32.4596026490066	5.19761589403974	83.525298013245			
78	1820	0.951841059602649	-0.221245033112583	-0.231523178807947	-59.6066225165563	-3.7846357615894	0.775099337748344				0.848953642384106	-0.0162119205298013	0.285139072847682	-103.166092715232	-5.57218543046358	-24.1059602649007				0.645827814569536	-0.0332715231788079	0.20005298013245	-220.072582781457	14.1464900662252	38.4397350993378				0.688529801324503	-0.176529801324503	-0.437721854304636	-54.9170860927152	26.5035761589404	48.6643708609272				0.788026490066225	0.211496688741722	0.197933774834437	-126.04821192053	-14.5080794701987	-20.7774834437086				0.479788079470199	0.177165562913907	-0.852238410596026	-20.4196026490066	-1.80238410596026	78.765298013245			
79	1840	1.09584105960265	-0.253245033112583	-0.295523178807947	-116.166622516556	-12.1846357615894	-14.6249006622517				0.832953642384106	-0.0162119205298013	0.109139072847682	-99.5260927152318	-15.6521854304636	-22.9859602649007				0.709827814569536	-0.0332715231788079	0.28005298013245	-206.632582781457	79.1064900662252	54.9597350993377				0.720529801324503	-0.256529801324503	-0.469721854304636	-54.0770860927152	19.5035761589404	52.8643708609272				0.788026490066225	0.243496688741722	0.181933774834437	-103.64821192053	-10.3080794701987	-14.8974834437086				0.479788079470199	0.129165562913907	-0.836238410596026	-21.5396026490066	-8.24238410596027	77.645298013245			
80	1860	1.14384105960265	-0.0772450331125828	-0.407523178807947	-145.286622516556	-49.4246357615894	-31.9849006622517				0.704953642384106	0.0477880794701987	0.0771390728476822	-104.006092715232	-8.09218543046358	-22.4259602649007				0.613827814569536	0.158728476821192	0.52005298013245	-179.192582781457	84.4264900662252	52.9997350993378				0.704529801324503	-0.272529801324503	-0.517721854304636	-50.7170860927152	7.7435761589404	72.1843708609272				0.804026490066225	0.227496688741722	0.213933774834437	-96.3682119205298	-17.0280794701987	-11.5374834437086				0.399788079470199	0.113165562913907	-0.820238410596026	-22.3796026490066	-23.6423841059603	78.765298013245			
81	1880	1.11184105960265	0.0987549668874172	-0.615523178807947	-148.646622516556	-88.9046357615894	-48.5049006622517				0.624953642384106	0.0957880794701987	0.189139072847682	-89.1660927152318	4.50781456953642	-20.4659602649007				0.821827814569536	0.702728476821192	0.53605298013245	-213.912582781457	111.866490066225	43.7597350993378				0.512529801324503	-0.336529801324503	-0.565721854304636	-56.8770860927152	-4.5764238410596	90.6643708609272				0.724026490066225	0.163496688741722	0.117933774834437	-96.0882119205298	-24.5880794701987	-7.05748344370861				0.367788079470199	0.129165562913907	-0.772238410596026	-23.7796026490066	-39.0423841059603	83.805298013245			
82	1900	0.855841059602649	-0.0612450331125828	-0.615523178807947	-143.606622516556	-123.904635761589	-51.0249006622517				0.688953642384106	0.239788079470199	0.253139072847682	-65.0860927152318	25.5078145695364	-22.4259602649007				2.02182781456954	1.45472847682119	-1.35194701986755	-145.592582781457	90.5864900662252	31.7197350993378				0.352529801324503	-0.224529801324503	-0.853721854304636	-70.5970860927152	-2.0564238410596	99.9043708609272				0.932026490066225	0.371496688741722	0.197933774834437	-103.64821192053	-17.0280794701987	-10.1374834437086				0.351788079470199	0.0971655629139073	-0.724238410596026	-20.9796026490066	-46.8823841059603	88.005298013245			
83	1920	0.855841059602649	-0.333245033112583	-0.487523178807947	-130.166622516556	-119.424635761589	-24.1449006622517				1.48895364238411	0.367788079470199	0.349139072847682	-42.1260927152318	73.9478145695364	-18.2259602649007				1.86182781456954	1.83872847682119	-1.81594701986755	236.327417218543	-99.2535099337748	-58.7202649006623				0.400529801324503	-0.496529801324503	-1.25372185430464	-54.3570860927152	39.1035761589404	94.5843708609272				1.09202649006623	0.227496688741722	0.181933774834437	-93.0082119205298	-8.90807947019868	-21.6174834437086				0.623788079470199	0.225165562913907	-0.804238410596027	-54.5796026490066	-47.7223841059603	81.845298013245			
84	1940	0.935841059602649	-0.685245033112583	-0.055523178807947	-155.926622516556	-102.344635761589	32.1350993377484				1.24895364238411	0.303788079470199	0.861139072847682	-67.3260927152318	64.9878145695364	-19.6259602649007				-0.362172185430464	-2.01727152317881	0.32805298013245	186.767417218543	-50.5335099337748	102.279735099338				0.400529801324503	-0.448529801324503	-0.821721854304636	-88.7970860927152	23.9835761589404	73.3043708609272				0.836026490066225	0.323496688741722	-0.0580662251655629	-163.00821192053	-3.30807947019868	-28.8974834437086				0.719788079470199	0.385165562913907	-0.804238410596027	-42.2596026490066	-34.2823841059603	93.605298013245			
85	1960	0.375841059602649	-0.637245033112583	0.520476821192053	-225.366622516556	-19.4646357615894	83.9350993377484				0.848953642384106	0.127788079470199	0.0771390728476822	-98.9660927152318	-85.6521854304636	-37.2659602649007				-0.218172185430464	-0.657271523178808	0.47205298013245	-293.152582781457	-61.1735099337748	75.1197350993378				0.448529801324503	-0.0645298013245033	-0.725721854304636	-123.797086092715	-14.3764238410596	91.7843708609272				0.756026490066225	0.387496688741722	0.0859337748344371	-107.84821192053	5.09192052980133	-20.7774834437086				0.559788079470199	0.465165562913907	-0.756238410596026	-30.2196026490066	-39.6023841059603	98.085298013245			
86	1980	0.471841059602649	-0.221245033112583	1.03247682119205	-223.126622516556	14.4153642384106	27.0950993377483				0.656953642384106	-0.0162119205298013	-0.818860927152318	-135.366092715232	-77.5321854304636	-18.2259602649007				0	0	0	0	0	0				0	0	0	0	0	0				0	0	0	0	0	0				0	0	0	0	0	0			
87	2120	0	0	0	0	0	0				1.61695364238411	-0.320211920529801	0.573139072847682	-232.246092715232	84.3078145695364	-27.7459602649007				1.60582781456954	-0.513271523178808	-0.48794701986755	-91.832582781457	-5.73350993377484	26.6797350993378				0	0	0	0	0	0				1.31602649006623	-0.236503311258278	0.197933774834437	-109.52821192053	23.2919205298013	-17.9774834437086				-0.0482119205298013	0.0491655629139073	-1.46023841059603	-71.3796026490066	32.9176158940397	60.005298013245			
88	2140	-0.264158940397351	0.354754966887417	-0.071523178807947	6.75337748344371	-57.5446357615894	15.8950993377483				1.48895364238411	0.351788079470199	1.35713907284768	-47.4460927152318	54.0678145695364	-34.1859602649007				1.41382781456954	-0.225271523178808	-0.74394701986755	-157.632582781457	-53.3335099337748	16.0397350993378				0.864529801324503	-0.464529801324503	-0.165721854304636	-82.6370860927152	29.3035761589404	18.9843708609272				0.692026490066225	0.227496688741722	-0.0740662251655629	-146.48821192053	61.9319205298013	-27.4974834437086				0.0957880794701987	0.177165562913907	-0.916238410596027	51.5403973509934	40.7576158940397	92.205298013245			
89	2160	-0.088158940397351	-0.269245033112583	0.584476821192053	141.153377483444	-11.9046357615894	11.6950993377483				1.02495364238411	-0.256211920529801	-0.658860927152318	-6.28609271523179	-141.372185430464	-14.3059602649007				0.965827814569536	-0.0332715231788079	-0.98394701986755	-131.872582781457	-29.8135099337748	12.1197350993378				0.688529801324503	0.0474701986754967	-0.421721854304636	-113.437086092715	-7.6564238410596	45.8643708609272				0.756026490066225	0.0514966887417219	0.389933774834437	-32.5282119205298	71.1719205298013	-16.2974834437086				0.351788079470199	-0.238834437086093	-0.452238410596026	-10.3396026490066	7.15761589403974	110.965298013245			
90	2180	0.887841059602649	-1.10124503311258	-0.167523178807947	25.2333774834437	43.2553642384106	32.1350993377484				0.272953642384106	-0.336211920529801	-0.754860927152318	-184.646092715232	50.9878145695364	-1.70596026490066				0.373827814569536	-0.161271523178808	-0.37594701986755	-73.072582781457	-76.5735099337748	-17.5602649006623				0.512529801324503	0.0474701986754967	-0.629721854304636	-102.517086092715	29.0235761589404	59.0243708609272				1.20402649006623	-0.156503311258278	0.693933774834437	-46.2482119205298	-10.5880794701987	-4.81748344370861				0.735788079470199	-0.174834437086093	-1.14023841059603	-106.379602649007	8.83761589403974	78.485298013245			
91	2200	1.12784105960265	-0.701245033112583	0.264476821192053	-28.2466225165563	36.8153642384106	17.8550993377483				1.10495364238411	-0.0802119205298013	0.925139072847682	-153.286092715232	77.8678145695364	-15.9859602649007				0.0378278145695364	-0.0172715231788079	0.16805298013245	-94.912582781457	-75.4535099337748	-30.1602649006623				0.448529801324503	-0.304529801324503	-0.469721854304636	-22.1570860927152	63.1835761589404	59.8643708609272				1.14002649006623	-0.0765033112582781	0.309933774834437	-155.72821192053	-18.1480794701987	-7.61748344370861				0.447788079470199	0.00116556291390731	-1.20423841059603	41.4603973509934	3.79761589403974	61.685298013245			
92	2220	1.22384105960265	-0.157245033112583	-0.023523178807947	-90.1266225165563	0.135364238410596	-4.26490066225166				1.21695364238411	-0.144211920529801	-0.146860927152318	-93.9260927152318	-79.4921854304636	-26.3459602649007				0.149827814569536	-0.0812715231788079	-0.11994701986755	-153.712582781457	6.30649006622517	-23.7202649006623				0.656529801324503	-0.400529801324503	-0.517721854304636	-3.39708609271523	48.6235761589404	50.0643708609272				0.836026490066225	-0.0605033112582781	0.101933774834437	-95.5282119205298	-37.7480794701987	3.02251655629139				0.143788079470199	-0.0468344370860927	-0.692238410596026	-0.819602649006623	35.9976158940397	73.165298013245			
93	2240	1.11184105960265	0.274754966887417	-0.087523178807947	-182.526622516556	-4.0646357615894	-19.3849006622517				0.864953642384106	-0.224211920529801	-0.226860927152318	-74.6060927152318	-21.5321854304636	-19.0659602649007				0.757827814569536	-0.417271523178808	-0.35994701986755	-141.952582781457	79.6664900662252	-31.0002649006623				0.848529801324503	-0.176529801324503	-0.453721854304636	-26.3570860927152	19.5035761589404	40.8243708609272				0.788026490066225	0.0834966887417219	0.261933774834437	-106.72821192053	-7.78807947019868	2.46251655629139				0.0477880794701987	-0.0468344370860927	-0.948238410596026	-44.7796026490066	24.7976158940397	74.565298013245			
94	2260	1.12784105960265	0.562754966887417	-0.167523178807947	-148.366622516556	-12.4646357615894	-34.2249006622517				0.752953642384106	0.143788079470199	0.349139072847682	-63.4060927152318	6.74781456953642	-14.3059602649007				0.741827814569536	-0.193271523178808	0.26405298013245	-54.312582781457	55.3064900662252	-13.9202649006623				1.0085298013245	-0.320529801324503	-0.597721854304636	-34.4770860927152	17.5435761589404	46.1443708609272				0.916026490066225	0.227496688741722	0.229933774834437	-89.9282119205298	-8.90807947019868	4.42251655629139				-0.0642119205298013	0.0331655629139073	-0.900238410596026	26.3403973509934	-13.2823841059603	63.645298013245			
95	2280	1.14384105960265	0.674754966887417	-0.407523178807947	-52.8866225165563	-33.4646357615894	-47.9449006622517				0.880953642384106	0.143788079470199	0.253139072847682	-48.0060927152318	-11.7321854304636	-13.4659602649007				0.165827814569536	-0.0652715231788079	1.65605298013245	-111.152582781457	135.946490066225	9.31973509933775				1.0245298013245	-0.320529801324503	-0.501721854304636	-13.7570860927152	24.8235761589404	43.0643708609272				0.820026490066225	0.163496688741722	0.165933774834437	-55.2082119205298	-10.5880794701987	1.90251655629139				-0.192211920529801	0.0331655629139073	-0.740238410596026	13.1803973509934	2.67761589403974	52.165298013245			
96	2300	0.951841059602649	0.530754966887417	-0.647523178807947	36.7133774834437	-55.3046357615894	-55.5049006622517				0.816953642384106	-0.0322119205298013	0.189139072847682	-53.6060927152318	-20.6921854304636	-19.6259602649007				0.677827814569536	0.494728476821192	0.82405298013245	-251.712582781457	172.906490066225	7.35973509933775				0.736529801324503	-0.224529801324503	-0.485721854304636	12.0029139072848	11.6635761589404	35.2243708609272				0.692026490066225	0.00349668874172187	0.229933774834437	-25.8082119205298	-8.34807947019868	-1.73748344370861				-0.0962119205298013	-0.0308344370860927	-0.740238410596026	-6.97960264900662	7.43761589403974	39.285298013245			
97	2320	0.935841059602649	0.114754966887417	-0.711523178807947	58.8333774834437	-77.4246357615894	-59.1449006622517				0.512953642384106	0.319788079470199	0.237139072847682	-30.0860927152318	-10.8921854304636	-27.7459602649007				2.00582781456954	0.686728476821192	-1.35194701986755	-191.792582781457	153.306490066225	16.0397350993378				0.688529801324503	0.0954701986754967	-0.677721854304636	3.04291390728477	-12.9764238410596	27.6643708609272				1.10802649006623	0.243496688741722	0.293933774834437	-43.1682119205298	-5.82807947019868	-10.6974834437086				0.0797880794701987	-0.110834437086093	-0.804238410596027	-11.1796026490066	4.63761589403974	22.765298013245			
98	2340	1.04784105960265	-0.349245033112583	-0.487523178807947	32.2333774834437	-115.504635761589	-36.7449006622517				1.74495364238411	0.399788079470199	0.269139072847682	58.6739072847682	33.0678145695364	0.81403973509934				2.02182781456954	2.06272847682119	-1.60794701986755	391.167417218543	-90.5735099337748	-49.2002649006623				0.592529801324503	-0.512529801324503	-1.22172185430464	13.4029139072848	23.9835761589404	15.3443708609272				0.980026490066225	0.275496688741722	0.229933774834437	-15.1682119205298	-4.14807947019868	-16.5774834437086				0.431788079470199	0.129165562913907	-0.980238410596026	-65.2196026490066	14.4376158940397	5.40529801324503			
99	2360	1.35184105960265	-1.11724503311258	0.120476821192053	-5.00662251655629	-126.424635761589	25.1350993377483				0.960953642384106	0.255788079470199	1.03713907284768	-1.52609271523179	75.6278145695364	16.4940397350993				-1.35417218543046	-2.01727152317881	1.44805298013245	286.167417218543	-29.2535099337748	71.1997350993378				0.464529801324503	-0.400529801324503	-0.725721854304636	-8.43708609271523	11.6635761589404	-0.0556291390728476				0.676026490066225	0.243496688741722	0.00593377483443711	-63.6082119205298	23.2919205298013	-25.2574834437086				0.639788079470199	0.257165562913907	-0.788238410596027	-13.4196026490066	2.95761589403974	29.765298013245			
100	2380	0.455841059602649	-0.685245033112583	1.32047682119205	-27.1266225165563	-118.024635761589	67.6950993377483				0.896953642384106	0.255788079470199	0.0611390728476822	-3.76609271523179	-66.6121854304636	1.93403973509934				-0.938172185430464	-0.353271523178808	0.24805298013245	-330.112582781457	-37.0935099337748	95.5597350993378				0.352529801324503	0.0634701986754967	-0.693721854304636	-41.7570860927152	-21.0964238410596	10.3043708609272				0.932026490066225	0.291496688741722	0.421933774834437	-1.7282119205298	12.9319205298013	-17.9774834437086				0.703788079470199	0.129165562913907	-0.692238410596026	-25.7396026490066	-21.1223841059603	42.925298013245			
101	2400	0.023841059602649	0.546754966887417	0.936476821192053	-162.646622516556	67.3353642384106	-0.624900662251656				0.640953642384106	-0.336211920529801	-0.594860927152318	-87.2060927152318	-63.2521854304636	5.01403973509934				1.09382781456954	0.334728476821192	-0.72794701986755	-429.512582781457	51.9464900662252	16.0397350993378				0.480529801324503	0.0794701986754967	-0.933721854304636	-29.9970860927152	-3.7364238410596	25.1443708609272				1.25202649006623	0.195496688741722	0.517933774834437	-51.2882119205298	-21.2280794701987	-16.5774834437086				0.527788079470199	0.0811655629139073	-1.07623841059603	-34.9796026490066	-2.92238410596027	24.165298013245			
102	2420	0.023841059602649	0.402754966887417	1.16047682119205	-26.5666225165563	117.735364238411	-28.9049006622517				1.68095364238411	-0.432211920529801	0.317139072847682	-113.806092715232	39.2278145695364	-35.8659602649007				1.76582781456954	2.03072847682119	-0.0879470198675496	-89.032582781457	-5.17350993377483	-5.24026490066225				0.544529801324503	-0.272529801324503	-0.741721854304636	-1.99708609271523	30.4235761589404	27.9443708609272				1.26802649006623	0.00349668874172187	0.0219337748344371	-79.5682119205298	-20.3880794701987	-11.8174834437086				0.383788079470199	0.129165562913907	-1.06023841059603	-3.33960264900662	32.3576158940397	20.805298013245			
103	2440	0.647841059602649	0.338754966887417	1.03247682119205	21.0333774834437	173.735364238411	-11.5449006622517				1.13695364238411	0.255788079470199	0.173139072847682	-45.4860927152318	-68.5721854304636	-18.2259602649007				0.901827814569536	1.07072847682119	-0.0559470198675496	-60.472582781457	-15.8135099337748	-1.04026490066225				0.480529801324503	-0.416529801324503	-0.645721854304636	19.8429139072848	19.7835761589404	32.4243708609272				0.868026490066225	0.0994966887417219	0.0219337748344371	-27.7682119205298	-45.0280794701987	4.98251655629139				0.239788079470199	0.0491655629139073	-0.852238410596026	-19.5796026490066	43.8376158940397	38.445298013245			
104	2460	1.92784105960265	0.338754966887417	-0.183523178807947	-26.0066225165563	170.935364238411	-3.70490066225166				0.272953642384106	0.271788079470199	-0.194860927152318	-23.9260927152318	-56.8121854304636	3.89403973509934				0.517827814569536	0.206728476821192	-0.67994701986755	119.287417218543	-19.7335099337748	4.55973509933775				0.352529801324503	-0.208529801324503	-0.805721854304636	-6.47708609271523	6.9035761589404	23.7443708609272				0.948026490066225	0.163496688741722	0.245933774834437	-45.6882119205298	-48.6680794701987	0.782516556291392				0.127788079470199	-0.126834437086093	-0.868238410596026	-15.0996026490066	11.6376158940397	44.045298013245			
105	2480	2.02384105960265	-1.11724503311258	-0.951523178807947	-119.806622516556	-117.464635761589	125.375099337748				1.12095364238411	0.255788079470199	0.493139072847682	-61.4460927152318	54.3478145695364	-9.26596026490066				0.901827814569536	-0.0332715231788079	-0.21594701986755	17.927417218543	-9.09350993377483	-6.36026490066225				0.704529801324503	-0.448529801324503	-0.981721854304636	12.2829139072848	44.9835761589404	26.5443708609272				1.06002649006623	0.163496688741722	0.373933774834437	-17.9682119205298	-42.5080794701987	-7.33748344370861				-0.0802119205298013	-0.0628344370860927	-1.18823841059603	-43.3796026490066	6.03761589403974	12.405298013245			
106	2500	0.855841059602649	1.20275496688742	0.312476821192053	-68.2866225165563	-16.1046357615894	14.7750993377483				1.88895364238411	0.303788079470199	0.989139072847682	-34.2860927152318	33.6278145695364	-28.8659602649007				1.30182781456954	-0.177271523178808	0.24805298013245	-65.232582781457	14.4264900662252	-9.44026490066225				1.0885298013245	-0.592529801324503	-0.773721854304636	4.16291390728477	59.8235761589404	4.70437086092715				1.14002649006623	0.275496688741722	-0.138066225165563	-81.8082119205298	15.4519205298013	-21.0574834437086				-0.0482119205298013	0.161165562913907	-1.28423841059603	-8.09960264900662	42.7176158940397	18.005298013245			
107	2520	-0.376158940397351	-0.317245033112583	-0.471523178807947	46.5133774834437	39.6153642384106	39.1350993377484				1.12095364238411	0.383788079470199	0.141139072847682	30.1139072847682	-65.2121854304636	-29.7059602649007				1.18982781456954	0.222728476821192	0.37605298013245	15.687417218543	33.4664900662252	2.59973509933775				1.1205298013245	-0.400529801324503	-0.629721854304636	3.04291390728477	27.6235761589404	-6.21562913907285				0.932026490066225	0.259496688741722	-0.0260662251655629	-9.5682119205298	24.9719205298013	-21.0574834437086				0.127788079470199	0.129165562913907	-0.884238410596026	-25.1796026490066	34.3176158940397	34.245298013245			
108	2540	0.487841059602649	-0.173245033112583	0.376476821192053	168.313377483444	82.1753642384106	15.6150993377483				0.656953642384106	-0.0322119205298013	-0.514860927152318	35.1539072847682	-34.6921854304636	-17.6659602649007				0.965827814569536	-0.0492715231788079	0.13605298013245	47.8874172185431	21.7064900662252	20.7997350993378				0.896529801324503	-0.0325298013245033	-0.693721854304636	-10.9570860927152	4.1035761589404	-3.97562913907285				0.932026490066225	0.211496688741722	0.309933774834437	-25.2482119205298	17.1319205298013	-21.3374834437086				0.367788079470199	0.0331655629139073	-0.772238410596026	-30.2196026490066	-6.84238410596027	24.725298013245			
109	2560	1.22384105960265	-0.285245033112583	-0.135523178807947	2.83337748344371	79.6553642384106	17.5750993377483				0.800953642384106	-0.0962119205298013	-0.0508609271523178	6.31390728476821	14.8678145695364	-12.0659602649007				0.837827814569536	-0.337271523178808	-0.24794701986755	48.1674172185431	11.9064900662252	34.2397350993378				0.672529801324503	-0.0965298013245033	-0.805721854304636	-31.9570860927152	-9.6164238410596	3.58437086092715				1.06002649006623	0.131496688741722	0.437933774834437	14.7917880794702	-32.9880794701987	-13.4974834437086				0.543788079470199	0.0811655629139073	-0.868238410596026	-43.6596026490066	-23.9223841059603	4.28529801324503			
110	2580	1.55984105960265	-0.445245033112583	0.280476821192053	-42.5266225165563	36.5353642384106	-3.14490066225166				0.960953642384106	-0.0162119205298013	0.461139072847682	4.07390728476821	15.9878145695364	1.09403973509934				0.901827814569536	-0.465271523178808	-0.39194701986755	-7.55258278145695	25.3464900662252	23.5997350993378				0.496529801324503	-0.352529801324503	-0.725721854304636	-38.1170860927152	-19.9764238410596	3.30437086092715				0.980026490066225	0.0194966887417219	0.0859337748344371	8.3517880794702	-37.4680794701987	-10.1374834437086				0.527788079470199	0.209165562913907	-1.04423841059603	-51.7796026490066	11.0776158940397	-9.71470198675497			
111	2600	0.887841059602649	0.258754966887417	0.232476821192053	-62.1266225165563	-5.7446357615894	-1.18490066225166				0.960953642384106	-0.0962119205298013	0.285139072847682	10.7939072847682	-5.85218543046358	1.65403973509934				0.965827814569536	-0.0652715231788079	-0.26394701986755	-70.552582781457	29.2664900662252	9.03973509933775				0.368529801324503	-0.304529801324503	-0.581721854304636	-6.75708609271523	-21.3764238410596	-3.41562913907285				0.772026490066225	0.0834966887417219	0.149933774834437	-7.6082119205298	-28.5080794701987	-7.61748344370861				0.495788079470199	0.209165562913907	-0.948238410596026	-16.4996026490066	13.8776158940397	-2.15470198675497			
112	2620	0.791841059602649	0.194754966887417	-0.167523178807947	-25.4466225165563	-2.6646357615894	3.57509933774835				0.864953642384106	0.0157880794701987	0.253139072847682	13.5939072847682	0.867814569536424	1.65403973509934				0.997827814569536	0.350728476821192	-0.16794701986755	-63.272582781457	34.5864900662252	-0.76026490066225				0.432529801324503	-0.112529801324503	-0.549721854304636	-4.51708609271523	-9.6164238410596	-2.57562913907285				0.756026490066225	0.179496688741722	0.293933774834437	-6.7682119205298	-12.5480794701987	-5.93748344370861				0.335788079470199	0.0811655629139073	-0.804238410596027	16.2603973509934	-18.0423841059603	-3.27470198675497			
113	2640	0.983841059602649	0.0187549668874172	0.056476821192053	8.71337748344371	25.3353642384106	3.85509933774834				1.00895364238411	0.0797880794701987	0.189139072847682	9.39390728476821	5.62781456953642	4.17403973509934				0.965827814569536	0.414728476821192	-0.13594701986755	-16.512582781457	20.3064900662252	0.35973509933775				0.592529801324503	-0.112529801324503	-0.581721854304636	-8.15708609271523	-1.4964238410596	8.06437086092715				0.868026490066225	0.195496688741722	0.181933774834437	-5.0882119205298	-2.18807947019868	-5.37748344370861				0.255788079470199	0.0331655629139073	-0.788238410596027	24.9403973509934	-22.5223841059603	-1.87470198675497			
114	2660	0.967841059602649	-0.0612450331125828	0.296476821192053	7.31337748344371	26.7353642384106	8.33509933774834				1.00895364238411	0.0957880794701987	0.301139072847682	6.31390728476821	3.10781456953642	2.49403973509934				0.885827814569536	0.270728476821192	-0.0719470198675496	24.087417218543	14.7064900662252	8.47973509933775				0.672529801324503	-0.208529801324503	-0.645721854304636	1.08291390728477	2.7035761589404	17.8643708609272				0.948026490066225	0.179496688741722	0.245933774834437	6.1117880794702	-1.34807947019868	-2.57748344370861				0.287788079470199	0.0331655629139073	-0.836238410596026	-3.05960264900662	-9.08238410596027	4.56529801324503			
115	2680	0.935841059602649	-0.125245033112583	0.136476821192053	20.7533774834437	14.6953642384106	6.93509933774835				0.960953642384106	0.0957880794701987	0.189139072847682	4.91390728476821	-3.05218543046358	2.49403973509934				0.965827814569536	0.0947284768211921	-0.0399470198675496	33.8874172185431	17.5064900662252	12.1197350993378				0.640529801324503	-0.240529801324503	-0.709721854304636	11.1629139072848	14.7435761589404	17.3043708609272				0.996026490066225	0.147496688741722	0.213933774834437	3.8717880794702	-4.42807947019868	-0.337483443708608				0.383788079470199	0.0651655629139073	-0.964238410596026	-13.4196026490066	-2.08238410596027	6.80529801324503			
116	2700	0.967841059602649	-0.0932450331125828	-0.00752317880794696	23.2733774834437	15.8153642384106	8.61509933774835				0.944953642384106	0.0797880794701987	0.237139072847682	11.3539072847682	-2.77218543046358	5.57403973509934				1.01382781456954	-0.0172715231788079	-0.0559470198675496	29.6874172185431	25.9064900662252	6.79973509933775				0.640529801324503	-0.240529801324503	-0.709721854304636	16.2029139072848	15.0235761589404	5.54437086092715				0.996026490066225	0.115496688741722	0.149933774834437	10.0317880794702	-6.10807947019868	2.18251655629139				0.415788079470199	0.0651655629139073	-0.916238410596027	-0.539602649006623	0.157615894039735	3.44529801324503			
117	2720	1.01584105960265	-0.0452450331125828	0.040476821192053	28.0333774834437	21.6953642384106	9.73509933774834				0.944953642384106	-0.000211920529801304	0.221139072847682	18.9139072847682	-5.29218543046358	6.41403973509934				0.997827814569536	-0.0812715231788079	-0.0399470198675496	15.407417218543	27.3064900662252	1.47973509933775				0.672529801324503	-0.224529801324503	-0.693721854304636	9.20291390728477	2.9835761589404	-0.615629139072848				0.948026490066225	0.131496688741722	0.197933774834437	2.7517880794702	-7.50807947019868	1.62251655629139				0.367788079470199	0.0811655629139073	-0.884238410596026	-3.61960264900662	6.87761589403974	-0.754701986754968			
118	2740	0.999841059602649	-0.0452450331125828	0.168476821192053	3.11337748344371	20.2953642384106	6.65509933774834				0.992953642384106	0.0157880794701987	0.221139072847682	10.2339072847682	-2.21218543046358	3.61403973509934				0.997827814569536	-0.0492715231788079	-0.0239470198675496	-1.95258278145695	25.9064900662252	4.27973509933775				0.688529801324503	-0.256529801324503	-0.725721854304636	-3.11708609271523	-10.7364238410596	-2.57562913907285				0.916026490066225	0.131496688741722	0.229933774834437	3.5917880794702	-10.5880794701987	3.02251655629139				0.383788079470199	0.0811655629139073	-0.900238410596026	0.860397350993377	-0.402384105960265	-3.55470198675497			
119	2760	0.935841059602649	-0.0612450331125828	0.184476821192053	-13.4066225165563	16.3753642384106	1.05509933774834				0.976953642384106	0.0317880794701987	0.221139072847682	1.55390728476821	-2.49218543046358	3.89403973509934				1.01382781456954	-0.00127152317880793	-0.0399470198675496	-13.432582781457	18.3464900662252	9.59973509933775				0.592529801324503	-0.288529801324503	-0.693721854304636	-0.317086092715232	-11.0164238410596	-3.97562913907285				0.932026490066225	0.131496688741722	0.213933774834437	4.1517880794702	-6.10807947019868	2.46251655629139				0.399788079470199	0.0651655629139073	-0.916238410596027	11.5003973509934	-11.0423841059603	-4.11470198675497			
120	2780	0.935841059602649	0.0187549668874172	0.072476821192053	-11.7266225165563	16.6553642384106	-0.624900662251656				0.960953642384106	0.0317880794701987	0.253139072847682	-4.60609271523179	-0.252185430463576	5.01403973509934				0.981827814569536	0.0627284768211921	-0.0559470198675496	-21.832582781457	13.8664900662252	9.03973509933775				0.544529801324503	-0.256529801324503	-0.629721854304636	6.96291390728477	-4.5764238410596	-2.29562913907285				0.948026490066225	0.163496688741722	0.181933774834437	5.2717880794702	-3.86807947019868	2.46251655629139				0.415788079470199	0.0491655629139073	-0.884238410596026	4.22039735099338	-7.40238410596027	-2.43470198675497			
121	2800	0.951841059602649	0.0507549668874172	0.120476821192053	8.43337748344371	25.6153642384106	1.33509933774834				0.960953642384106	0.0157880794701987	0.237139072847682	-8.80609271523179	-3.33218543046358	5.29403973509934				0.949827814569536	0.0947284768211921	-0.0399470198675496	-9.51258278145695	9.38649006622517	3.15973509933775				0.544529801324503	-0.224529801324503	-0.677721854304636	7.52291390728477	1.8635761589404	3.58437086092715				0.916026490066225	0.131496688741722	0.229933774834437	3.0317880794702	-2.74807947019868	3.30251655629139				0.415788079470199	0.0491655629139073	-0.852238410596026	1.70039735099338	-8.80238410596027	-0.474701986754968			
122	2820	0.967841059602649	-0.0932450331125828	0.168476821192053	13.1933774834437	29.5353642384106	4.69509933774834				0.976953642384106	0.0797880794701987	0.221139072847682	-8.80609271523179	-3.89218543046358	2.49403973509934				0.949827814569536	0.174728476821192	0.00805298013245037	-5.87258278145695	14.7064900662252	0.63973509933775				0.560529801324503	-0.256529801324503	-0.661721854304636	7.24291390728477	8.3035761589404	8.90437086092715				0.916026490066225	0.131496688741722	0.213933774834437	-1.7282119205298	-5.26807947019868	4.70251655629139				0.431788079470199	0.0491655629139073	-0.852238410596026	3.10039735099338	-6.56238410596027	0.925298013245032			
123	2840	1.01584105960265	-0.157245033112583	0.184476821192053	6.47337748344371	27.0153642384106	5.81509933774834				0.960953642384106	0.0637880794701987	0.237139072847682	-5.44609271523179	-9.49218543046358	3.89403973509934				0.981827814569536	0.142728476821192	-0.00794701986754963	-6.15258278145695	17.5064900662252	1.47973509933775				0.592529801324503	-0.256529801324503	-0.677721854304636	9.20291390728477	7.1835761589404	10.8643708609272				0.948026490066225	0.131496688741722	0.165933774834437	-3.1282119205298	-5.82807947019868	6.38251655629139				0.415788079470199	0.0491655629139073	-0.868238410596026	6.18039735099338	-2.36238410596027	2.60529801324503			
124	2860	0.999841059602649	-0.0292450331125828	0.152476821192053	-12.2866225165563	17.4953642384106	1.05509933774834				0.944953642384106	0.0957880794701987	0.205139072847682	-3.20609271523179	-6.41218543046358	2.49403973509934				0.997827814569536	0.0947284768211921	-0.0399470198675496	1.40741721854305	16.3864900662252	3.99973509933775				0.576529801324503	-0.240529801324503	-0.709721854304636	11.7229139072848	5.7835761589404	9.18437086092715				0.932026490066225	0.131496688741722	0.181933774834437	-4.5282119205298	-6.66807947019868	7.22251655629139				0.383788079470199	0.0491655629139073	-0.868238410596026	7.30039735099338	-2.36238410596027	4.28529801324503			
125	2880	0.967841059602649	0.0347549668874172	0.088476821192053	-14.8066225165563	11.0553642384106	-0.0649006622516557				0.928953642384106	0.111788079470199	0.253139072847682	-1.24609271523179	-1.65218543046358	3.05403973509934				0.997827814569536	0.0307284768211921	-0.00794701986754963	-2.79258278145695	14.9864900662252	4.55973509933775				0.576529801324503	-0.256529801324503	-0.693721854304636	8.64291390728477	6.6235761589404	7.22437086092715				0.916026490066225	0.179496688741722	0.165933774834437	-9.2882119205298	-5.26807947019868	5.82251655629139				0.319788079470199	0.0651655629139073	-0.868238410596026	7.30039735099338	-2.36238410596027	4.56529801324503			
126	2900	0.983841059602649	0.0347549668874172	0.152476821192053	-6.96662251655629	10.4953642384106	1.33509933774834				0.960953642384106	0.127788079470199	0.253139072847682	-1.80609271523179	-1.37218543046358	3.89403973509934				0.981827814569536	0.0467284768211921	0.0240529801324504	-5.87258278145695	11.9064900662252	4.27973509933775				0.576529801324503	-0.256529801324503	-0.709721854304636	4.72291390728477	5.5035761589404	6.66437086092715				0.932026490066225	0.163496688741722	0.117933774834437	-12.0882119205298	-3.58807947019868	5.26251655629139				0.319788079470199	0.0971655629139073	-0.868238410596026	0.860397350993377	-1.52238410596026	5.96529801324503			
127	2920	0.999841059602649	-0.0132450331125828	0.136476821192053	-0.246622516556291	7.6953642384106	2.45509933774835				0.944953642384106	0.0317880794701987	0.221139072847682	-0.966092715231788	-4.17218543046358	5.01403973509934				0.997827814569536	0.0787284768211921	0.0240529801324504	-8.11258278145695	8.26649006622517	4.55973509933775				0.608529801324503	-0.288529801324503	-0.741721854304636	2.48291390728477	4.1035761589404	6.10437086092715				0.932026490066225	0.163496688741722	0.181933774834437	-9.8482119205298	-0.788079470198675	4.70251655629139				0.303788079470199	0.0971655629139073	-0.884238410596026	4.22039735099338	-6.28238410596027	5.12529801324503			
128	2940	0.983841059602649	-0.0452450331125828	0.136476821192053	2.27337748344371	-0.424635761589404	0.495099337748344				0.944953642384106	0.0477880794701987	0.237139072847682	-7.68609271523179	1.98781456953642	2.21403973509934				0.981827814569536	0.110728476821192	-0.0239470198675496	-7.27258278145696	5.46649006622517	3.15973509933775				0	0	0	0	0	0				0	0	0	0	0	0				0	0	0	0	0	0			
129	2960	0.967841059602649	-0.0612450331125828	0.152476821192053	-8.92662251655629	-5.1846357615894	0.495099337748344				0	0	0	0	0	0				0	0	0	0	0	0				0	0	0	0	0	0				0	0	0	0	0	0				0	0	0	0	0	0			
130	3100	0	0	0	0	0	0				0	0	0	0	0	0				0	0	0	0	0	0				0.640529801324503	-0.288529801324503	-0.677721854304636	13.4029139072848	1.3035761589404	-9.57562913907285				0.980026490066225	0.0994966887417219	0.133933774834437	10.5917880794702	-0.788079470198675	0.222516556291392				0.351788079470199	-0.206834437086093	-0.820238410596026	5.34039735099338	10.7976158940397	4.56529801324503			
131	3120	0.983841059602649	-0.0452450331125828	0.152476821192053	-2.20662251655629	-2.6646357615894	-3.98490066225166				0.992953642384106	0.0957880794701987	0.189139072847682	-10.4860927152318	-0.252185430463576	-1.98596026490066				0.997827814569536	0.126728476821192	-0.00794701986754963	-0.832582781456954	-0.413509933774833	1.75973509933775				0.608529801324503	-0.256529801324503	-0.693721854304636	-2.83708609271523	3.5435761589404	12.2643708609272				0.932026490066225	0.147496688741722	0.181933774834437	-9.5682119205298	-1.62807947019868	4.14251655629139				0.303788079470199	0.0491655629139073	-0.868238410596026	1.70039735099338	-0.682384105960265	8.76529801324503			
132	3140	0.983841059602649	-0.0292450331125828	0.168476821192053	-5.56662251655629	-4.0646357615894	-2.02490066225166				0.992953642384106	0.0797880794701987	0.221139072847682	-7.96609271523179	-1.09218543046358	-1.70596026490066				0.981827814569536	0.0947284768211921	-0.0239470198675496	-2.79258278145695	-1.81350993377483	1.19973509933775				0.608529801324503	-0.224529801324503	-0.677721854304636	-4.51708609271523	0.1835761589404	9.18437086092715				0.932026490066225	0.147496688741722	0.165933774834437	-8.7282119205298	-0.788079470198675	3.58251655629139				0.319788079470199	0.0491655629139073	-0.884238410596026	-0.259602649006623	-1.24238410596026	6.80529801324503			
133	3160	0.951841059602649	0.00275496688741723	0.200476821192053	-10.0466225165563	-1.5446357615894	0.495099337748344				0.976953642384106	0.0637880794701987	0.237139072847682	-7.40609271523179	-2.77218543046358	-0.86596026490066				0.965827814569536	0.0467284768211921	-0.0239470198675496	-7.27258278145696	-2.09350993377483	2.59973509933775				0.608529801324503	-0.240529801324503	-0.661721854304636	-4.51708609271523	1.0235761589404	7.50437086092715				0.948026490066225	0.147496688741722	0.165933774834437	-7.8882119205298	0.0519205298013249	3.02251655629139				0.351788079470199	0.0491655629139073	-0.900238410596026	0.860397350993377	-2.92238410596027	6.24529801324503			
134	3180	0.951841059602649	-0.0132450331125828	0.232476821192053	-5.28662251655629	2.3753642384106	0.495099337748344				0.960953642384106	0.0797880794701987	0.189139072847682	-9.64609271523179	-3.33218543046358	-0.0259602649006601				0.965827814569536	0.0467284768211921	-0.0399470198675496	-2.51258278145695	0.426490066225167	1.47973509933775				0.608529801324503	-0.272529801324503	-0.693721854304636	-1.71708609271523	2.9835761589404	7.22437086092715				0.948026490066225	0.131496688741722	0.181933774834437	-6.2082119205298	0.331920529801325	3.30251655629139				0.351788079470199	0.0491655629139073	-0.884238410596026	3.38039735099338	-4.60238410596027	7.08529801324503			
135	3200	0.983841059602649	0.0187549668874172	0.184476821192053	-4.44662251655629	1.8153642384106	-0.624900662251656				0.976953642384106	0.0637880794701987	0.189139072847682	-8.80609271523179	-2.77218543046358	-0.86596026490066				0.981827814569536	0.0627284768211921	-0.0239470198675496	-6.43258278145695	0.426490066225167	2.31973509933775				0.592529801324503	-0.288529801324503	-0.677721854304636	1.08291390728477	6.0635761589404	6.66437086092715				0.964026490066225	0.115496688741722	0.181933774834437	-6.2082119205298	-1.06807947019868	4.14251655629139				0.351788079470199	0.0331655629139073	-0.884238410596026	-0.819602649006623	-2.08238410596027	7.08529801324503			
136	3220	0.983841059602649	0.00275496688741723	0.184476821192053	-0.806622516556291	0.135364238410596	-0.904900662251656				0.992953642384106	0.0797880794701987	0.205139072847682	-7.40609271523179	-2.49218543046358	-0.585960264900661				0.997827814569536	0.0947284768211921	-0.00794701986754963	-10.072582781457	-0.693509933774834	3.43973509933775				0.592529801324503	-0.256529801324503	-0.677721854304636	3.04291390728477	5.7835761589404	7.78437086092715				0.948026490066225	0.115496688741722	0.181933774834437	-6.7682119205298	-1.34807947019868	4.14251655629139				0.367788079470199	0.0331655629139073	-0.868238410596026	-0.819602649006623	-0.682384105960265	7.08529801324503			
137	3240	0.967841059602649	-0.0132450331125828	0.184476821192053	-5.00662251655629	-0.144635761589404	0.215099337748344				0.976953642384106	0.0637880794701987	0.189139072847682	-7.40609271523179	-5.29218543046358	-1.42596026490066				0.997827814569536	0.110728476821192	-0.0239470198675496	-3.91258278145695	-2.65350993377483	1.47973509933775				0.608529801324503	-0.288529801324503	-0.709721854304636	-0.597086092715232	5.5035761589404	7.78437086092715				0.948026490066225	0.115496688741722	0.181933774834437	-6.2082119205298	-1.62807947019868	3.58251655629139				0.351788079470199	0.0331655629139073	-0.884238410596026	0.580397350993377	-0.402384105960265	7.64529801324503			
138	3260	0.951841059602649	-0.0452450331125828	0.184476821192053	-4.16662251655629	1.8153642384106	1.05509933774834				0.976953642384106	0.0797880794701987	0.189139072847682	-5.44609271523179	-2.77218543046358	-1.14596026490066				0.965827814569536	0.110728476821192	-0.00794701986754963	-0.832582781456954	-0.693509933774834	1.47973509933775				0.624529801324503	-0.336529801324503	-0.709721854304636	-4.79708609271523	3.8235761589404	8.06437086092715				0.948026490066225	0.131496688741722	0.181933774834437	-10.1282119205298	-3.30807947019868	3.58251655629139				0.335788079470199	0.0331655629139073	-0.884238410596026	2.26039735099338	0.997615894039735	9.32529801324503			
139	3280	0.951841059602649	-0.0452450331125828	0.184476821192053	-2.76662251655629	4.6153642384106	1.05509933774834				0.976953642384106	0.0637880794701987	0.189139072847682	-4.88609271523179	-5.29218543046358	-0.30596026490066				0.981827814569536	0.0947284768211921	0.00805298013245037	-3.35258278145695	2.10649006622517	2.59973509933775				0.592529801324503	-0.320529801324503	-0.709721854304636	-1.71708609271523	4.6635761589404	7.50437086092715				0.948026490066225	0.0994966887417219	0.181933774834437	-7.8882119205298	0.331920529801325	3.30251655629139				0.335788079470199	0.0171655629139073	-0.852238410596026	-0.819602649006623	0.157615894039735	10.445298013245			
140	3300	0.967841059602649	-0.0292450331125828	0.168476821192053	-1.64662251655629	4.6153642384106	0.215099337748344				0.992953642384106	0.0797880794701987	0.205139072847682	-5.44609271523179	-1.93218543046358	-0.0259602649006601				0.997827814569536	0.0467284768211921	-0.00794701986754963	-1.11258278145695	2.66649006622517	2.87973509933775				0.608529801324503	-0.288529801324503	-0.693721854304636	-3.11708609271523	4.9435761589404	4.70437086092715				0.948026490066225	0.0994966887417219	0.149933774834437	-9.8482119205298	1.73192052980133	0.782516556291392				0.319788079470199	0.0171655629139073	-0.868238410596026	-0.259602649006623	-0.402384105960265	8.48529801324503			
141	3320	0.983841059602649	-0.0132450331125828	0.168476821192053	-3.88662251655629	2.0953642384106	-0.904900662251656				0.976953642384106	0.0637880794701987	0.221139072847682	-4.04609271523179	-4.73218543046358	-0.0259602649006601				0.981827814569536	0.0307284768211921	0.00805298013245037	-4.75258278145695	0.706490066225167	2.31973509933775				0.640529801324503	-0.256529801324503	-0.677721854304636	-3.39708609271523	1.8635761589404	5.82437086092715				0.948026490066225	0.147496688741722	0.181933774834437	-6.7682119205298	-0.508079470198675	1.62251655629139				0.319788079470199	0.0331655629139073	-0.868238410596026	-3.89960264900662	2.39761589403974	7.92529801324503			
142	3340	0.967841059602649	-0.0132450331125828	0.168476821192053	-5.00662251655629	-0.704635761589404	-1.46490066225166				0.976953642384106	0.0637880794701987	0.173139072847682	-5.16609271523179	-3.05218543046358	0.53403973509934				0.965827814569536	0.0627284768211921	0.00805298013245037	-7.27258278145696	-0.133509933774833	3.43973509933775				0.640529801324503	-0.272529801324503	-0.677721854304636	-4.23708609271523	1.0235761589404	9.18437086092715				0.964026490066225	0.131496688741722	0.165933774834437	-5.3682119205298	-0.508079470198675	2.46251655629139				0.319788079470199	0.0651655629139073	-0.900238410596026	-8.65960264900662	6.03761589403974	8.76529801324503			
143	3360	0.951841059602649	-0.0452450331125828	0.184476821192053	-4.44662251655629	-1.5446357615894	-0.344900662251656				0.976953642384106	0.0477880794701987	0.205139072847682	-5.44609271523179	-1.37218543046358	0.25403973509934				0.997827814569536	0.110728476821192	0.00805298013245037	-6.43258278145695	0.426490066225167	3.15973509933775				0.608529801324503	-0.304529801324503	-0.677721854304636	-2.83708609271523	3.2635761589404	9.46437086092715				0.948026490066225	0.115496688741722	0.181933774834437	-2.2882119205298	-1.34807947019868	4.14251655629139				0.351788079470199	0.0491655629139073	-0.900238410596026	-6.13960264900662	6.59761589403974	7.08529801324503			
144	3380	0.967841059602649	-0.0612450331125828	0.216476821192053	-6.68662251655629	0.975364238410596	-2.86490066225166				0.976953642384106	0.0477880794701987	0.189139072847682	-3.48609271523179	0.0278145695364242	1.09403973509934				0.997827814569536	0.0947284768211921	0.00805298013245037	-6.43258278145695	-2.09350993377483	2.59973509933775				0.608529801324503	-0.288529801324503	-0.677721854304636	0.522913907284768	4.6635761589404	8.62437086092715				0.948026490066225	0.0994966887417219	0.181933774834437	0.511788079470198	0.611920529801325	4.42251655629139				0.351788079470199	0.0331655629139073	-0.868238410596026	-3.89960264900662	7.43761589403974	5.96529801324503			
145	3400	0.951841059602649	-0.0452450331125828	0.184476821192053	-7.52662251655629	0.135364238410596	-2.30490066225166				0.976953642384106	0.0317880794701987	0.205139072847682	-5.72609271523179	3.38781456953642	2.21403973509934				0.981827814569536	0.0627284768211921	-0.0239470198675496	-5.31258278145695	-2.93350993377483	1.47973509933775				0.624529801324503	-0.288529801324503	-0.677721854304636	-1.71708609271523	3.2635761589404	7.78437086092715				0.948026490066225	0.0834966887417219	0.181933774834437	1.3517880794702	0.891920529801325	4.14251655629139				0.367788079470199	0.0171655629139073	-0.884238410596026	-8.65960264900662	4.91761589403974	4.84529801324503			
146	3420	0.951841059602649	-0.0292450331125828	0.184476821192053	-5.00662251655629	1.8153642384106	-2.86490066225166				0.976953642384106	0.0477880794701987	0.221139072847682	-7.96609271523179	2.54781456953642	0.53403973509934				0.997827814569536	0.0627284768211921	-0.0239470198675496	-4.19258278145695	-2.65350993377483	1.47973509933775				0.624529801324503	-0.304529801324503	-0.677721854304636	-3.67708609271523	2.1435761589404	7.22437086092715				0.948026490066225	0.0834966887417219	0.197933774834437	-0.0482119205298018	-1.62807947019868	3.86251655629139				0.383788079470199	0.0171655629139073	-0.900238410596026	-2.21960264900662	1.27761589403974	3.72529801324503			
147	3440	0.967841059602649	-0.0292450331125828	0.184476821192053	-6.68662251655629	2.9353642384106	-3.14490066225166				0.976953642384106	0.0477880794701987	0.205139072847682	-11.3260927152318	1.42781456953642	0.25403973509934				0.997827814569536	0.0307284768211921	-0.0239470198675496	-5.59258278145695	-1.81350993377483	1.47973509933775				0.608529801324503	-0.304529801324503	-0.661721854304636	-4.23708609271523	2.4235761589404	8.06437086092715				0.948026490066225	0.0834966887417219	0.197933774834437	-0.888211920529802	-1.90807947019868	4.42251655629139				0.383788079470199	0.0331655629139073	-0.884238410596026	0.0203973509933773	0.717615894039735	4.28529801324503			
148	3460	0.967841059602649	-0.0292450331125828	0.216476821192053	-7.24662251655629	3.7753642384106	-0.624900662251656				0.976953642384106	0.0637880794701987	0.205139072847682	-13.5660927152318	0.587814569536424	-0.30596026490066				0.965827814569536	0.0627284768211921	0.00805298013245037	-5.87258278145695	-0.973509933774833	0.91973509933775				0.592529801324503	-0.288529801324503	-0.677721854304636	-0.0370860927152318	2.9835761589404	8.34437086092715				0.964026490066225	0.0994966887417219	0.197933774834437	-2.2882119205298	-0.788079470198675	4.14251655629139				0.367788079470199	0.0171655629139073	-0.884238410596026	-0.819602649006623	1.83761589403974	5.68529801324503			
149	3480	0.967841059602649	-0.0292450331125828	0.216476821192053	-6.12662251655629	2.0953642384106	-0.344900662251656				0.992953642384106	0.0637880794701987	0.173139072847682	-11.3260927152318	-1.93218543046358	-0.0259602649006601				0.981827814569536	0.0787284768211921	0.00805298013245037	-6.99258278145695	0.426490066225167	1.47973509933775				0.624529801324503	-0.304529801324503	-0.677721854304636	0.242913907284768	4.9435761589404	7.22437086092715				0.964026490066225	0.0834966887417219	0.181933774834437	-2.8482119205298	-0.228079470198675	4.14251655629139				0.383788079470199	0.0171655629139073	-0.884238410596026	0.580397350993377	1.55761589403974	6.52529801324503			
150	3500	0.951841059602649	-0.0292450331125828	0.232476821192053	-3.04662251655629	3.4953642384106	-0.904900662251656				0.976953642384106	0.0477880794701987	0.173139072847682	-9.08609271523179	3.66781456953642	1.09403973509934				0.997827814569536	0.0627284768211921	-0.0239470198675496	-6.15258278145695	2.10649006622517	2.31973509933775				0.640529801324503	-0.320529801324503	-0.661721854304636	-1.71708609271523	3.8235761589404	5.82437086092715				0.964026490066225	0.0834966887417219	0.181933774834437	-4.5282119205298	-2.18807947019868	3.58251655629139				0.367788079470199	0.0331655629139073	-0.884238410596026	2.26039735099338	0.437615894039735	7.08529801324503			
