No	Time	12-AccX	12-AccY	12-AccZ	12-GyroX	12-GyroY	12-GyroZ	13-AccX	13-AccY	13-AccZ	13-GyroX	13-GyroY	13-GyroZ	14-AccX	14-AccY	14-AccZ	14-GyroX	14-GyroY	14-GyroZ	15-AccX	15-AccY	15-AccZ	15-GyroX	15-GyroY	15-GyroZ	16-AccX	16-AccY	16-AccZ	16-GyroX	16-GyroY	16-GyroZ	17-AccX	17-AccY	17-AccZ	17-GyroX	17-GyroY	17-GyroZ
0	140	0.983841059602649	0.00275496688741723	0.104476821192053	-1.36662251655629	-0.144635761589404	-1.18490066225166				0.976953642384106	0.0317880794701987	0.189139072847682	-0.126092715231788	-0.812185430463576	1.65403973509934				0.981827814569536	0.0307284768211921	-0.00794701986754963	0.847417218543046	-0.693509933774834	0.35973509933775				0	0	0	0	0	0				0	0	0	0	0	0				0	0	0	0	0	0			
1	160	0.967841059602649	0.00275496688741723	0.104476821192053	-0.806622516556291	-0.144635761589404	-0.344900662251656				0.976953642384106	0.0317880794701987	0.189139072847682	0.153907284768212	-1.09218543046358	1.37403973509934				0.981827814569536	0.0467284768211921	-0.00794701986754963	-1.39258278145695	-0.973509933774833	-0.20026490066225				0	0	0	0	0	0				0	0	0	0	0	0				0	0	0	0	0	0			
2	180	0.967841059602649	0.00275496688741723	0.088476821192053	-1.08662251655629	0.135364238410596	-1.18490066225166				0.976953642384106	0.0477880794701987	0.173139072847682	-0.406092715231788	-0.812185430463576	0.53403973509934				0.981827814569536	0.0307284768211921	-0.00794701986754963	0.00741721854304636	-0.413509933774833	0.0797350993377501				0.608529801324503	-0.384529801324503	-0.645721854304636	1.08291390728477	1.0235761589404	0.224370860927152				0.948026490066225	0.0674966887417219	0.149933774834437	0.791788079470198	0.611920529801325	0.222516556291392				0.303788079470199	-0.0628344370860927	-0.900238410596026	0.300397350993377	-0.122384105960265	0.0852980132450323			
3	200	0.967841059602649	0.00275496688741723	0.104476821192053	-1.92662251655629	0.695364238410596	-0.904900662251656				0.976953642384106	0.0317880794701987	0.189139072847682	-0.966092715231788	-0.812185430463576	0.53403973509934				0.981827814569536	0.0307284768211921	-0.0239470198675496	-1.11258278145695	-0.693509933774834	0.35973509933775				0.592529801324503	-0.384529801324503	-0.645721854304636	0.802913907284768	0.7435761589404	0.224370860927152				0.964026490066225	0.0674966887417219	0.149933774834437	1.3517880794702	1.45192052980132	0.782516556291392				0.303788079470199	-0.0788344370860927	-0.900238410596026	2.82039735099338	-0.402384105960265	-0.474701986754968			
4	220	0.983841059602649	0.00275496688741723	0.104476821192053	-0.806622516556291	0.135364238410596	-0.904900662251656				0.976953642384106	0.0317880794701987	0.173139072847682	-0.406092715231788	-0.532185430463576	1.09403973509934				0.997827814569536	0.0307284768211921	-0.0239470198675496	0.847417218543046	-0.133509933774833	-0.20026490066225				0.608529801324503	-0.384529801324503	-0.645721854304636	0.522913907284768	1.0235761589404	1.62437086092715				0.964026490066225	0.0514966887417219	0.149933774834437	1.9117880794702	2.01192052980133	0.502516556291392				0.303788079470199	-0.0788344370860927	-0.868238410596026	0.300397350993377	0.997615894039735	-1.31470198675497			
5	240	0.967841059602649	0.00275496688741723	0.104476821192053	-0.806622516556291	0.135364238410596	-1.18490066225166				0.976953642384106	0.0477880794701987	0.173139072847682	-0.126092715231788	0.0278145695364242	0.53403973509934				0.981827814569536	0.0467284768211921	-0.00794701986754963	0.567417218543046	0.146490066225167	-0.20026490066225				0.608529801324503	-0.384529801324503	-0.661721854304636	0.522913907284768	0.4635761589404	1.34437086092715				0.964026490066225	0.0674966887417219	0.149933774834437	1.3517880794702	1.17192052980133	0.502516556291392				0.319788079470199	-0.0788344370860927	-0.900238410596026	0.0203973509933773	1.27761589403974	-0.754701986754968			
6	260	0.983841059602649	0.00275496688741723	0.104476821192053	-0.806622516556291	0.135364238410596	-1.18490066225166				0.992953642384106	0.0477880794701987	0.173139072847682	-0.966092715231788	1.14781456953642	0.81403973509934				0.997827814569536	0.0467284768211921	-0.00794701986754963	-0.552582781456954	0.986490066225167	-0.20026490066225				0.608529801324503	-0.384529801324503	-0.645721854304636	0.242913907284768	-0.0964238410596001	1.06437086092715				0.964026490066225	0.0514966887417219	0.133933774834437	0.511788079470198	-0.788079470198675	1.06251655629139				0.319788079470199	-0.0788344370860927	-0.900238410596026	1.14039735099338	0.157615894039735	-1.03470198675497			
7	280	0.983841059602649	0.00275496688741723	0.088476821192053	0.593377483443709	0.135364238410596	-0.904900662251656				0.976953642384106	0.0317880794701987	0.205139072847682	0.433907284768212	0.867814569536424	1.37403973509934				0.997827814569536	0.0467284768211921	-0.0239470198675496	1.12741721854305	-0.133509933774833	0.63973509933775				0.608529801324503	-0.384529801324503	-0.661721854304636	-0.317086092715232	-0.3764238410596	0.504370860927152				0.948026490066225	0.0674966887417219	0.165933774834437	-0.0482119205298018	2.57192052980133	0.782516556291392				0.303788079470199	-0.0948344370860927	-0.900238410596026	1.42039735099338	-0.682384105960265	0.365298013245032			
8	300	0.983841059602649	0.00275496688741723	0.088476821192053	0.593377483443709	-0.144635761589404	0.215099337748344				0.976953642384106	0.0477880794701987	0.189139072847682	0.153907284768212	0.867814569536424	0.53403973509934				0.997827814569536	0.0467284768211921	-0.00794701986754963	1.96741721854305	0.146490066225167	0.35973509933775				0.608529801324503	-0.384529801324503	-0.645721854304636	0.242913907284768	-0.3764238410596	-0.0556291390728476				0.980026490066225	0.0514966887417219	0.149933774834437	-1.1682119205298	1.73192052980133	0.222516556291392				0.319788079470199	-0.0788344370860927	-0.900238410596026	2.54039735099338	-0.962384105960265	-0.194701986754968			
9	320	0.983841059602649	0.00275496688741723	0.104476821192053	0.0333774834437086	-0.704635761589404	-0.0649006622516557				0.976953642384106	0.0317880794701987	0.189139072847682	-0.406092715231788	1.14781456953642	0.81403973509934				0.981827814569536	0.0467284768211921	0.00805298013245037	1.68741721854305	-0.693509933774834	0.0797350993377501				0.624529801324503	-0.400529801324503	-0.629721854304636	-1.71708609271523	-0.0964238410596001	0.224370860927152				0.964026490066225	0.0514966887417219	0.149933774834437	1.3517880794702	0.891920529801325	0.222516556291392				0.303788079470199	-0.0788344370860927	-0.900238410596026	1.42039735099338	-0.402384105960265	0.0852980132450323			
10	340	0.967841059602649	0.00275496688741723	0.104476821192053	-0.246622516556291	-0.984635761589404	-0.0649006622516557				0.976953642384106	0.0317880794701987	0.189139072847682	-0.126092715231788	0.867814569536424	1.37403973509934				0.981827814569536	0.0467284768211921	-0.00794701986754963	0.847417218543046	0.706490066225167	-0.20026490066225				0.608529801324503	-0.384529801324503	-0.629721854304636	-0.317086092715232	-0.6564238410596	1.06437086092715				0.948026490066225	0.0514966887417219	0.165933774834437	0.231788079470198	-0.228079470198675	0.502516556291392				0.303788079470199	-0.0948344370860927	-0.884238410596026	1.42039735099338	-0.962384105960265	1.48529801324503			
11	360	0.983841059602649	0.00275496688741723	0.104476821192053	0.593377483443709	-0.424635761589404	-0.0649006622516557				0.976953642384106	0.0317880794701987	0.189139072847682	1.27390728476821	-0.252185430463576	1.09403973509934				0.997827814569536	0.0307284768211921	-0.00794701986754963	0.567417218543046	0.146490066225167	0.0797350993377501				0.608529801324503	-0.384529801324503	-0.645721854304636	0.242913907284768	-0.6564238410596	1.62437086092715				0.948026490066225	0.0514966887417219	0.149933774834437	0.231788079470198	-0.508079470198675	-0.0574834437086077				0.303788079470199	-0.0948344370860927	-0.868238410596026	1.42039735099338	-0.962384105960265	0.0852980132450323			
12	380	0.967841059602649	-0.0132450331125828	0.104476821192053	0.313377483443709	0.415364238410596	-0.624900662251656				0.976953642384106	0.0317880794701987	0.189139072847682	0.993907284768212	-0.252185430463576	0.81403973509934				0.981827814569536	0.0467284768211921	-0.00794701986754963	1.40741721854305	0.706490066225167	0.0797350993377501				0.608529801324503	-0.400529801324503	-0.629721854304636	0.522913907284768	0.4635761589404	1.06437086092715				0.964026490066225	0.0514966887417219	0.165933774834437	0.791788079470198	0.0519205298013249	0.502516556291392				0.303788079470199	-0.0948344370860927	-0.884238410596026	-1.37960264900662	0.157615894039735	0.0852980132450323			
13	400	0.967841059602649	0.00275496688741723	0.104476821192053	0.873377483443709	0.415364238410596	-0.624900662251656				0.976953642384106	0.0317880794701987	0.189139072847682	1.27390728476821	-0.252185430463576	0.53403973509934				0.981827814569536	0.0467284768211921	-0.00794701986754963	0.00741721854304636	-0.693509933774834	0.63973509933775				0.624529801324503	-0.384529801324503	-0.629721854304636	0.242913907284768	-0.9364238410596	0.224370860927152				0.948026490066225	0.0674966887417219	0.149933774834437	0.511788079470198	-0.508079470198675	0.502516556291392				0.303788079470199	-0.0948344370860927	-0.900238410596026	0.0203973509933773	-0.402384105960265	0.0852980132450323			
14	420	0.983841059602649	0.00275496688741723	0.104476821192053	0.593377483443709	-0.704635761589404	-0.344900662251656				0.976953642384106	0.0317880794701987	0.189139072847682	1.55390728476821	-1.37218543046358	0.53403973509934				0.981827814569536	0.0467284768211921	-0.0239470198675496	-0.552582781456954	-0.133509933774833	0.0797350993377501				0.592529801324503	-0.384529801324503	-0.629721854304636	0.522913907284768	0.7435761589404	1.34437086092715				0.948026490066225	0.0514966887417219	0.165933774834437	0.511788079470198	-0.228079470198675	-0.0574834437086077				0.303788079470199	-0.0788344370860927	-0.900238410596026	0.300397350993377	-0.122384105960265	0.0852980132450323			
15	440	0.983841059602649	0.00275496688741723	0.104476821192053	-0.246622516556291	-0.424635761589404	-1.18490066225166				0.976953642384106	0.0317880794701987	0.189139072847682	1.27390728476821	-1.09218543046358	0.81403973509934				0.981827814569536	0.0307284768211921	-0.00794701986754963	2.80741721854305	0.426490066225167	0.0797350993377501				0.592529801324503	-0.384529801324503	-0.645721854304636	0.802913907284768	1.3035761589404	1.06437086092715				0.964026490066225	0.0514966887417219	0.149933774834437	0.511788079470198	0.891920529801325	0.502516556291392				0.303788079470199	-0.0948344370860927	-0.884238410596026	-0.259602649006623	0.157615894039735	-0.474701986754968			
16	460	0.983841059602649	0.00275496688741723	0.104476821192053	-0.806622516556291	-0.424635761589404	-0.904900662251656				0.976953642384106	0.0317880794701987	0.189139072847682	0.993907284768212	-0.252185430463576	0.53403973509934				0.981827814569536	0.0307284768211921	0.00805298013245037	1.68741721854305	-0.133509933774833	-0.20026490066225				0.592529801324503	-0.384529801324503	-0.645721854304636	0.802913907284768	1.3035761589404	1.62437086092715				0.964026490066225	0.0674966887417219	0.149933774834437	1.0717880794702	1.73192052980133	0.782516556291392				0.303788079470199	-0.0788344370860927	-0.900238410596026	0.580397350993377	0.437615894039735	-1.03470198675497			
17	480	0.967841059602649	-0.0132450331125828	0.088476821192053	0.593377483443709	-0.424635761589404	-0.344900662251656				0.976953642384106	0.0317880794701987	0.189139072847682	0.713907284768212	0.307814569536424	0.53403973509934				0.997827814569536	0.0467284768211921	-0.0239470198675496	2.24741721854305	-0.413509933774833	0.35973509933775				0.608529801324503	-0.384529801324503	-0.661721854304636	0.802913907284768	0.4635761589404	1.62437086092715				0.964026490066225	0.0514966887417219	0.165933774834437	0.511788079470198	0.891920529801325	-0.0574834437086077				0.319788079470199	-0.0788344370860927	-0.900238410596026	0.580397350993377	0.157615894039735	-0.194701986754968			
18	500	0.967841059602649	-0.0132450331125828	0.104476821192053	-0.246622516556291	0.415364238410596	-0.904900662251656				0.976953642384106	0.0317880794701987	0.189139072847682	0.433907284768212	-0.252185430463576	0.81403973509934				0.997827814569536	0.0307284768211921	-0.0239470198675496	0.287417218543046	0.426490066225167	-0.20026490066225				0.608529801324503	-0.384529801324503	-0.645721854304636	0.522913907284768	0.4635761589404	1.62437086092715				0.964026490066225	0.0674966887417219	0.149933774834437	-0.328211920529802	0.611920529801325	1.06251655629139				0.303788079470199	-0.0948344370860927	-0.900238410596026	0.580397350993377	0.157615894039735	-0.194701986754968			
19	520	0.983841059602649	0.00275496688741723	0.104476821192053	0.0333774834437086	0.415364238410596	-1.46490066225166				0.976953642384106	0.0317880794701987	0.189139072847682	-0.406092715231788	-0.812185430463576	0.81403973509934				0.981827814569536	0.0307284768211921	-0.0239470198675496	0.00741721854304636	0.146490066225167	0.0797350993377501				0.608529801324503	-0.384529801324503	-0.645721854304636	-0.597086092715232	0.1835761589404	0.784370860927152				0.964026490066225	0.0514966887417219	0.149933774834437	0.791788079470198	0.331920529801325	1.06251655629139				0.303788079470199	-0.0788344370860927	-0.884238410596026	1.98039735099338	-0.962384105960265	-0.194701986754968			
20	540	0.967841059602649	0.00275496688741723	0.104476821192053	-0.246622516556291	0.135364238410596	-1.18490066225166				0.976953642384106	0.0317880794701987	0.189139072847682	-0.686092715231788	-0.532185430463576	0.53403973509934				0.981827814569536	0.0307284768211921	-0.0239470198675496	1.40741721854305	-0.133509933774833	-0.76026490066225				0.576529801324503	-0.384529801324503	-0.645721854304636	-0.0370860927152318	-0.0964238410596001	0.784370860927152				0.948026490066225	0.0514966887417219	0.149933774834437	0.791788079470198	0.611920529801325	1.62251655629139				0.303788079470199	-0.0948344370860927	-0.884238410596026	2.26039735099338	-0.962384105960265	-0.194701986754968			
21	560	0.983841059602649	0.00275496688741723	0.088476821192053	-1.08662251655629	0.135364238410596	-1.46490066225166				0.976953642384106	0.0317880794701987	0.189139072847682	0.433907284768212	-1.65218543046358	1.09403973509934				0.997827814569536	0.0307284768211921	-0.0239470198675496	0.287417218543046	0.146490066225167	-0.76026490066225				0.592529801324503	-0.384529801324503	-0.629721854304636	0.522913907284768	0.1835761589404	1.06437086092715				0.948026490066225	0.0674966887417219	0.181933774834437	1.3517880794702	3.41192052980132	1.62251655629139				0.303788079470199	-0.0788344370860927	-0.884238410596026	1.42039735099338	-0.682384105960265	0.0852980132450323			
22	580	0.967841059602649	0.00275496688741723	0.088476821192053	-0.246622516556291	-0.144635761589404	-1.46490066225166				0.976953642384106	0.0317880794701987	0.157139072847682	-1.52609271523179	0.0278145695364242	1.37403973509934				0.981827814569536	0.0467284768211921	-0.0239470198675496	0.00741721854304636	0.146490066225167	-0.48026490066225				0.608529801324503	-0.400529801324503	-0.645721854304636	0.242913907284768	-1.2164238410596	1.34437086092715				0.964026490066225	0.0514966887417219	0.133933774834437	-0.0482119205298018	0.331920529801325	1.34251655629139				0.303788079470199	-0.0948344370860927	-0.900238410596026	1.42039735099338	0.157615894039735	0.0852980132450323			
23	600	0.983841059602649	0.00275496688741723	0.088476821192053	0.0333774834437086	-0.144635761589404	-0.624900662251656				0.992953642384106	0.0317880794701987	0.189139072847682	-2.92609271523179	0.587814569536424	2.21403973509934				0.997827814569536	0.0467284768211921	-0.0239470198675496	-1.39258278145695	0.426490066225167	-0.20026490066225				0.608529801324503	-0.400529801324503	-0.645721854304636	0.522913907284768	-0.9364238410596	1.90437086092715				0.948026490066225	0.0514966887417219	0.149933774834437	-4.2482119205298	-0.508079470198675	-0.0574834437086077				0.303788079470199	-0.0788344370860927	-0.884238410596026	1.14039735099338	0.157615894039735	0.365298013245032			
24	620	0.967841059602649	0.00275496688741723	0.088476821192053	-0.526622516556291	0.135364238410596	-1.74490066225166				0.992953642384106	0.0317880794701987	0.205139072847682	-0.686092715231788	-0.532185430463576	0.25403973509934				0.981827814569536	0.0307284768211921	-0.0239470198675496	0.287417218543046	0.146490066225167	-0.20026490066225				0.608529801324503	-0.384529801324503	-0.661721854304636	0.522913907284768	1.0235761589404	1.62437086092715				0.948026490066225	0.0514966887417219	0.181933774834437	-0.888211920529802	2.57192052980133	0.782516556291392				0.303788079470199	-0.0948344370860927	-0.900238410596026	1.42039735099338	-1.52238410596026	-0.194701986754968			
25	640	0.983841059602649	0.00275496688741723	0.104476821192053	-0.806622516556291	0.135364238410596	-1.18490066225166				0.976953642384106	0.0317880794701987	0.189139072847682	0.713907284768212	-2.49218543046358	0.81403973509934				0.981827814569536	0.0467284768211921	-0.0239470198675496	1.40741721854305	-0.133509933774833	-0.48026490066225				0.592529801324503	-0.384529801324503	-0.645721854304636	0.802913907284768	2.1435761589404	0.504370860927152				0.964026490066225	0.0514966887417219	0.133933774834437	-0.888211920529802	-0.228079470198675	-0.337483443708608				0.303788079470199	-0.0788344370860927	-0.900238410596026	1.70039735099338	-0.122384105960265	-0.474701986754968			
26	660	0.983841059602649	0.00275496688741723	0.104476821192053	0.593377483443709	-0.424635761589404	-0.904900662251656				0.976953642384106	0.0317880794701987	0.173139072847682	-1.52609271523179	-1.37218543046358	0.81403973509934				0.981827814569536	0.0467284768211921	-0.0239470198675496	0.847417218543046	0.706490066225167	-0.48026490066225				0.608529801324503	-0.384529801324503	-0.629721854304636	-0.0370860927152318	0.7435761589404	1.34437086092715				0.948026490066225	0.0514966887417219	0.149933774834437	1.6317880794702	1.73192052980133	0.502516556291392				0.287788079470199	-0.0948344370860927	-0.884238410596026	1.70039735099338	0.997615894039735	-0.194701986754968			
27	680	0.967841059602649	0.0187549668874172	0.104476821192053	-0.246622516556291	-0.144635761589404	-1.46490066225166				0.976953642384106	0.0317880794701987	0.173139072847682	-0.406092715231788	-1.37218543046358	1.09403973509934				0.981827814569536	0.0467284768211921	-0.0239470198675496	1.12741721854305	-0.973509933774833	-0.76026490066225				0.608529801324503	-0.384529801324503	-0.645721854304636	-0.0370860927152318	-0.0964238410596001	1.06437086092715				0.948026490066225	0.0514966887417219	0.181933774834437	0.231788079470198	0.331920529801325	1.06251655629139				0.303788079470199	-0.0948344370860927	-0.900238410596026	0.0203973509933773	1.83761589403974	-0.474701986754968			
28	700	0.983841059602649	0.00275496688741723	0.088476821192053	-1.36662251655629	0.415364238410596	-2.02490066225166				0.976953642384106	0.0477880794701987	0.189139072847682	2.67390728476821	-1.09218543046358	1.09403973509934				0.981827814569536	0.0467284768211921	-0.0239470198675496	0.847417218543046	-0.133509933774833	0.0797350993377501				0.608529801324503	-0.400529801324503	-0.645721854304636	1.64291390728477	-0.0964238410596001	1.34437086092715				0.964026490066225	0.0514966887417219	0.149933774834437	1.3517880794702	-0.228079470198675	1.06251655629139				0.303788079470199	-0.0948344370860927	-0.900238410596026	2.82039735099338	-0.402384105960265	0.365298013245032			
29	720	0.983841059602649	0.00275496688741723	0.088476821192053	1.15337748344371	-0.144635761589404	-1.18490066225166				0.992953642384106	0.0317880794701987	0.221139072847682	4.35390728476821	1.42781456953642	0.81403973509934				0.981827814569536	0.0467284768211921	-0.0239470198675496	1.68741721854305	2.38649006622517	-0.20026490066225				0.608529801324503	-0.384529801324503	-0.645721854304636	1.36291390728477	-0.0964238410596001	0.504370860927152				0.964026490066225	0.0514966887417219	0.149933774834437	1.0717880794702	-0.228079470198675	1.06251655629139				0.303788079470199	-0.0948344370860927	-0.900238410596026	-0.539602649006623	-0.122384105960265	-0.194701986754968			
30	740	0.999841059602649	0.00275496688741723	0.072476821192053	0.873377483443709	-2.3846357615894	-2.02490066225166				0.976953642384106	0.0317880794701987	0.189139072847682	6.03390728476821	1.14781456953642	0.53403973509934				0.997827814569536	0.0467284768211921	-0.0399470198675496	2.80741721854305	2.38649006622517	-0.76026490066225				0.592529801324503	-0.384529801324503	-0.645721854304636	1.64291390728477	-0.0964238410596001	0.504370860927152				0.964026490066225	0.0514966887417219	0.165933774834437	0.231788079470198	-0.228079470198675	1.34251655629139				0.303788079470199	-0.0788344370860927	-0.900238410596026	0.860397350993377	-1.52238410596026	0.0852980132450323			
31	760	0.999841059602649	0.0187549668874172	0.040476821192053	-6.96662251655629	-3.2246357615894	-3.42490066225166				0.976953642384106	0.0317880794701987	0.189139072847682	6.59390728476821	1.14781456953642	1.09403973509934				0.997827814569536	0.0147284768211921	-0.0239470198675496	8.12741721854305	2.66649006622517	1.47973509933775				0.608529801324503	-0.384529801324503	-0.645721854304636	1.64291390728477	0.1835761589404	0.504370860927152				0.948026490066225	0.0514966887417219	0.149933774834437	0.511788079470198	-0.788079470198675	1.34251655629139				0.303788079470199	-0.0948344370860927	-0.884238410596026	0.580397350993377	-0.682384105960265	-0.474701986754968			
32	780	0.999841059602649	0.00275496688741723	0.00847682119205304	-3.32662251655629	-6.0246357615894	-3.70490066225166				0.992953642384106	0.0477880794701987	0.189139072847682	5.47390728476821	1.70781456953642	-0.0259602649006601				0.981827814569536	0.0147284768211921	-0.00794701986754963	-0.272582781456954	2.66649006622517	1.75973509933775				0.592529801324503	-0.384529801324503	-0.645721854304636	0.242913907284768	-1.2164238410596	1.06437086092715				0.948026490066225	0.0674966887417219	0.165933774834437	0.231788079470198	-1.34807947019868	1.06251655629139				0.319788079470199	-0.0788344370860927	-0.900238410596026	0.300397350993377	0.437615894039735	-0.194701986754968			
33	800	0.999841059602649	0.00275496688741723	-0.071523178807947	-0.526622516556291	-12.4646357615894	-4.82490066225166				0.992953642384106	0.0317880794701987	0.205139072847682	7.15390728476821	0.867814569536424	0.53403973509934				0.981827814569536	0.0307284768211921	-0.0239470198675496	-5.03258278145695	3.22649006622517	1.47973509933775				0.592529801324503	-0.384529801324503	-0.645721854304636	0.522913907284768	-0.9364238410596	1.06437086092715				0.948026490066225	0.0514966887417219	0.149933774834437	-0.0482119205298018	-0.228079470198675	2.46251655629139				0.303788079470199	-0.0788344370860927	-0.900238410596026	0.860397350993377	-0.402384105960265	0.0852980132450323			
34	820	0.983841059602649	-0.0292450331125828	-0.071523178807947	-3.88662251655629	-16.6646357615894	-3.70490066225166				0.992953642384106	0.0317880794701987	0.189139072847682	9.95390728476821	-3.89218543046358	0.81403973509934				0.981827814569536	0.0467284768211921	-0.00794701986754963	-7.27258278145696	3.78649006622517	1.75973509933775				0.592529801324503	-0.384529801324503	-0.645721854304636	-0.0370860927152318	-0.0964238410596001	1.90437086092715				0.932026490066225	0.0674966887417219	0.165933774834437	-0.608211920529802	2.57192052980133	1.34251655629139				0.319788079470199	-0.0788344370860927	-0.884238410596026	0.300397350993377	-0.962384105960265	1.20529801324503			
35	840	1.01584105960265	-0.0132450331125828	-0.087523178807947	-5.56662251655629	-23.9446357615894	-2.86490066225166				0.960953642384106	0.0637880794701987	0.141139072847682	4.35390728476821	-10.6121854304636	1.37403973509934				0.981827814569536	0.0787284768211921	-0.0239470198675496	-5.87258278145695	4.90649006622517	2.59973509933775				0.592529801324503	-0.368529801324503	-0.677721854304636	-0.877086092715232	-0.0964238410596001	2.18437086092715				0.948026490066225	0.0674966887417219	0.165933774834437	-2.8482119205298	2.85192052980133	0.782516556291392				0.335788079470199	-0.0788344370860927	-0.884238410596026	-1.65960264900662	-1.52238410596026	2.04529801324503			
36	860	1.01584105960265	0.0347549668874172	-0.167523178807947	-13.6866225165563	-36.5446357615894	-3.98490066225166				0.960953642384106	0.0797880794701987	0.157139072847682	-1.80609271523179	-8.93218543046358	1.09403973509934				0.981827814569536	0.0947284768211921	0.00805298013245037	-3.07258278145695	6.30649006622517	4.55973509933775				0.608529801324503	-0.400529801324503	-0.677721854304636	-0.877086092715232	0.4635761589404	2.46437086092715				0.964026490066225	0.0674966887417219	0.149933774834437	0.511788079470198	2.29192052980133	2.18251655629139				0.351788079470199	-0.0788344370860927	-0.884238410596026	-2.77960264900662	-0.682384105960265	2.88529801324503			
37	880	1.03184105960265	0.0987549668874172	-0.231523178807947	-17.8866225165563	-50.2646357615894	-7.06490066225166				0.960953642384106	0.0797880794701987	0.221139072847682	-5.72609271523179	-8.37218543046358	1.37403973509934				1.01382781456954	0.0627284768211921	0.0560529801324504	-4.19258278145695	2.10649006622517	5.95973509933775				0.576529801324503	-0.400529801324503	-0.661721854304636	-4.51708609271523	-0.9364238410596	3.86437086092715				0.964026490066225	0.0674966887417219	0.149933774834437	-3.4082119205298	0.891920529801325	1.34251655629139				0.351788079470199	-0.0628344370860927	-0.900238410596026	-3.61960264900662	-1.52238410596026	4.84529801324503			
38	900	0.903841059602649	0.114754966887417	-0.247523178807947	-21.8066225165563	-57.2646357615894	-7.06490066225166				0.960953642384106	0.127788079470199	0.157139072847682	-8.24609271523179	-8.65218543046358	2.49403973509934				0.997827814569536	0.0307284768211921	0.0560529801324504	-10.632582781457	-0.133509933774833	5.39973509933775				0.544529801324503	-0.368529801324503	-0.661721854304636	-6.47708609271523	-0.9364238410596	7.78437086092715				0.948026490066225	0.0994966887417219	0.133933774834437	-9.8482119205298	-5.26807947019868	-0.337483443708608				0.351788079470199	-0.0788344370860927	-0.884238410596026	-1.37960264900662	-6.00238410596027	7.92529801324503			
39	920	0	0	0	0	0	0				0	0	0	0	0	0				0	0	0	0	0	0				0.528529801324503	-0.368529801324503	-0.677721854304636	-6.19708609271523	-0.0964238410596001	9.74437086092715				0.916026490066225	0.0994966887417219	0.133933774834437	-11.2482119205298	-7.78807947019868	-0.617483443708608				0.335788079470199	-0.0628344370860927	-0.836238410596026	-1.65960264900662	-10.2023841059603	11.845298013245			
40	1060	0	0	0	0	0	0				0.832953642384106	0.223788079470199	0.173139072847682	-77.9660927152318	-6.13218543046358	-1.14596026490066				0.997827814569536	0.190728476821192	0.10405298013245	-44.232582781457	-18.0535099337748	19.9597350993378				0	0	0	0	0	0				0	0	0	0	0	0				0	0	0	0	0	0			
41	1080	0.455841059602649	-0.349245033112583	0.392476821192053	-88.4466225165563	-25.3446357615894	51.4550993377484				0.912953642384106	0.223788079470199	0.157139072847682	-96.7260927152318	10.1078145695364	-3.66596026490066				1.04582781456954	0.222728476821192	0.0880529801324504	-46.752582781457	-27.8535099337748	24.7197350993378				0	0	0	0	0	0				0	0	0	0	0	0				0	0	0	0	0	0			
42	1100	0.647841059602649	-0.349245033112583	0.744476821192053	-125.966622516556	21.9753642384106	62.6550993377484				1.05695364238411	0.175788079470199	0.221139072847682	-114.646092715232	22.9878145695364	-11.2259602649007				0.981827814569536	0.174728476821192	0.13605298013245	-70.832582781457	-32.3335099337748	26.9597350993378				0	0	0	0	0	0				0	0	0	0	0	0				0.495788079470199	0.0811655629139073	-0.772238410596026	-20.1396026490066	5.19761589403974	79.325298013245			
43	1120	0.679841059602649	-0.365245033112583	0.696476821192053	-148.926622516556	77.6953642384106	43.8950993377483				1.08895364238411	0.159788079470199	0.301139072847682	-129.206092715232	5.90781456953642	-20.7459602649007				0.885827814569536	0.142728476821192	0.10405298013245	-88.752582781457	-36.2535099337748	24.7197350993378				0.464529801324503	-0.112529801324503	-0.741721854304636	-31.9570860927152	25.6635761589404	35.7843708609272				1.02802649006623	0.243496688741722	0.261933774834437	-75.6482119205298	-2.46807947019868	-12.3774834437086				0.575788079470199	0.0811655629139073	-0.836238410596026	-21.8196026490066	3.79761589403974	79.325298013245			
44	1140	0.903841059602649	-0.333245033112583	0.552476821192053	-197.926622516556	102.335364238411	34.0950993377484				0.928953642384106	0.223788079470199	0.301139072847682	-125.566092715232	-20.4121854304636	-25.7859602649007				0.869827814569536	0.270728476821192	0.0720529801324504	-109.472582781457	-21.9735099337748	25.8397350993378				0.512529801324503	-0.240529801324503	-0.789721854304636	-18.5170860927152	30.4235761589404	43.9043708609272				1.06002649006623	0.195496688741722	0.245933774834437	-92.4482119205298	-14.2280794701987	-12.6574834437086				0.623788079470199	0.0651655629139073	-0.884238410596026	-16.2196026490066	13.0376158940397	76.805298013245			
45	1160	0.919841059602649	0.306754966887417	0.504476821192053	-258.966622516556	118.295364238411	25.1350993377483				0.736953642384106	0.287788079470199	0.157139072847682	-111.286092715232	-24.8921854304636	-26.3459602649007				0.949827814569536	0.334728476821192	0.0240529801324504	-122.072582781457	-23.0935099337748	30.5997350993378				0.560529801324503	-0.480529801324503	-0.789721854304636	-28.3170860927152	36.8635761589404	45.3043708609272				0.948026490066225	0.163496688741722	0.197933774834437	-107.28821192053	-22.3480794701987	-12.3774834437086				0.639788079470199	0.0651655629139073	-0.836238410596026	-26.8596026490066	26.7576158940397	78.205298013245			
46	1180	1.07984105960265	1.02675496688742	0.632476821192053	-299.846622516556	132.575364238411	27.9350993377483				0.736953642384106	0.271788079470199	0.141139072847682	-109.326092715232	-0.812185430463576	-29.1459602649007				0.981827814569536	0.350728476821192	0.00805298013245037	-119.272582781457	-32.0535099337748	35.6397350993377				0.560529801324503	-0.512529801324503	-0.773721854304636	-47.9170860927152	34.0635761589404	48.9443708609272				0.884026490066225	0.195496688741722	0.165933774834437	-113.72821192053	-21.7880794701987	-16.5774834437086				0.575788079470199	0.0971655629139073	-0.788238410596027	-36.0996026490066	19.1976158940397	85.765298013245			
47	1200	2.02384105960265	2.05075496688742	-1.35152317880795	-332.886622516556	-30.6646357615894	9.17509933774834				1.00895364238411	-0.0482119205298013	0.269139072847682	-136.486092715232	40.9078145695364	-26.3459602649007				1.12582781456954	0.462728476821192	-0.0239470198675496	-119.552582781457	-41.5735099337748	28.3597350993378				0.528529801324503	-0.368529801324503	-0.773721854304636	-63.5970860927152	23.7035761589404	57.6243708609272				0.868026490066225	0.259496688741722	0.133933774834437	-117.08821192053	-26.5480794701987	-19.0974834437086				0.479788079470199	0.0971655629139073	-0.788238410596027	-31.6196026490066	-0.682384105960265	91.085298013245			
48	1220	0.759841059602649	0.834754966887417	-0.151523178807947	14.5933774834437	-63.1446357615894	29.8950993377483				1.50495364238411	-0.0322119205298013	0.669139072847682	-186.046092715232	57.1478145695364	-47.0659602649007				1.10982781456954	0.350728476821192	-0.23194701986755	-97.992582781457	-61.4535099337748	11.5597350993378				0.512529801324503	-0.288529801324503	-0.709721854304636	-68.0770860927152	22.3035761589404	67.4243708609272				0.900026490066225	0.275496688741722	0.117933774834437	-116.52821192053	-25.9880794701987	-20.2174834437086				0.351788079470199	0.0811655629139073	-0.772238410596026	-35.2596026490066	-9.92238410596027	97.245298013245			
49	1240	0.119841059602649	-0.797245033112583	-0.135523178807947	218.433377483444	1.8153642384106	44.7350993377484				1.16895364238411	0.319788079470199	0.461139072847682	-98.1260927152318	-4.17218543046358	-48.7459602649007				1.28582781456954	-0.193271523178808	-0.40794701986755	-70.272582781457	-45.4935099337748	18.2797350993378				0.560529801324503	-0.336529801324503	-0.773721854304636	-61.6370860927152	31.8235761589404	84.2243708609272				1.26802649006623	0.163496688741722	0.357933774834437	-98.3282119205298	-5.54807947019868	-22.7374834437086				0.223788079470199	0.00116556291390731	-1.02823841059603	-65.4996026490066	5.19761589403974	98.085298013245			
50	1260	0.999841059602649	-1.53324503311258	-0.199523178807947	-52.8866225165563	40.4553642384106	44.4550993377484				1.10495364238411	-0.0162119205298013	-0.242860927152318	-69.0060927152318	-27.4121854304636	-22.9859602649007				1.42982781456954	-0.497271523178808	-0.72794701986755	-139.152582781457	-58.6535099337748	21.6397350993378				0.688529801324503	-0.752529801324503	-0.741721854304636	-37.5570860927152	63.1835761589404	85.6243708609272				1.09202649006623	0.0514966887417219	-0.0900662251655629	-128.28821192053	-21.2280794701987	-17.1374834437086				0.303788079470199	0.0811655629139073	-1.22023841059603	-69.6996026490066	43.5576158940397	97.8052980132451			
51	1280	0.951841059602649	-0.557245033112583	-0.023523178807947	-156.486622516556	7.1353642384106	21.7750993377483				1.28095364238411	-0.0482119205298013	-0.0988609271523179	-133.406092715232	12.0678145695364	-26.9059602649007				1.26982781456954	-0.497271523178808	-0.64794701986755	-168.832582781457	-89.4535099337748	9.03973509933775				0.720529801324503	-0.768529801324503	-0.549721854304636	-73.6770860927152	57.0235761589404	66.3043708609272				0.852026490066225	0.0674966887417219	-0.0100662251655629	-103.64821192053	13.2119205298013	-18.8174834437086				0.239788079470199	0.0331655629139073	-0.884238410596026	-32.7396026490066	29.5576158940397	102.565298013245			
52	1300	1.04784105960265	0.0347549668874172	-0.055523178807947	-133.806622516556	28.9753642384106	5.25509933774834				1.28095364238411	-0.0322119205298013	0.429139072847682	-105.966092715232	-16.2121854304636	-17.9459602649007				0.981827814569536	-0.449271523178808	-0.26394701986755	-154.552582781457	-97.0135099337748	11.8397350993378				0.688529801324503	-0.416529801324503	-0.677721854304636	-86.5570860927152	44.1435761589404	71.9043708609272				1.09202649006623	0.0514966887417219	0.373933774834437	-89.0882119205298	26.3719205298013	-30.0174834437086				0.255788079470199	-0.0948344370860927	-0.916238410596027	-45.6196026490066	-1.80238410596026	95.845298013245			
53	1320	0.807841059602649	0.146754966887417	-0.039523178807947	-104.406622516556	46.8953642384106	21.7750993377483				0.944953642384106	-0.144211920529801	-0.0828609271523179	-92.8060927152318	-68.5721854304636	-10.9459602649007				0.661827814569536	-0.145271523178808	-0.13594701986755	-170.792582781457	-84.9735099337748	18.2797350993378				0.704529801324503	-0.496529801324503	-0.789721854304636	-58.5570860927152	69.9035761589404	83.9443708609272				1.26802649006623	0.0674966887417219	0.181933774834437	-126.32821192053	0.891920529801325	-27.7774834437086				0.415788079470199	-0.0948344370860927	-1.20423841059603	-56.2596026490066	6.03761589403974	93.605298013245			
54	1340	0.983841059602649	0.146754966887417	-0.087523178807947	-74.1666225165563	53.3353642384106	24.2950993377483				0.848953642384106	-0.0642119205298013	-0.130860927152318	-89.4460927152318	-69.4121854304636	6.13403973509934				0.581827814569536	0.110728476821192	0.00805298013245037	-193.472582781457	-58.0935099337748	12.6797350993378				0.704529801324503	-0.736529801324503	-0.709721854304636	-61.0770860927152	83.3435761589404	83.1043708609272				1.25202649006623	0.0674966887417219	-0.202066225165563	-121.84821192053	-8.34807947019868	-21.0574834437086				0.479788079470199	0.0171655629139073	-1.15623841059603	-50.3796026490066	27.8776158940397	98.645298013245			
55	1360	0.887841059602649	0.0987549668874172	-0.247523178807947	-58.4866225165563	57.5353642384106	7.49509933774834				0.736953642384106	0.0797880794701987	-0.322860927152318	-110.446092715232	1.42781456953642	-5.06596026490066				0.501827814569536	0.142728476821192	0.10405298013245	-160.432582781457	-14.1335099337748	4.83973509933775				0.528529801324503	-0.640529801324503	-0.677721854304636	-80.1170860927152	59.8235761589404	81.4243708609272				1.04402649006623	-0.0925033112582781	-0.0260662251655629	-104.76821192053	-8.62807947019868	-14.8974834437086				0.383788079470199	0.0491655629139073	-1.01223841059603	-69.9796026490066	30.6776158940397	105.925298013245			
56	1380	0.871841059602649	-0.0772450331125828	-0.311523178807947	-57.3666225165563	56.9753642384106	-7.62490066225166				0.816953642384106	-0.0482119205298013	-0.0348609271523178	-119.966092715232	-17.0521854304636	-11.2259602649007				0.389827814569536	-0.0972715231788079	0.0560529801324504	-127.672582781457	34.0264900662252	-1.60026490066225				0.352529801324503	-0.512529801324503	-0.629721854304636	-92.9970860927152	41.3435761589404	87.8643708609272				0.900026490066225	-0.108503311258278	0.0219337748344371	-126.32821192053	-22.9080794701987	-12.0974834437086				0.255788079470199	0.0331655629139073	-0.980238410596026	-53.1796026490066	8.27761589403974	107.045298013245			
57	1400	0.871841059602649	-0.237245033112583	-0.375523178807947	-81.7266225165563	59.2153642384106	-7.34490066225166				0.944953642384106	-0.0162119205298013	-0.0988609271523179	-116.606092715232	-30.7721854304636	-15.7059602649007				0.485827814569536	-0.113271523178808	0.18405298013245	-159.872582781457	55.3064900662252	3.15973509933775				0.320529801324503	-0.512529801324503	-0.517721854304636	-103.357086092715	30.7035761589404	90.1043708609272				0.820026490066225	0.00349668874172187	-0.0580662251655629	-139.48821192053	-25.4280794701987	-9.01748344370861				0.191788079470199	0.0651655629139073	-0.948238410596026	-31.3396026490066	-6.56238410596027	108.445298013245			
58	1420	1.04784105960265	-0.221245033112583	-0.439523178807947	-110.006622516556	53.8953642384106	-9.86490066225166				0.752953642384106	0.0477880794701987	-0.162860927152318	-111.286092715232	-36.9321854304636	-13.4659602649007				0.501827814569536	0.142728476821192	0.37605298013245	-159.592582781457	83.0264900662252	37.0397350993377				0.288529801324503	-0.528529801324503	-0.501721854304636	-103.077086092715	22.3035761589404	93.1843708609272				0.756026490066225	0.0354966887417219	-0.0740662251655629	-126.88821192053	-17.8680794701987	-4.25748344370861				0.143788079470199	0.0971655629139073	-0.916238410596027	-29.0996026490066	-9.64238410596027	111.245298013245			
59	1440	1.20784105960265	0.00275496688741723	-0.487523178807947	-124.286622516556	28.1353642384106	-19.1049006622517				0.720953642384106	0.0637880794701987	-0.0988609271523179	-120.806092715232	-7.81218543046358	-15.7059602649007				0.565827814569536	0.142728476821192	0.90405298013245	-189.272582781457	130.066490066225	41.5197350993378				0.320529801324503	-0.544529801324503	-0.501721854304636	-99.4370860927152	26.5035761589404	98.2243708609272				0.820026490066225	-0.0125033112582781	-0.0420662251655629	-125.76821192053	-11.9880794701987	1.06251655629139				0.127788079470199	0.0651655629139073	-0.900238410596026	-21.2596026490066	-13.5623841059603	113.205298013245			
60	1460	1.23984105960265	0.0187549668874172	-0.807523178807947	-130.446622516556	-22.2646357615894	-32.2649006622517				0.928953642384106	0.143788079470199	0.0771390728476822	-127.526092715232	2.54781456953642	-20.4659602649007				1.18982781456954	0.638728476821192	0.42405298013245	-235.752582781457	131.466490066225	26.3997350993378				0.368529801324503	-0.544529801324503	-0.437721854304636	-89.9170860927152	38.5435761589404	104.944370860927				0.884026490066225	-0.0285033112582781	-0.0900662251655629	-127.72821192053	-10.3080794701987	0.222516556291392				0.0957880794701987	0.0171655629139073	-0.836238410596026	-15.9396026490066	-13.5623841059603	112.925298013245			
61	1480	1.22384105960265	-0.0612450331125828	-0.967523178807947	-128.206622516556	-86.9446357615894	-44.5849006622517				0.992953642384106	0.239788079470199	0.349139072847682	-112.686092715232	15.9878145695364	-17.6659602649007				1.94182781456954	0.974728476821192	-0.34394701986755	-147.272582781457	151.346490066225	11.8397350993378				0.384529801324503	-0.496529801324503	-0.453721854304636	-61.6370860927152	45.8235761589404	110.824370860927				0.884026490066225	0.0354966887417219	-0.106066225165563	-133.32821192053	-17.8680794701987	-2.57748344370861				0.0317880794701987	0.00116556291390731	-0.740238410596026	-17.6196026490066	-15.5223841059603	112.645298013245			
62	1500	1.12784105960265	-0.205245033112583	-0.855523178807947	-136.606622516556	-139.304635761589	-55.5049006622517				1.10495364238411	0.383788079470199	0.541139072847682	-74.8860927152318	24.9478145695364	-5.90596026490066				2.02182781456954	0.526728476821192	-1.81594701986755	31.927417218543	43.5464900662252	37.8797350993378				0.448529801324503	-0.480529801324503	-0.629721854304636	-50.7170860927152	53.6635761589404	118.384370860927				0.916026490066225	0.115496688741722	0.0539337748344371	-124.92821192053	-14.5080794701987	-4.25748344370861				0.0317880794701987	0.00116556291390731	-0.804238410596027	-33.8596026490066	-10.4823841059603	110.685298013245			
63	1520	1.27184105960265	-0.381245033112583	-0.455523178807947	-146.406622516556	-169.544635761589	-41.5049006622517				1.24895364238411	0.447788079470199	0.173139072847682	-78.2460927152318	-3.61218543046358	3.61403973509934				1.10982781456954	-0.225271523178808	-1.95994701986755	221.767417218543	-133.973509933775	-8.88026490066225				0.512529801324503	-0.688529801324503	-0.853721854304636	-62.1970860927152	74.1035761589404	118.384370860927				0.852026490066225	0.131496688741722	-0.0420662251655629	-132.48821192053	-14.5080794701987	-6.21748344370861				0.0957880794701987	0.0971655629139073	-0.900238410596026	-44.2196026490066	4.07761589403974	112.085298013245			
64	1540	1.38384105960265	-0.557245033112583	0.232476821192053	-168.526622516556	-163.664635761589	3.85509933774834				0.672953642384106	0.0957880794701987	0.0771390728476822	-110.446092715232	46.7878145695364	2.21403973509934				-0.0901721854304636	-0.737271523178808	0.0880529801324504	-85.112582781457	-20.5735099337748	80.1597350993378				0.624529801324503	-0.752529801324503	-0.885721854304636	-86.8370860927152	85.8635761589404	97.1043708609272				0.948026490066225	0.307496688741722	0.00593377483443711	-133.32821192053	5.65192052980133	-16.5774834437086				0.127788079470199	0.145165562913907	-0.820238410596026	-35.2596026490066	3.23761589403974	117.405298013245			
65	1560	0.791841059602649	-0.381245033112583	0.744476821192053	-239.366622516556	-92.2646357615894	51.7350993377484				0.832953642384106	-0.0962119205298013	0.0611390728476822	-149.926092715232	26.0678145695364	-10.9459602649007				0.309827814569536	0.206728476821192	0.15205298013245	-370.432582781457	-88.3335099337748	56.0797350993378				0.576529801324503	-0.608529801324503	-1.02972185430464	-84.5970860927152	74.6635761589404	86.1843708609272				0.932026490066225	0.243496688741722	-0.0260662251655629	-122.12821192053	27.4919205298013	-24.9774834437086				0.319788079470199	0.209165562913907	-0.836238410596026	-52.8996026490066	5.75761589403974	123.285298013245			
66	1580	0.455841059602649	-0.125245033112583	1.08047682119205	-234.046622516556	-64.5446357615894	17.5750993377483				1.08895364238411	0.0957880794701987	-0.338860927152318	-199.486092715232	-42.5321854304636	-24.9459602649007				0.917827814569536	0.542728476821192	0.0880529801324504	-225.672582781457	-25.6135099337748	15.4797350993378				0.336529801324503	-0.512529801324503	-0.773721854304636	-132.197086092715	52.2635761589404	71.0643708609272				0.820026490066225	0.0354966887417219	-0.154066225165563	-142.00821192053	29.1719205298013	-32.5374834437086				0.431788079470199	0.241165562913907	-0.772238410596026	-41.4196026490066	0.717615894039735	133.365298013245			
67	1600	0.215841059602649	0.450754966887417	0.936476821192053	-216.686622516556	-10.2246357615894	-8.46490066225166				1.13695364238411	0.143788079470199	0.0451390728476822	-171.486092715232	36.4278145695364	-21.0259602649007				1.01382781456954	1.24672847682119	0.48805298013245	-125.712582781457	-25.8935099337748	4.27973509933775				0.208529801324503	-0.272529801324503	-0.565721854304636	-176.997086092715	-4.2964238410596	67.7043708609272				0.804026490066225	0.115496688741722	0.101933774834437	-114.56821192053	19.6519205298013	-31.6974834437086				0.463788079470199	0.257165562913907	-0.820238410596026	-46.7396026490066	-5.16238410596027	128.045298013245			
68	1620	0.487841059602649	0.514754966887417	0.824476821192053	-208.566622516556	44.9353642384106	0.495099337748344				1.15295364238411	0.287788079470199	0.157139072847682	-165.886092715232	-2.49218543046358	-20.4659602649007				0.933827814569536	0.990728476821192	-0.0719470198675496	-147.552582781457	-39.6135099337748	16.0397350993378				0.208529801324503	-0.176529801324503	-0.549721854304636	-159.637086092715	-7.6564238410596	85.6243708609272				0.980026490066225	0.243496688741722	0.229933774834437	-157.40821192053	14.8919205298013	-27.2174834437086				0.383788079470199	0.225165562913907	-0.996238410596026	-46.7396026490066	10.2376158940397	120.485298013245			
69	1640	0.759841059602649	0.258754966887417	0.696476821192053	-139.406622516556	95.6153642384106	25.6950993377483				0.912953642384106	0.431788079470199	0.0771390728476822	-150.766092715232	7.02781456953642	-26.9059602649007				1.04582781456954	0.622728476821192	-0.80794701986755	-64.392582781457	-28.9735099337748	39.2797350993377				0.320529801324503	-0.240529801324503	-0.517721854304636	-105.877086092715	35.1835761589404	102.704370860927				1.17202649006623	0.227496688741722	-0.0100662251655629	-195.20821192053	3.41192052980132	-24.6974834437086				0.271788079470199	0.273165562913907	-0.980238410596026	-26.8596026490066	19.4776158940397	124.125298013245			
70	1660	0.935841059602649	0.0187549668874172	0.664476821192053	-139.406622516556	141.535364238411	35.2150993377483				0.816953642384106	0.527788079470199	0.253139072847682	-159.166092715232	29.9878145695364	-35.8659602649007				0.885827814569536	0.318728476821192	-0.32794701986755	-51.232582781457	-22.2535099337748	44.5997350993377				0.480529801324503	-0.352529801324503	-0.613721854304636	-48.1970860927152	74.6635761589404	110.544370860927				1.10802649006623	0.179496688741722	0.0379337748344371	-150.12821192053	1.45192052980132	-13.7774834437086				0.287788079470199	0.145165562913907	-0.996238410596026	-39.1796026490066	30.3976158940397	136.165298013245			
71	1680	1.01584105960265	0.210754966887417	0.584476821192053	-196.526622516556	166.455364238411	21.2150993377483				0.864953642384106	0.463788079470199	0.237139072847682	-166.166092715232	26.3478145695364	-35.3059602649007				0.789827814569536	0.0947284768211921	-0.10394701986755	-46.472582781457	-15.8135099337748	42.9197350993378				0.672529801324503	-0.480529801324503	-0.613721854304636	-39.5170860927152	99.3035761589404	108.024370860927				0.932026490066225	0.227496688741722	0.213933774834437	-144.80821192053	-7.50807947019868	-11.5374834437086				0.303788079470199	0.0811655629139073	-1.01223841059603	-37.4996026490066	28.1576158940397	144.005298013245			
72	1700	1.07984105960265	0.594754966887417	0.152476821192053	-219.486622516556	152.455364238411	11.6950993377483				0.864953642384106	0.367788079470199	0.253139072847682	-154.966092715232	24.9478145695364	-28.8659602649007				0.853827814569536	0.126728476821192	-0.18394701986755	-45.352582781457	-0.973509933774833	42.3597350993378				0.848529801324503	-0.528529801324503	-0.709721854304636	-74.7970860927152	74.1035761589404	103.824370860927				0.804026490066225	0.259496688741722	0.117933774834437	-164.68821192053	-4.14807947019868	-18.8174834437086				0.239788079470199	0.113165562913907	-0.788238410596027	-25.4596026490066	10.7976158940397	148.485298013245			
73	1720	2.02384105960265	1.60275496688742	-0.839523178807947	-310.206622516556	90.5753642384106	-31.7049006622517				0.848953642384106	-0.0162119205298013	0.189139072847682	-138.726092715232	23.8278145695364	-13.4659602649007				0.949827814569536	0.222728476821192	0.00805298013245037	-85.392582781457	-5.17350993377483	47.3997350993378				0.912529801324503	-0.432529801324503	-0.709721854304636	-119.597086092715	36.5835761589404	97.6643708609272				0.740026490066225	0.339496688741722	0.181933774834437	-145.64821192053	-3.86807947019868	-24.1374834437086				0.207788079470199	0.177165562913907	-0.660238410596027	-43.6596026490066	1.27761589403974	151.845298013245			
74	1740	2.02384105960265	1.20275496688742	-0.567523178807947	-245.806622516556	-159.184635761589	-31.4249006622517				1.56895364238411	-0.0322119205298013	0.445139072847682	-196.406092715232	94.6678145695364	-28.0259602649007				0.917827814569536	0.366728476821192	0.0720529801324504	-139.152582781457	-13.0135099337748	40.6797350993377				0.912529801324503	-0.224529801324503	-0.613721854304636	-128.837086092715	16.9835761589404	90.6643708609272				0.804026490066225	0.403496688741722	0.293933774834437	-138.36821192053	2.57192052980133	-35.8974834437086				0.207788079470199	0.225165562913907	-0.596238410596026	-51.2196026490066	-6.84238410596027	148.485298013245			
75	1760	-0.152158940397351	1.18675496688742	-0.135523178807947	168.313377483444	-81.9046357615894	27.0950993377483				1.63295364238411	0.351788079470199	1.21313907284768	-127.246092715232	59.1078145695364	-55.7459602649007				1.07782781456954	0.318728476821192	-0.39194701986755	-180.872582781457	5.46649006622517	32.2797350993377				0.864529801324503	0.0154701986754967	-0.741721854304636	-94.1170860927152	29.3035761589404	90.3843708609272				1.31602649006623	0.339496688741722	0.485933774834437	-106.16821192053	14.0519205298013	-44.2974834437086				0.191788079470199	0.0811655629139073	-0.836238410596026	-77.8196026490066	9.95761589403974	131.965298013245			
76	1780	-0.104158940397351	-0.957245033112583	0.568476821192053	309.153377483444	-13.0246357615894	97.9350993377484				0.752953642384106	0.271788079470199	-0.114860927152318	-2.36609271523179	-81.7321854304636	-43.4259602649007				1.34982781456954	0.190728476821192	-0.77594701986755	-143.912582781457	31.7864900662252	41.2397350993378				0.992529801324503	-0.528529801324503	-0.821721854304636	-58.8370860927152	74.9435761589404	80.0243708609272				1.39602649006623	-0.0125033112582781	0.437933774834437	-99.7282119205298	20.7719205298013	-38.4174834437086				0.431788079470199	0.193165562913907	-1.41223841059603	-138.019602649007	79.9576158940397	98.645298013245			
77	1800	0.871841059602649	-1.94924503311258	-0.343523178807947	114.553377483444	2.3753642384106	52.2950993377484				0.496953642384106	-0.160211920529801	-0.754860927152318	-68.4460927152318	-18.7321854304636	-19.9059602649007				1.26982781456954	-0.433271523178808	-0.77594701986755	-48.992582781457	1.82649006622517	42.3597350993378				1.0085298013245	-0.672529801324503	-0.261721854304636	-83.1970860927152	57.8635761589404	38.3043708609272				0.788026490066225	0.0834966887417219	-0.0580662251655629	-134.72821192053	15.7319205298013	-34.7774834437086				0.575788079470199	0.241165562913907	-1.12423841059603	-29.6596026490066	96.4776158940397	98.925298013245			
78	1820	1.07984105960265	-1.29324503311258	0.088476821192053	-197.366622516556	24.7753642384106	6.37509933774834				1.02495364238411	-0.272211920529801	0.157139072847682	-124.166092715232	78.4278145695364	-4.22596026490066				0.965827814569536	-0.465271523178808	-0.53594701986755	-6.99258278145695	-87.2135099337748	19.3997350993378				0.800529801324503	-0.0645298013245033	-0.373721854304636	-76.4770860927152	4.9435761589404	46.7043708609272				0.756026490066225	0.0514966887417219	0.293933774834437	-47.9282119205298	20.7719205298013	-37.8574834437086				0.383788079470199	-0.0308344370860927	-0.740238410596026	-10.0596026490066	8.55761589403974	74.005298013245			
79	1840	1.01584105960265	-0.205245033112583	0.504476821192053	-193.166622516556	-19.4646357615894	-6.50490066225166				1.56895364238411	-0.240211920529801	0.637139072847682	-84.6860927152318	25.7878145695364	-0.585960264900661				0.501827814569536	-0.177271523178808	-0.37594701986755	-98.832582781457	-104.573509933775	-4.96026490066225				0.720529801324503	-0.192529801324503	-0.677721854304636	-64.1570860927152	27.0635761589404	58.4643708609272				1.04402649006623	0.0354966887417219	0.661933774834437	-63.3282119205298	-19.5480794701987	-33.9374834437086				0.447788079470199	-0.190834437086093	-1.09223841059603	-32.1796026490066	-45.4823841059603	55.805298013245			
80	1860	0.983841059602649	0.578754966887417	-0.103523178807947	-190.926622516556	-6.3046357615894	8.61509933774835				0.992953642384106	-0.224211920529801	0.0131390728476822	-47.4460927152318	-67.7321854304636	0.53403973509934				0.501827814569536	0.158728476821192	-0.21594701986755	-202.992582781457	-63.1335099337748	-19.5202649006623				0.640529801324503	-0.496529801324503	-0.581721854304636	-74.2370860927152	36.3035761589404	57.6243708609272				1.15602649006623	0.00349668874172187	0.165933774834437	-117.08821192053	-8.62807947019868	-30.0174834437086				0.351788079470199	-0.110834437086093	-1.17223841059603	-6.97960264900662	-20.2823841059603	64.765298013245			
81	1880	0.983841059602649	0.946754966887417	-0.103523178807947	-124.846622516556	23.0953642384106	0.215099337748344				0.608953642384106	-0.0642119205298013	-0.546860927152318	-68.1660927152318	-57.3721854304636	-17.3859602649007				0.533827814569536	0.110728476821192	-0.35994701986755	-186.192582781457	-9.65350993377483	-17.8402649006623				0.544529801324503	-0.464529801324503	-0.549721854304636	-48.4770860927152	31.8235761589404	62.1043708609272				1.02802649006623	-0.0605033112582781	0.0219337748344371	-76.2082119205298	-2.74807947019868	-16.5774834437086				0.255788079470199	-0.0788344370860927	-0.964238410596026	-62.6996026490066	21.4376158940397	78.205298013245			
82	1900	1.04784105960265	0.562754966887417	-0.087523178807947	15.7133774834437	28.9753642384106	-13.2249006622517				0.944953642384106	-0.0482119205298013	0.0451390728476822	-79.9260927152318	0.867814569536424	-16.5459602649007				0.581827814569536	-0.209271523178808	-0.18394701986755	-75.872582781457	21.7064900662252	-23.1602649006623				0.464529801324503	-0.320529801324503	-0.549721854304636	-41.7570860927152	25.6635761589404	69.9443708609272				0.900026490066225	-0.108503311258278	0.213933774834437	-63.0482119205298	-4.98807947019868	-9.57748344370861				0.287788079470199	-0.0308344370860927	-0.964238410596026	-59.8996026490066	8.55761589403974	70.085298013245			
83	1920	0.983841059602649	-0.0132450331125828	-0.135523178807947	66.9533774834437	-4.3446357615894	-2.86490066225166				0.976953642384106	0.0477880794701987	-0.0348609271523178	-72.9260927152318	-8.65218543046358	-19.0659602649007				0.357827814569536	-0.0652715231788079	0.28005298013245	-12.872582781457	48.5864900662252	-13.3602649006623				0.464529801324503	-0.352529801324503	-0.517721854304636	-51.8370860927152	12.7835761589404	77.2243708609272				0.900026490066225	-0.0605033112582781	0.0859337748344371	-84.0482119205298	-7.50807947019868	-3.97748344370861				0.159788079470199	0.0171655629139073	-0.996238410596026	5.06039735099338	-16.6423841059603	58.605298013245			
84	1940	0	0	0	0	0	0				0	0	0	0	0	0				0	0	0	0	0	0				0.512529801324503	-0.400529801324503	-0.549721854304636	-36.7170860927152	10.2635761589404	80.8643708609272				1.01202649006623	0.0194966887417219	0.00593377483443711	-77.6082119205298	-12.8280794701987	2.18251655629139				0.0797880794701987	-0.0628344370860927	-1.01223841059603	2.26039735099338	-1.80238410596026	60.285298013245			
85	1960	0	0	0	0	0	0				0	0	0	0	0	0				0	0	0	0	0	0				0.512529801324503	-0.368529801324503	-0.597721854304636	-12.3570860927152	18.6635761589404	77.7843708609272				1.04402649006623	0.00349668874172187	0.00593377483443711	-60.2482119205298	-17.8680794701987	10.3025165562914				0.0157880794701987	-0.158834437086093	-1.04423841059603	5.90039735099338	-7.40238410596027	64.485298013245			
86	2100	0	0	0	0	0	0				0	0	0	0	0	0				1.33382781456954	1.59872847682119	-0.15194701986755	92.407417218543	58.1064900662252	-28.4802649006623				0	0	0	0	0	0				0	0	0	0	0	0				0	0	0	0	0	0			
87	2120	1.11184105960265	0.386754966887417	0.168476821192053	29.4333774834437	26.4553642384106	0.495099337748344				1.20095364238411	0.143788079470199	0.221139072847682	-8.80609271523179	-4.17218543046358	1.37403973509934				0.949827814569536	0.798728476821192	-0.29594701986755	42.567417218543	-28.6935099337748	-2.72026490066225				0	0	0	0	0	0				0.916026490066225	0.275496688741722	0.389933774834437	-72.5682119205298	-3.30807947019868	-14.3374834437086				0.335788079470199	0.0491655629139073	-0.868238410596026	5.90039735099338	-32.3223841059603	23.605298013245			
88	2140	1.09584105960265	0.0667549668874172	0.024476821192053	63.0333774834437	20.0153642384106	13.6550993377483				0.912953642384106	0.223788079470199	0.237139072847682	4.07390728476821	-11.4521854304636	-6.46596026490066				0.789827814569536	-0.0492715231788079	-0.50394701986755	22.127417218543	12.1864900662252	19.3997350993378				0.496529801324503	-0.208529801324503	-0.581721854304636	-36.7170860927152	-5.1364238410596	26.5443708609272				1.12402649006623	0.163496688741722	-0.0580662251655629	-56.0482119205298	-9.18807947019868	-5.37748344370861				0.191788079470199	0.161165562913907	-0.868238410596026	-12.5796026490066	-0.682384105960265	26.125298013245			
89	2160	1.03184105960265	-0.141245033112583	-0.00752317880794696	72.8333774834437	13.8553642384106	17.2950993377483				0.768953642384106	0.335788079470199	0.109139072847682	-7.40609271523179	-5.01218543046358	-10.9459602649007				0.965827814569536	-0.00127152317880793	-0.48794701986755	-34.152582781457	38.2264900662252	19.1197350993378				0.592529801324503	-0.288529801324503	-0.645721854304636	12.8429139072848	34.3435761589404	28.7843708609272				0.996026490066225	0.147496688741722	0.181933774834437	-14.0482119205298	-5.26807947019868	4.42251655629139				0.191788079470199	0.0811655629139073	-0.900238410596026	-20.1396026490066	18.9176158940397	23.325298013245			
90	2180	0.935841059602649	-0.125245033112583	0.072476821192053	40.9133774834437	11.8953642384106	11.9750993377483				1.02495364238411	0.239788079470199	0.189139072847682	16.3939072847682	2.82781456953642	-4.22596026490066				0.997827814569536	-0.0972715231788079	0.23205298013245	-32.752582781457	18.3464900662252	4.27973509933775				0.688529801324503	-0.256529801324503	-0.677721854304636	24.0429139072848	43.0235761589404	24.3043708609272				0.884026490066225	0.179496688741722	0.277933774834437	-20.2082119205298	-12.5480794701987	2.74251655629139				0.223788079470199	0.0331655629139073	-0.916238410596027	-9.77960264900662	19.1976158940397	14.085298013245			
91	2200	0.967841059602649	-0.0612450331125828	0.072476821192053	-2.20662251655629	8.8153642384106	5.25509933774834				0.992953642384106	0.143788079470199	0.205139072847682	21.1539072847682	1.70781456953642	4.73403973509934				0.981827814569536	-0.00127152317880793	0.28005298013245	81.487417218543	33.4664900662252	-12.2402649006623				0.736529801324503	-0.272529801324503	-0.693721854304636	-2.55708609271523	20.0635761589404	18.9843708609272				0.884026490066225	0.243496688741722	0.0859337748344371	-27.4882119205298	-7.22807947019868	-0.0574834437086077				0.223788079470199	0.0331655629139073	-0.964238410596026	-9.49960264900662	8.27761589403974	12.965298013245			
92	2220	1.04784105960265	-0.0932450331125828	-0.023523178807947	-15.6466225165563	2.0953642384106	6.37509933774834				0.976953642384106	0.0797880794701987	0.141139072847682	22.5539072847682	-3.61218543046358	8.37403973509934				1.01382781456954	0.142728476821192	-0.11994701986755	54.3274172185431	32.0664900662252	-0.48026490066225				0.688529801324503	-0.288529801324503	-0.725721854304636	-22.7170860927152	-5.4164238410596	16.1843708609272				0.932026490066225	0.243496688741722	0.101933774834437	-12.9282119205298	-14.7880794701987	2.18251655629139				0.191788079470199	0.0811655629139073	-0.980238410596026	-4.73960264900662	-11.3223841059603	17.725298013245			
93	2240	1.03184105960265	0.00275496688741723	-0.087523178807947	3.67337748344371	-1.2646357615894	11.1350993377483				0.992953642384106	0.0477880794701987	0.253139072847682	24.5139072847682	-3.89218543046358	9.77403973509934				0.965827814569536	0.126728476821192	-0.0239470198675496	2.24741721854305	25.9064900662252	18.8397350993378				0.624529801324503	-0.272529801324503	-0.757721854304636	-8.71708609271523	1.0235761589404	15.6243708609272				0.948026490066225	0.243496688741722	0.165933774834437	-12.6482119205298	-9.46807947019868	-1.45748344370861				0.175788079470199	0.0811655629139073	-0.900238410596026	3.10039735099338	-23.0823841059603	18.845298013245			
94	2260	0.999841059602649	0.0507549668874172	0.072476821192053	22.4333774834437	2.0953642384106	12.8150993377483				1.00895364238411	0.0477880794701987	0.269139072847682	20.0339072847682	-5.85218543046358	10.0540397350993				0.965827814569536	0.206728476821192	0.12005298013245	-16.232582781457	34.8664900662252	19.1197350993378				0.592529801324503	-0.320529801324503	-0.725721854304636	3.32291390728477	9.7035761589404	7.22437086092715				0.980026490066225	0.179496688741722	0.117933774834437	6.1117880794702	-1.34807947019868	-3.13748344370861				0.191788079470199	0.0811655629139073	-0.868238410596026	-3.05960264900662	-13.8423841059603	12.685298013245			
95	2280	0.919841059602649	-0.0292450331125828	0.120476821192053	31.9533774834437	-0.984635761589404	14.7750993377483				0.944953642384106	0.0797880794701987	0.0771390728476822	4.63390728476821	-3.33218543046358	6.13403973509934				0.965827814569536	0.126728476821192	0.10405298013245	-18.472582781457	45.2264900662252	11.5597350993378				0.576529801324503	-0.368529801324503	-0.725721854304636	1.08291390728477	10.8235761589404	2.18437086092715				1.01202649006623	0.0994966887417219	0.0699337748344371	3.8717880794702	1.73192052980133	-3.97748344370861				0.223788079470199	0.0491655629139073	-0.916238410596027	-12.2996026490066	-3.48238410596027	6.52529801324503			
96	2300	0.935841059602649	-0.0612450331125828	0.088476821192053	28.0333774834437	-0.984635761589404	10.0150993377483				0.928953642384106	0.0637880794701987	0.157139072847682	2.11390728476821	-5.85218543046358	5.29403973509934				0.981827814569536	0.0947284768211921	-0.0239470198675496	-4.47258278145695	46.9064900662252	7.07973509933775				0.560529801324503	-0.368529801324503	-0.709721854304636	-3.39708609271523	7.7435761589404	3.58437086092715				0.980026490066225	0.0834966887417219	0.117933774834437	5.2717880794702	-4.14807947019868	-2.57748344370861				0.271788079470199	0.0331655629139073	-0.916238410596027	-7.81960264900662	0.157615894039735	3.72529801324503			
97	2320	0.951841059602649	-0.0292450331125828	0.024476821192053	11.7933774834437	2.0953642384106	7.77509933774834				0.928953642384106	0.0317880794701987	0.205139072847682	-0.966092715231788	-3.05218543046358	5.85403973509934				1.01382781456954	0.126728476821192	-0.0719470198675496	-10.632582781457	36.8264900662252	12.3997350993378				0.512529801324503	-0.368529801324503	-0.709721854304636	-7.59708609271523	2.1435761589404	6.94437086092715				0.948026490066225	0.0834966887417219	0.133933774834437	5.5517880794702	-9.74807947019868	-0.617483443708608				0.303788079470199	-0.0148344370860927	-0.916238410596027	-6.69960264900662	2.67761589403974	4.84529801324503			
98	2340	0.951841059602649	-0.0612450331125828	0.00847682119205304	-3.88662251655629	6.0153642384106	3.01509933774834				0.928953642384106	-0.000211920529801304	0.221139072847682	-4.32609271523179	-2.77218543046358	6.41403973509934				1.01382781456954	0.174728476821192	-0.0879470198675496	-5.31258278145695	23.1064900662252	11.5597350993378				0.480529801324503	-0.400529801324503	-0.709721854304636	-3.67708609271523	3.2635761589404	11.1443708609272				0.932026490066225	0.0514966887417219	0.117933774834437	10.3117880794702	-10.8680794701987	0.782516556291392				0.319788079470199	-0.0308344370860927	-0.900238410596026	-10.6196026490066	4.91761589403974	5.68529801324503			
99	2360	0.999841059602649	-0.0932450331125828	0.024476821192053	-13.9666225165563	6.5753642384106	-0.0649006622516557				0.928953642384106	-0.000211920529801304	0.237139072847682	-11.3260927152318	1.98781456953642	5.01403973509934				1.01382781456954	0.254728476821192	-0.0399470198675496	3.36741721854305	11.3464900662252	2.31973509933775				0.464529801324503	-0.416529801324503	-0.677721854304636	3.60291390728477	7.7435761589404	10.0243708609272				0.916026490066225	0.0354966887417219	0.117933774834437	5.8317880794702	-9.74807947019868	-0.337483443708608				0.335788079470199	-0.0308344370860927	-0.900238410596026	-6.97960264900662	-0.402384105960265	9.32529801324503			
100	2380	1.01584105960265	-0.0772450331125828	0.072476821192053	-17.3266225165563	3.7753642384106	-3.70490066225166				0.976953642384106	-0.000211920529801304	0.221139072847682	-18.8860927152318	3.38781456953642	1.93403973509934				0.965827814569536	0.190728476821192	-0.00794701986754963	3.92741721854305	-0.413509933774833	-2.72026490066225				0.432529801324503	-0.352529801324503	-0.661721854304636	-1.99708609271523	6.3435761589404	8.62437086092715				0.916026490066225	0.0514966887417219	0.133933774834437	-0.888211920529802	-6.94807947019868	0.502516556291392				0.319788079470199	-0.0148344370860927	-0.868238410596026	-1.65960264900662	-4.88238410596027	12.965298013245			
101	2400	0.967841059602649	-0.0292450331125828	0.072476821192053	-19.0066225165563	0.135364238410596	-2.02490066225166				0.976953642384106	0.0317880794701987	0.221139072847682	-17.7660927152318	0.0278145695364242	-0.86596026490066				0.997827814569536	0.142728476821192	0.00805298013245037	-7.55258278145695	-12.7335099337748	-4.40026490066225				0.432529801324503	-0.320529801324503	-0.661721854304636	-5.91708609271523	6.6235761589404	10.3043708609272				0.916026490066225	0.0514966887417219	0.133933774834437	-5.0882119205298	-6.10807947019868	1.34251655629139				0.303788079470199	0.00116556291390731	-0.868238410596026	2.82039735099338	-5.44238410596027	14.925298013245			
102	2420	0.951841059602649	0.0187549668874172	0.104476821192053	-17.0466225165563	0.695364238410596	-0.624900662251656				0.976953642384106	0.0797880794701987	0.205139072847682	-13.8460927152318	-3.89218543046358	-1.42596026490066				0.981827814569536	0.0947284768211921	-0.00794701986754963	-17.632582781457	-13.2935099337748	-2.16026490066225				0.464529801324503	-0.336529801324503	-0.709721854304636	-2.27708609271523	8.5835761589404	12.8243708609272				0.932026490066225	0.0514966887417219	0.149933774834437	-8.4482119205298	-4.98807947019868	1.90251655629139				0.303788079470199	0.0171655629139073	-0.900238410596026	2.82039735099338	0.437615894039735	13.525298013245			
103	2440	0.967841059602649	0.0347549668874172	0.088476821192053	-13.4066225165563	3.4953642384106	0.495099337748344				0.992953642384106	0.0957880794701987	0.173139072847682	-16.0860927152318	-2.77218543046358	-3.66596026490066				0.965827814569536	0.0947284768211921	0.00805298013245037	-28.552582781457	-7.97350993377484	-0.20026490066225				0.512529801324503	-0.400529801324503	-0.725721854304636	3.04291390728477	13.3435761589404	12.2643708609272				0.948026490066225	0.0674966887417219	0.117933774834437	-15.4482119205298	-6.10807947019868	3.02251655629139				0.319788079470199	0.0171655629139073	-0.932238410596026	3.38039735099338	4.63761589403974	11.285298013245			
104	2460	0.983841059602649	0.0347549668874172	0.072476821192053	-7.80662251655629	5.1753642384106	-1.46490066225166				0.992953642384106	0.111788079470199	0.189139072847682	-16.6460927152318	-2.77218543046358	-4.50596026490066				0.965827814569536	0.142728476821192	0.0400529801324504	-27.432582781457	0.146490066225167	1.47973509933775				0.560529801324503	-0.464529801324503	-0.725721854304636	-8.71708609271523	16.7035761589404	6.10437086092715				0.948026490066225	0.0994966887417219	0.117933774834437	-19.6482119205298	-0.508079470198675	3.86251655629139				0.319788079470199	0.0171655629139073	-0.932238410596026	8.70039735099338	1.83761589403974	10.725298013245			
105	2480	0.999841059602649	0.0187549668874172	0.072476821192053	-6.40662251655629	4.8953642384106	-4.82490066225166				0.992953642384106	0.111788079470199	0.189139072847682	-18.0460927152318	-3.89218543046358	-3.10596026490066				0.981827814569536	0.190728476821192	0.0560529801324504	-21.832582781457	3.22649006622517	2.31973509933775				0.576529801324503	-0.352529801324503	-0.661721854304636	-7.31708609271523	7.7435761589404	4.14437086092715				0.980026490066225	0.115496688741722	0.133933774834437	-21.6082119205298	5.93192052980133	2.46251655629139				0.319788079470199	0.0171655629139073	-0.932238410596026	8.98039735099338	-2.08238410596027	10.445298013245			
106	2500	0.967841059602649	-0.0292450331125828	0.088476821192053	-8.36662251655629	6.2953642384106	-4.26490066225166				0.992953642384106	0.127788079470199	0.221139072847682	-15.8060927152318	-8.65218543046358	-1.70596026490066				0.981827814569536	0.190728476821192	0.0560529801324504	-13.152582781457	1.26649006622517	3.15973509933775				0.624529801324503	-0.304529801324503	-0.709721854304636	-13.7570860927152	4.1035761589404	6.10437086092715				0.980026490066225	0.147496688741722	0.133933774834437	-19.6482119205298	2.85192052980133	3.02251655629139				0.287788079470199	0.0171655629139073	-0.916238410596027	8.14039735099338	-3.76238410596027	9.32529801324503			
107	2520	0.967841059602649	-0.0612450331125828	0.120476821192053	-10.8866225165563	8.2553642384106	-3.42490066225166				0.992953642384106	0.0797880794701987	0.173139072847682	-13.2860927152318	-8.65218543046358	-0.0259602649006601				0.981827814569536	0.190728476821192	0.0560529801324504	-3.07258278145695	2.10649006622517	1.75973509933775				0.656529801324503	-0.336529801324503	-0.693721854304636	-8.71708609271523	4.9435761589404	8.34437086092715				0.996026490066225	0.163496688741722	0.133933774834437	-17.9682119205298	-0.228079470198675	3.30251655629139				0.271788079470199	0.0171655629139073	-0.932238410596026	5.62039735099338	-4.60238410596027	11.005298013245			
108	2540	0.967841059602649	-0.0452450331125828	0.152476821192053	-10.3266225165563	7.1353642384106	-1.74490066225166				0.960953642384106	0.111788079470199	0.189139072847682	-11.3260927152318	-2.49218543046358	1.37403973509934				0.981827814569536	0.142728476821192	0.0560529801324504	-3.07258278145695	6.86649006622517	2.03973509933775				0.640529801324503	-0.352529801324503	-0.693721854304636	0.802913907284768	5.5035761589404	8.90437086092715				0.996026490066225	0.131496688741722	0.149933774834437	-13.2082119205298	-1.06807947019868	2.74251655629139				0.255788079470199	0.0171655629139073	-0.900238410596026	7.02039735099338	-5.72238410596027	11.565298013245			
109	2560	0.983841059602649	0.00275496688741723	0.136476821192053	-8.08662251655629	5.1753642384106	-1.46490066225166				0.960953642384106	0.0797880794701987	0.189139072847682	-9.36609271523179	-3.89218543046358	1.65403973509934				0.981827814569536	0.0947284768211921	0.0240529801324504	-5.31258278145695	6.30649006622517	3.15973509933775				0.624529801324503	-0.320529801324503	-0.693721854304636	1.08291390728477	3.5435761589404	9.18437086092715				0.964026490066225	0.147496688741722	0.149933774834437	-11.5282119205298	-2.18807947019868	1.62251655629139				0.255788079470199	0.0171655629139073	-0.868238410596026	4.22039735099338	-5.72238410596027	10.445298013245			
110	2580	0.983841059602649	0.0347549668874172	0.120476821192053	-6.96662251655629	1.8153642384106	-0.904900662251656				0.976953642384106	0.0637880794701987	0.221139072847682	-9.36609271523179	-0.532185430463576	1.37403973509934				0.981827814569536	0.0947284768211921	0.00805298013245037	-10.072582781457	3.22649006622517	3.99973509933775				0.608529801324503	-0.320529801324503	-0.677721854304636	-2.27708609271523	2.1435761589404	7.22437086092715				0.948026490066225	0.147496688741722	0.149933774834437	-9.2882119205298	-3.30807947019868	1.90251655629139				0.255788079470199	0.0331655629139073	-0.884238410596026	-0.819602649006623	-2.64238410596027	7.08529801324503			
111	2600	0.967841059602649	0.0187549668874172	0.136476821192053	-4.16662251655629	2.9353642384106	0.215099337748344				0.976953642384106	0.0797880794701987	0.221139072847682	-8.80609271523179	-1.93218543046358	2.49403973509934				0.997827814569536	0.142728476821192	-0.00794701986754963	-12.872582781457	2.10649006622517	3.43973509933775				0.592529801324503	-0.336529801324503	-0.661721854304636	-3.95708609271523	-0.0964238410596001	8.06437086092715				0.932026490066225	0.115496688741722	0.133933774834437	-4.2482119205298	-3.58807947019868	2.74251655629139				0.271788079470199	0.0331655629139073	-0.868238410596026	-1.09960264900662	-1.52238410596026	6.52529801324503			
112	2620	0.983841059602649	0.0187549668874172	0.152476821192053	-1.08662251655629	2.0953642384106	0.495099337748344				0.976953642384106	0.0957880794701987	0.189139072847682	-6.28609271523179	-2.49218543046358	2.49403973509934				0.981827814569536	0.174728476821192	0.00805298013245037	-8.95258278145695	-0.133509933774833	2.59973509933775				0.576529801324503	-0.336529801324503	-0.661721854304636	-1.71708609271523	0.7435761589404	9.74437086092715				0.948026490066225	0.0994966887417219	0.149933774834437	-2.5682119205298	-2.74807947019868	2.74251655629139				0.271788079470199	0.0171655629139073	-0.868238410596026	-1.09960264900662	-0.402384105960265	4.28529801324503			
113	2640	0.967841059602649	0.00275496688741723	0.136476821192053	-0.526622516556291	2.0953642384106	-0.0649006622516557				0.976953642384106	0.0957880794701987	0.189139072847682	-3.48609271523179	-3.05218543046358	1.37403973509934				0.981827814569536	0.206728476821192	0.00805298013245037	-4.75258278145695	-0.973509933774833	1.19973509933775				0.560529801324503	-0.336529801324503	-0.693721854304636	-1.15708609271523	1.5835761589404	8.62437086092715				0.948026490066225	0.0834966887417219	0.149933774834437	-0.608211920529802	-1.62807947019868	1.34251655629139				0.287788079470199	-0.0148344370860927	-0.884238410596026	-1.65960264900662	1.83761589403974	2.88529801324503			
114	2660	0.983841059602649	-0.0292450331125828	0.152476821192053	0.0333774834437086	5.1753642384106	0.495099337748344				0.992953642384106	0.0797880794701987	0.189139072847682	-4.04609271523179	-2.21218543046358	1.37403973509934				0.965827814569536	0.174728476821192	0.0400529801324504	-0.832582781456954	-1.25350993377483	1.75973509933775				0.576529801324503	-0.384529801324503	-0.677721854304636	-1.99708609271523	4.6635761589404	5.54437086092715				0.948026490066225	0.0994966887417219	0.133933774834437	-1.1682119205298	0.611920529801325	2.18251655629139				0.319788079470199	-0.0148344370860927	-0.916238410596027	-3.33960264900662	2.95761589403974	1.48529801324503			
115	2680	0.983841059602649	-0.0132450331125828	0.136476821192053	-0.526622516556291	3.4953642384106	1.89509933774834				0.976953642384106	0.0797880794701987	0.189139072847682	-3.20609271523179	-2.77218543046358	1.09403973509934				0.981827814569536	0.126728476821192	0.0720529801324504	3.08741721854305	1.54649006622517	2.31973509933775				0.592529801324503	-0.352529801324503	-0.677721854304636	-3.39708609271523	3.8235761589404	6.10437086092715				0.948026490066225	0.0834966887417219	0.149933774834437	-3.1282119205298	1.73192052980133	1.62251655629139				0.303788079470199	-0.0308344370860927	-0.916238410596027	0.0203973509933773	1.27761589403974	1.76529801324503			
116	2700	0.967841059602649	0.0187549668874172	0.104476821192053	1.99337748344371	0.975364238410596	1.05509933774834				0.976953642384106	0.0797880794701987	0.189139072847682	-0.966092715231788	-1.65218543046358	1.09403973509934				0.965827814569536	0.0947284768211921	0.0720529801324504	2.24741721854305	3.50649006622517	3.15973509933775				0.592529801324503	-0.352529801324503	-0.661721854304636	-2.83708609271523	2.9835761589404	7.50437086092715				0.964026490066225	0.0834966887417219	0.165933774834437	-3.1282119205298	0.331920529801325	2.46251655629139				0.303788079470199	-0.0308344370860927	-0.932238410596026	0.580397350993377	-1.80238410596026	3.16529801324503			
117	2720	0.983841059602649	-0.0132450331125828	0.104476821192053	2.83337748344371	1.8153642384106	0.495099337748344				0.976953642384106	0.0477880794701987	0.205139072847682	-0.966092715231788	-0.252185430463576	0.25403973509934				0.965827814569536	0.0947284768211921	0.0880529801324504	-1.67258278145695	2.94649006622517	4.27973509933775				0.608529801324503	-0.368529801324503	-0.661721854304636	-0.0370860927152318	2.9835761589404	9.18437086092715				0.964026490066225	0.0994966887417219	0.149933774834437	-3.4082119205298	0.331920529801325	2.18251655629139				0.303788079470199	-0.0148344370860927	-0.916238410596027	1.70039735099338	-2.36238410596027	4.84529801324503			
118	2740	0.967841059602649	-0.0452450331125828	0.120476821192053	1.71337748344371	1.5353642384106	-0.624900662251656				0.976953642384106	0.0477880794701987	0.205139072847682	0.433907284768212	0.867814569536424	0.53403973509934				0.981827814569536	0.126728476821192	0.0560529801324504	-2.23258278145695	0.706490066225167	3.43973509933775				0.592529801324503	-0.368529801324503	-0.693721854304636	-0.877086092715232	2.4235761589404	9.74437086092715				0.964026490066225	0.0994966887417219	0.149933774834437	-2.8482119205298	-0.508079470198675	3.02251655629139				0.303788079470199	-0.0308344370860927	-0.916238410596027	1.14039735099338	-2.08238410596027	6.52529801324503			
119	2760	0.935841059602649	-0.0452450331125828	0.120476821192053	-0.526622516556291	1.2553642384106	-3.70490066225166				0.960953642384106	0.0637880794701987	0.189139072847682	-1.24609271523179	1.14781456953642	0.81403973509934				0.997827814569536	0.142728476821192	0.0560529801324504	-3.07258278145695	-0.693509933774834	2.87973509933775				0.608529801324503	-0.368529801324503	-0.661721854304636	-3.39708609271523	3.5435761589404	6.38437086092715				0.964026490066225	0.0834966887417219	0.149933774834437	-1.4482119205298	-0.788079470198675	2.18251655629139				0.287788079470199	-0.0308344370860927	-0.884238410596026	0.580397350993377	-1.52238410596026	6.52529801324503			
120	2780	0.935841059602649	-0.0612450331125828	0.120476821192053	-2.76662251655629	0.415364238410596	-8.46490066225166				0.976953642384106	0.0637880794701987	0.173139072847682	-2.64609271523179	1.70781456953642	1.93403973509934				0.981827814569536	0.142728476821192	0.0560529801324504	-0.552582781456954	1.82649006622517	1.47973509933775				0.592529801324503	-0.352529801324503	-0.645721854304636	-3.67708609271523	1.8635761589404	6.10437086092715				0.932026490066225	0.0834966887417219	0.149933774834437	-5.3682119205298	-1.34807947019868	1.34251655629139				0.287788079470199	-0.0148344370860927	-0.868238410596026	0.860397350993377	-2.64238410596027	6.24529801324503			
121	2800	0.983841059602649	-0.0452450331125828	0.104476821192053	-3.32662251655629	-1.2646357615894	-12.9449006622517				0.992953642384106	0.0477880794701987	0.221139072847682	-1.52609271523179	-1.65218543046358	1.65403973509934				0.981827814569536	0.110728476821192	0.0720529801324504	-0.552582781456954	2.38649006622517	1.19973509933775				0.560529801324503	-0.352529801324503	-0.677721854304636	-0.877086092715232	1.5835761589404	7.78437086092715				0.932026490066225	0.0834966887417219	0.181933774834437	-3.1282119205298	-2.18807947019868	1.34251655629139				0.287788079470199	-0.0148344370860927	-0.884238410596026	-0.819602649006623	-1.52238410596026	4.28529801324503			
122	2820	0.999841059602649	-0.0292450331125828	0.104476821192053	-3.88662251655629	-5.1846357615894	-12.6649006622517				0.976953642384106	0.0477880794701987	0.205139072847682	-2.92609271523179	-3.89218543046358	-0.0259602649006601				0.965827814569536	0.110728476821192	0.0720529801324504	-1.95258278145695	1.54649006622517	3.43973509933775				0.576529801324503	-0.384529801324503	-0.693721854304636	-0.0370860927152318	2.7035761589404	5.82437086092715				0.948026490066225	0.0834966887417219	0.133933774834437	-4.5282119205298	-0.228079470198675	1.06251655629139				0.303788079470199	-0.0308344370860927	-0.900238410596026	-0.259602649006623	0.437615894039735	2.04529801324503			
123	2840	0.999841059602649	-0.0132450331125828	0.104476821192053	-4.16662251655629	-5.1846357615894	-9.02490066225166				0.960953642384106	0.0477880794701987	0.189139072847682	-6.28609271523179	-2.49218543046358	0.25403973509934				1.01382781456954	0.0787284768211921	0.0560529801324504	-7.27258278145696	0.986490066225167	3.71973509933775				0.560529801324503	-0.384529801324503	-0.693721854304636	-0.597086092715232	2.4235761589404	4.98437086092715				0.964026490066225	0.0674966887417219	0.149933774834437	0.511788079470198	0.891920529801325	0.222516556291392				0.303788079470199	-0.0308344370860927	-0.884238410596026	0.300397350993377	1.27761589403974	2.04529801324503			
124	2860	0.967841059602649	0.00275496688741723	0.120476821192053	-6.40662251655629	-3.2246357615894	-4.82490066225166				0.976953642384106	0.0477880794701987	0.205139072847682	-7.40609271523179	-0.252185430463576	1.37403973509934				0.981827814569536	0.0947284768211921	0.0240529801324504	-9.23258278145695	-1.53350993377483	2.03973509933775				0.576529801324503	-0.368529801324503	-0.677721854304636	-3.67708609271523	2.1435761589404	4.14437086092715				0.948026490066225	0.0674966887417219	0.149933774834437	-3.4082119205298	0.891920529801325	0.222516556291392				0.303788079470199	-0.0308344370860927	-0.900238410596026	-0.819602649006623	1.83761589403974	2.60529801324503			
125	2880	0.983841059602649	0.0347549668874172	0.120476821192053	-6.96662251655629	-0.424635761589404	-3.42490066225166				1.00895364238411	0.0637880794701987	0.205139072847682	-9.64609271523179	0.0278145695364242	0.25403973509934				0.981827814569536	0.126728476821192	0.0400529801324504	-11.192582781457	-1.53350993377483	1.47973509933775				0.576529801324503	-0.368529801324503	-0.677721854304636	-3.39708609271523	2.7035761589404	5.26437086092715				0.948026490066225	0.0834966887417219	0.165933774834437	-2.8482119205298	-1.34807947019868	0.502516556291392				0.319788079470199	-0.0308344370860927	-0.900238410596026	0.0203973509933773	0.157615894039735	2.88529801324503			
126	2900	0.983841059602649	0.0347549668874172	0.120476821192053	-9.20662251655629	1.5353642384106	-4.82490066225166				0.992953642384106	0.0477880794701987	0.205139072847682	-11.0460927152318	-1.93218543046358	0.25403973509934				0.981827814569536	0.126728476821192	0.0560529801324504	-13.152582781457	-1.81350993377483	1.19973509933775				0.560529801324503	-0.368529801324503	-0.677721854304636	-2.83708609271523	2.9835761589404	5.26437086092715				0.964026490066225	0.0674966887417219	0.165933774834437	-3.1282119205298	-2.18807947019868	-0.0574834437086077				0.319788079470199	-0.0468344370860927	-0.900238410596026	-0.819602649006623	-0.682384105960265	3.44529801324503			
127	2920	0.983841059602649	0.0187549668874172	0.136476821192053	-10.0466225165563	1.5353642384106	-3.98490066225166				0.976953642384106	0.0637880794701987	0.189139072847682	-11.0460927152318	-2.77218543046358	-0.86596026490066				0.965827814569536	0.110728476821192	0.0560529801324504	-11.192582781457	-2.65350993377483	1.19973509933775				0.560529801324503	-0.368529801324503	-0.693721854304636	-1.43708609271523	2.4235761589404	4.70437086092715				0.964026490066225	0.0674966887417219	0.165933774834437	-4.8082119205298	0.331920529801325	0.222516556291392				0.319788079470199	-0.0308344370860927	-0.900238410596026	0.300397350993377	-0.962384105960265	5.96529801324503			
128	2940	0.967841059602649	-0.0132450331125828	0.120476821192053	-9.76662251655629	0.695364238410596	-2.30490066225166				0.976953642384106	0.0637880794701987	0.189139072847682	-11.3260927152318	-1.65218543046358	-0.585960264900661				0.965827814569536	0.126728476821192	0.0400529801324504	-9.79258278145695	-1.25350993377483	0.91973509933775				0.576529801324503	-0.368529801324503	-0.677721854304636	-2.55708609271523	2.9835761589404	4.14437086092715				0.964026490066225	0.0834966887417219	0.149933774834437	-5.6482119205298	0.0519205298013249	-0.337483443708608				0.319788079470199	-0.0308344370860927	-0.884238410596026	0.300397350993377	0.157615894039735	6.24529801324503			
129	2960	0.967841059602649	-0.0132450331125828	0.136476821192053	-6.96662251655629	0.975364238410596	-1.46490066225166				0	0	0	0	0	0				0	0	0	0	0	0				0.576529801324503	-0.368529801324503	-0.677721854304636	-2.83708609271523	2.1435761589404	4.70437086092715				0.948026490066225	0.0834966887417219	0.165933774834437	-6.7682119205298	-0.788079470198675	0.222516556291392				0.319788079470199	-0.0148344370860927	-0.884238410596026	-0.819602649006623	1.55761589403974	5.96529801324503			
