No	Time	12-AccX	12-AccY	12-AccZ	12-GyroX	12-GyroY	12-GyroZ	13-AccX	13-AccY	13-AccZ	13-GyroX	13-GyroY	13-GyroZ	14-AccX	14-AccY	14-AccZ	14-GyroX	14-GyroY	14-GyroZ	15-AccX	15-AccY	15-AccZ	15-GyroX	15-GyroY	15-GyroZ	16-AccX	16-AccY	16-AccZ	16-GyroX	16-GyroY	16-GyroZ	17-AccX	17-AccY	17-AccZ	17-GyroX	17-GyroY	17-GyroZ
0	140	0.983841059602649	0.00275496688741723	0.104476821192053	-7.52662251655629	0.975364238410596	-0.904900662251656				0.992953642384106	0.0157880794701987	0.205139072847682	-4.60609271523179	-1.09218543046358	-0.30596026490066				0.997827814569536	0.0307284768211921	-0.00794701986754963	-3.91258278145695	-3.77350993377483	2.03973509933775				0	0	0	0	0	0				0	0	0	0	0	0				0	0	0	0	0	0			
1	160	0.983841059602649	0.00275496688741723	0.104476821192053	-8.64662251655629	-0.424635761589404	-1.18490066225166				0.976953642384106	0.0317880794701987	0.189139072847682	-5.44609271523179	-4.17218543046358	-0.86596026490066				0.981827814569536	0.0307284768211921	-0.00794701986754963	-2.23258278145695	-4.05350993377483	1.75973509933775				0	0	0	0	0	0				0	0	0	0	0	0				0	0	0	0	0	0			
2	180	0.967841059602649	0.00275496688741723	0.104476821192053	-7.24662251655629	-0.424635761589404	-0.904900662251656				0.992953642384106	0.0317880794701987	0.205139072847682	-7.40609271523179	0.587814569536424	-1.14596026490066				0.981827814569536	0.0307284768211921	-0.0239470198675496	-4.19258278145695	-4.61350993377483	1.47973509933775				0.592529801324503	-0.432529801324503	-0.629721854304636	-4.79708609271523	1.3035761589404	3.86437086092715				0.948026490066225	0.00349668874172187	0.261933774834437	-5.9282119205298	-0.228079470198675	-0.337483443708608				0.351788079470199	-0.126834437086093	-0.916238410596027	-1.65960264900662	2.39761589403974	4.28529801324503			
3	200	0.967841059602649	-0.0132450331125828	0.104476821192053	-6.68662251655629	-0.144635761589404	-1.18490066225166				0.992953642384106	0.0317880794701987	0.205139072847682	-7.68609271523179	-0.252185430463576	-0.585960264900661				0.997827814569536	0.0307284768211921	-0.0239470198675496	-6.71258278145695	-2.65350993377483	1.47973509933775				0.576529801324503	-0.432529801324503	-0.613721854304636	-3.67708609271523	0.7435761589404	3.86437086092715				0.964026490066225	-0.0125033112582781	0.245933774834437	-7.3282119205298	-0.508079470198675	0.222516556291392				0.335788079470199	-0.142834437086093	-0.916238410596027	0.300397350993377	0.997615894039735	3.44529801324503			
4	220	0.983841059602649	0.00275496688741723	0.120476821192053	-6.68662251655629	-0.424635761589404	0.495099337748344				0.976953642384106	0.0317880794701987	0.189139072847682	-8.52609271523179	-0.252185430463576	-0.30596026490066				0.997827814569536	0.0147284768211921	-0.0239470198675496	-6.71258278145695	-1.53350993377483	2.31973509933775				0.576529801324503	-0.432529801324503	-0.613721854304636	-1.43708609271523	1.0235761589404	4.42437086092715				0.964026490066225	-0.0125033112582781	0.245933774834437	-9.5682119205298	-1.62807947019868	-0.337483443708608				0.335788079470199	-0.142834437086093	-0.900238410596026	-0.259602649006623	0.717615894039735	3.16529801324503			
5	240	0.967841059602649	0.0187549668874172	0.104476821192053	-8.36662251655629	-0.144635761589404	-0.904900662251656				0.976953642384106	0.0317880794701987	0.205139072847682	-9.92609271523179	-0.812185430463576	-0.585960264900661				0.981827814569536	0.0147284768211921	-0.0399470198675496	-5.31258278145695	-2.37350993377483	1.19973509933775				0.592529801324503	-0.432529801324503	-0.613721854304636	-2.55708609271523	1.5835761589404	4.98437086092715				0.948026490066225	0.00349668874172187	0.245933774834437	-10.4082119205298	-2.46807947019868	-0.0574834437086077				0.335788079470199	-0.142834437086093	-0.884238410596026	0.580397350993377	-0.402384105960265	3.72529801324503			
6	260	0.967841059602649	0.00275496688741723	0.104476821192053	-9.20662251655629	0.975364238410596	-1.18490066225166				0.992953642384106	0.0477880794701987	0.189139072847682	-8.80609271523179	-1.93218543046358	-0.30596026490066				0.981827814569536	0.0467284768211921	-0.0559470198675496	-5.87258278145695	-3.77350993377483	0.0797350993377501				0.608529801324503	-0.448529801324503	-0.613721854304636	-0.0370860927152318	2.7035761589404	6.10437086092715				0.948026490066225	-0.0125033112582781	0.261933774834437	-9.5682119205298	-2.74807947019868	-0.337483443708608				0.319788079470199	-0.158834437086093	-0.884238410596026	-0.819602649006623	-0.682384105960265	2.88529801324503			
7	280	0.983841059602649	0.00275496688741723	0.104476821192053	-9.48662251655629	0.695364238410596	-1.74490066225166				0.992953642384106	0.0477880794701987	0.189139072847682	-8.80609271523179	-3.89218543046358	-0.585960264900661				0.997827814569536	0.0467284768211921	-0.0559470198675496	-6.71258278145695	-2.65350993377483	0.63973509933775				0.624529801324503	-0.448529801324503	-0.613721854304636	-0.0370860927152318	1.0235761589404	6.66437086092715				0.964026490066225	0.00349668874172187	0.245933774834437	-10.1282119205298	-4.42807947019868	-0.337483443708608				0.303788079470199	-0.158834437086093	-0.884238410596026	-3.61960264900662	0.717615894039735	4.00529801324503			
8	300	0.999841059602649	0.0187549668874172	0.104476821192053	-7.80662251655629	0.135364238410596	-1.74490066225166				0.992953642384106	0.0477880794701987	0.205139072847682	-9.08609271523179	-4.73218543046358	-1.14596026490066				0.981827814569536	0.0467284768211921	-0.0559470198675496	-7.55258278145695	-0.973509933774833	0.0797350993377501				0.624529801324503	-0.432529801324503	-0.629721854304636	-1.99708609271523	-1.2164238410596	5.82437086092715				0.964026490066225	-0.0125033112582781	0.229933774834437	-7.3282119205298	-5.82807947019868	0.782516556291392				0.303788079470199	-0.158834437086093	-0.884238410596026	-3.33960264900662	0.717615894039735	4.84529801324503			
9	320	0.983841059602649	0.0187549668874172	0.104476821192053	-5.56662251655629	-0.424635761589404	-0.0649006622516557				0.992953642384106	0.0637880794701987	0.189139072847682	-7.12609271523179	-5.85218543046358	-1.14596026490066				0.981827814569536	0.0467284768211921	-0.0399470198675496	-8.11258278145695	-1.53350993377483	0.91973509933775				0.608529801324503	-0.448529801324503	-0.613721854304636	-1.15708609271523	-1.4964238410596	3.86437086092715				0.948026490066225	-0.0125033112582781	0.245933774834437	-9.0082119205298	-7.22807947019868	0.222516556291392				0.303788079470199	-0.158834437086093	-0.884238410596026	-4.73960264900662	0.717615894039735	4.00529801324503			
10	340	0.967841059602649	0.0347549668874172	0.104476821192053	-4.16662251655629	-0.704635761589404	-0.344900662251656				0.992953642384106	0.0637880794701987	0.189139072847682	-4.60609271523179	-5.29218543046358	-0.86596026490066				0.981827814569536	0.0467284768211921	-0.0399470198675496	-6.99258278145695	-1.53350993377483	1.19973509933775				0.624529801324503	-0.448529801324503	-0.597721854304636	0.522913907284768	-2.3364238410596	3.02437086092715				0.948026490066225	-0.0125033112582781	0.245933774834437	-7.6082119205298	-7.50807947019868	-0.617483443708608				0.303788079470199	-0.158834437086093	-0.900238410596026	-2.77960264900662	-0.682384105960265	3.44529801324503			
11	360	0.983841059602649	0.0187549668874172	0.120476821192053	-2.76662251655629	-0.424635761589404	-0.344900662251656				0.992953642384106	0.0477880794701987	0.205139072847682	-3.20609271523179	-5.85218543046358	-0.86596026490066				0.981827814569536	0.0627284768211921	-0.0559470198675496	-3.91258278145695	-0.973509933774833	0.91973509933775				0.624529801324503	-0.464529801324503	-0.613721854304636	1.08291390728477	-2.0564238410596	2.74437086092715				0.948026490066225	-0.0125033112582781	0.245933774834437	-7.0482119205298	-7.78807947019868	-0.617483443708608				0.303788079470199	-0.142834437086093	-0.900238410596026	-2.49960264900662	-1.52238410596026	3.16529801324503			
12	380	0.999841059602649	0.0187549668874172	0.120476821192053	-1.08662251655629	-1.2646357615894	0.495099337748344				0.992953642384106	0.0477880794701987	0.189139072847682	-1.80609271523179	-6.97218543046358	-1.14596026490066				0.981827814569536	0.0467284768211921	-0.0399470198675496	-2.79258278145695	0.146490066225167	0.91973509933775				0.624529801324503	-0.464529801324503	-0.597721854304636	0.522913907284768	-2.0564238410596	3.02437086092715				0.948026490066225	0.00349668874172187	0.229933774834437	-4.8082119205298	-7.50807947019868	-0.617483443708608				0.287788079470199	-0.158834437086093	-0.884238410596026	-4.73960264900662	-1.80238410596026	2.04529801324503			
13	400	0.983841059602649	0.0187549668874172	0.120476821192053	0.313377483443709	-2.9446357615894	1.05509933774834				0.976953642384106	0.0477880794701987	0.189139072847682	0.153907284768212	-7.53218543046358	-0.585960264900661				0.981827814569536	0.0307284768211921	-0.0239470198675496	-3.63258278145695	0.986490066225167	1.19973509933775				0.608529801324503	-0.448529801324503	-0.597721854304636	1.64291390728477	-1.2164238410596	2.18437086092715				0.948026490066225	0.00349668874172187	0.213933774834437	-1.4482119205298	-7.22807947019868	-1.17748344370861				0.271788079470199	-0.126834437086093	-0.900238410596026	-6.97960264900662	-1.24238410596026	1.76529801324503			
14	420	0.967841059602649	0.0187549668874172	0.136476821192053	1.15337748344371	-3.2246357615894	0.495099337748344				0.976953642384106	0.0477880794701987	0.189139072847682	1.55390728476821	-6.41218543046358	-0.86596026490066				0.981827814569536	0.0307284768211921	-0.0239470198675496	-3.63258278145695	1.54649006622517	1.75973509933775				0.592529801324503	-0.448529801324503	-0.613721854304636	3.32291390728477	-0.3764238410596	1.62437086092715				0.948026490066225	0.00349668874172187	0.229933774834437	-0.608211920529802	-7.22807947019868	-1.17748344370861				0.287788079470199	-0.126834437086093	-0.900238410596026	-4.45960264900662	-2.92238410596027	0.645298013245032			
15	440	0.967841059602649	0.00275496688741723	0.136476821192053	1.71337748344371	-2.9446357615894	1.05509933774834				0.976953642384106	0.0477880794701987	0.189139072847682	4.35390728476821	-6.69218543046358	-0.30596026490066				0.981827814569536	0.0307284768211921	-0.0239470198675496	-1.95258278145695	1.54649006622517	2.03973509933775				0.592529801324503	-0.448529801324503	-0.613721854304636	3.32291390728477	-1.4964238410596	3.30437086092715				0.948026490066225	-0.0125033112582781	0.213933774834437	0.791788079470198	-8.34807947019868	-0.897483443708608				0.287788079470199	-0.142834437086093	-0.884238410596026	-5.29960264900662	-1.24238410596026	-0.194701986754968			
16	460	0.967841059602649	0.0187549668874172	0.120476821192053	2.83337748344371	-4.0646357615894	1.05509933774834				0.976953642384106	0.0317880794701987	0.173139072847682	4.63390728476821	-7.81218543046358	-0.585960264900661				0.997827814569536	0.0467284768211921	-0.0239470198675496	1.68741721854305	-0.133509933774833	1.47973509933775				0.592529801324503	-0.480529801324503	-0.629721854304636	1.36291390728477	-4.2964238410596	3.30437086092715				0.932026490066225	-0.0125033112582781	0.197933774834437	1.3517880794702	-8.90807947019868	-1.45748344370861				0.287788079470199	-0.142834437086093	-0.868238410596026	-7.81960264900662	-0.402384105960265	-1.59470198675497			
17	480	0.967841059602649	0.00275496688741723	0.120476821192053	2.55337748344371	-4.3446357615894	0.495099337748344				0.976953642384106	0.0317880794701987	0.173139072847682	5.19390728476821	-3.89218543046358	-0.86596026490066				0.981827814569536	0.0307284768211921	-0.0239470198675496	2.52741721854305	0.426490066225167	1.47973509933775				0.576529801324503	-0.464529801324503	-0.629721854304636	0.802913907284768	-5.1364238410596	2.46437086092715				0.948026490066225	-0.0125033112582781	0.197933774834437	0.511788079470198	-7.22807947019868	-1.45748344370861				0.287788079470199	-0.126834437086093	-0.900238410596026	-4.17960264900662	-4.32238410596027	-1.03470198675497			
18	500	0.951841059602649	-0.0132450331125828	0.168476821192053	2.83337748344371	-2.3846357615894	1.05509933774834				0.976953642384106	0.0317880794701987	0.237139072847682	7.71390728476821	-0.532185430463576	-0.0259602649006601				0.981827814569536	0.0307284768211921	-0.0239470198675496	0.567417218543046	1.82649006622517	0.91973509933775				0.576529801324503	-0.448529801324503	-0.629721854304636	1.64291390728477	-4.8564238410596	0.504370860927152				0.964026490066225	-0.0125033112582781	0.197933774834437	2.1917880794702	-8.34807947019868	-2.29748344370861				0.287788079470199	-0.126834437086093	-0.900238410596026	-5.85960264900662	-4.88238410596027	-2.43470198675497			
19	520	0.935841059602649	-0.0292450331125828	0.232476821192053	3.11337748344371	1.2553642384106	2.17509933774834				0.976953642384106	0.0477880794701987	0.157139072847682	7.43390728476821	-4.73218543046358	0.25403973509934				0.997827814569536	0.0307284768211921	-0.00794701986754963	-0.552582781456954	2.94649006622517	0.91973509933775				0.560529801324503	-0.464529801324503	-0.645721854304636	3.88291390728477	-4.5764238410596	0.224370860927152				0.964026490066225	-0.0125033112582781	0.197933774834437	2.1917880794702	-8.90807947019868	-2.29748344370861				0.271788079470199	-0.126834437086093	-0.916238410596027	-7.53960264900662	-2.36238410596027	-3.27470198675497			
20	540	0.935841059602649	-0.0292450331125828	0.264476821192053	3.11337748344371	5.4553642384106	2.45509933774835				0.976953642384106	0.0317880794701987	0.141139072847682	3.79390728476821	-4.73218543046358	-0.0259602649006601				0.981827814569536	0.0147284768211921	0.00805298013245037	0.847417218543046	-0.413509933774833	0.63973509933775				0.544529801324503	-0.480529801324503	-0.613721854304636	1.36291390728477	-2.6164238410596	-0.615629139072848				0.932026490066225	-0.0125033112582781	0.213933774834437	4.9917880794702	-3.30807947019868	-1.17748344370861				0.271788079470199	-0.0948344370860927	-0.900238410596026	-3.61960264900662	-1.52238410596026	-2.99470198675497			
21	560	0.951841059602649	0.00275496688741723	0.280476821192053	3.67337748344371	10.4953642384106	1.33509933774834				0.960953642384106	0.0157880794701987	0.173139072847682	2.39390728476821	-5.57218543046358	-1.14596026490066				0.997827814569536	0.0147284768211921	0.00805298013245037	1.40741721854305	0.706490066225167	0.0797350993377501				0.544529801324503	-0.448529801324503	-0.613721854304636	0.802913907284768	-3.1764238410596	-0.615629139072848				0.948026490066225	-0.0285033112582781	0.181933774834437	4.4317880794702	-1.90807947019868	-1.17748344370861				0.287788079470199	-0.126834437086093	-0.900238410596026	-6.97960264900662	0.157615894039735	-2.15470198675497			
22	580	0.951841059602649	0.0187549668874172	0.248476821192053	4.51337748344371	11.3353642384106	0.495099337748344				0.960953642384106	0.0317880794701987	0.173139072847682	0.153907284768212	-5.57218543046358	-0.86596026490066				0.997827814569536	0.0147284768211921	0.0240529801324504	2.52741721854305	-0.413509933774833	0.35973509933775				0.512529801324503	-0.448529801324503	-0.629721854304636	4.44291390728477	-4.0164238410596	0.504370860927152				0.948026490066225	-0.0125033112582781	0.181933774834437	0.231788079470198	-0.228079470198675	-1.73748344370861				0.255788079470199	-0.110834437086093	-0.916238410596027	-6.69960264900662	-1.24238410596026	-2.15470198675497			
23	600	0.983841059602649	0.0187549668874172	0.200476821192053	1.71337748344371	9.0953642384106	0.215099337748344				0.944953642384106	0.0317880794701987	0.205139072847682	1.55390728476821	-3.61218543046358	0.25403973509934				0.981827814569536	0.0147284768211921	0.0240529801324504	4.20741721854305	-1.53350993377483	-1.04026490066225				0.528529801324503	-0.448529801324503	-0.629721854304636	5.00291390728477	-3.1764238410596	1.62437086092715				0.948026490066225	-0.0125033112582781	0.181933774834437	1.3517880794702	1.73192052980133	1.06251655629139				0.287788079470199	-0.126834437086093	-0.900238410596026	-3.05960264900662	-2.64238410596027	-1.03470198675497			
24	620	1.01584105960265	0.0187549668874172	0.136476821192053	-1.92662251655629	6.0153642384106	-1.74490066225166				0.976953642384106	0.0317880794701987	0.173139072847682	4.35390728476821	-1.37218543046358	1.09403973509934				0.997827814569536	0.0147284768211921	0.0400529801324504	5.32741721854305	-3.49350993377483	-1.32026490066225				0.528529801324503	-0.480529801324503	-0.629721854304636	4.44291390728477	-1.2164238410596	0.784370860927152				0.964026490066225	-0.0125033112582781	0.149933774834437	1.0717880794702	2.01192052980133	1.06251655629139				0.271788079470199	-0.0788344370860927	-0.948238410596026	-7.25960264900662	0.157615894039735	-1.03470198675497			
25	640	1.01584105960265	0.00275496688741723	0.072476821192053	-0.806622516556291	0.695364238410596	-0.904900662251656				0.976953642384106	0.0317880794701987	0.173139072847682	4.07390728476821	0.0278145695364242	0.25403973509934				0.981827814569536	0.0147284768211921	0.0240529801324504	7.84741721854305	-1.81350993377483	-0.20026490066225				0.528529801324503	-0.480529801324503	-0.629721854304636	1.92291390728477	-1.2164238410596	0.784370860927152				0.948026490066225	-0.0125033112582781	0.165933774834437	0.511788079470198	4.81192052980133	2.46251655629139				0.271788079470199	-0.0788344370860927	-0.916238410596027	-0.539602649006623	-3.20238410596026	-1.87470198675497			
26	660	0.999841059602649	-0.0132450331125828	0.040476821192053	1.99337748344371	-5.1846357615894	-0.904900662251656				0.960953642384106	0.0317880794701987	0.189139072847682	4.63390728476821	3.66781456953642	0.81403973509934				0.981827814569536	0.0147284768211921	0.0400529801324504	9.24741721854305	-2.09350993377483	0.0797350993377501				0.544529801324503	-0.448529801324503	-0.613721854304636	3.32291390728477	1.0235761589404	2.18437086092715				0.932026490066225	0.00349668874172187	0.197933774834437	-1.4482119205298	5.37192052980133	2.46251655629139				0.239788079470199	-0.126834437086093	-0.868238410596026	0.300397350993377	-4.04238410596027	-1.59470198675497			
27	680	0.983841059602649	-0.0132450331125828	0.040476821192053	1.15337748344371	-8.26463576158941	-1.46490066225166				0.992953642384106	0.0477880794701987	0.189139072847682	6.03390728476821	3.94781456953642	3.05403973509934				0.981827814569536	-0.00127152317880793	0.0240529801324504	10.367417218543	-2.37350993377483	0.35973509933775				0.544529801324503	-0.480529801324503	-0.629721854304636	7.80291390728477	2.4235761589404	3.02437086092715				0.932026490066225	0.00349668874172187	0.197933774834437	1.9117880794702	5.09192052980133	2.18251655629139				0.239788079470199	-0.110834437086093	-0.868238410596026	-1.65960264900662	-0.682384105960265	-0.474701986754968			
28	700	0.951841059602649	-0.0292450331125828	0.088476821192053	0.593377483443709	-7.4246357615894	-1.74490066225166				0.976953642384106	0.0317880794701987	0.157139072847682	6.31390728476821	6.46781456953642	3.05403973509934				0.981827814569536	-0.00127152317880793	-0.0239470198675496	7.00741721854305	-0.693509933774834	0.63973509933775				0.560529801324503	-0.480529801324503	-0.645721854304636	1.08291390728477	0.1835761589404	3.86437086092715				0.932026490066225	-0.0125033112582781	0.197933774834437	3.3117880794702	6.49192052980132	2.18251655629139				0.287788079470199	-0.110834437086093	-0.900238410596026	-1.65960264900662	-1.24238410596026	-0.474701986754968			
29	720	0.951841059602649	-0.0452450331125828	0.136476821192053	-1.92662251655629	-4.0646357615894	-1.18490066225166				0.992953642384106	-0.000211920529801304	0.157139072847682	1.83390728476821	5.62781456953642	2.77403973509934				0.997827814569536	0.0147284768211921	-0.0559470198675496	4.20741721854305	0.986490066225167	0.63973509933775				0.576529801324503	-0.480529801324503	-0.629721854304636	-3.11708609271523	-0.3764238410596	1.62437086092715				0.948026490066225	-0.0285033112582781	0.213933774834437	0.791788079470198	7.89192052980133	1.90251655629139				0.303788079470199	-0.110834437086093	-0.868238410596026	0.860397350993377	0.717615894039735	-0.194701986754968			
30	740	0.967841059602649	-0.0292450331125828	0.136476821192053	-2.20662251655629	-0.704635761589404	-2.02490066225166				1.00895364238411	0.0157880794701987	0.141139072847682	-2.36609271523179	4.50781456953642	1.93403973509934				0.997827814569536	0.0147284768211921	-0.0719470198675496	0.00741721854304636	2.10649006622517	0.35973509933775				0.592529801324503	-0.496529801324503	-0.645721854304636	-3.95708609271523	-2.3364238410596	0.504370860927152				0.964026490066225	-0.0285033112582781	0.197933774834437	2.7517880794702	8.17192052980133	1.34251655629139				0.319788079470199	-0.126834437086093	-0.900238410596026	-1.93960264900662	0.437615894039735	-0.754701986754968			
31	760	0.951841059602649	-0.0132450331125828	0.136476821192053	-4.16662251655629	0.695364238410596	-2.86490066225166				0.992953642384106	0.0157880794701987	0.157139072847682	-6.28609271523179	1.70781456953642	2.77403973509934				0.997827814569536	0.0147284768211921	-0.0879470198675496	-4.75258278145695	1.54649006622517	-0.20026490066225				0.560529801324503	-0.496529801324503	-0.629721854304636	-4.51708609271523	-3.7364238410596	3.58437086092715				0.996026490066225	-0.0285033112582781	0.213933774834437	2.1917880794702	7.05192052980133	1.90251655629139				0.319788079470199	-0.158834437086093	-0.900238410596026	0.300397350993377	-3.76238410596027	0.0852980132450323			
32	780	0.967841059602649	0.0187549668874172	0.104476821192053	-6.40662251655629	0.135364238410596	-4.26490066225166				0.992953642384106	0.0477880794701987	0.173139072847682	-8.52609271523179	0.867814569536424	2.21403973509934				0.997827814569536	0.0307284768211921	-0.0399470198675496	-6.43258278145695	-0.133509933774833	-1.32026490066225				0.544529801324503	-0.448529801324503	-0.613721854304636	-3.39708609271523	-3.4564238410596	2.74437086092715				0.980026490066225	-0.0445033112582781	0.213933774834437	0.791788079470198	4.25192052980133	3.02251655629139				0.335788079470199	-0.158834437086093	-0.900238410596026	-7.81960264900662	-3.20238410596026	0.645298013245032			
33	800	0.983841059602649	0.0187549668874172	0.088476821192053	-7.52662251655629	0.695364238410596	-3.14490066225166				0.976953642384106	0.0637880794701987	0.157139072847682	-7.40609271523179	0.867814569536424	1.65403973509934				0.981827814569536	0.0627284768211921	-0.0399470198675496	-4.19258278145695	-2.37350993377483	-1.88026490066225				0.528529801324503	-0.464529801324503	-0.645721854304636	-2.55708609271523	-2.0564238410596	-0.0556291390728476				0.948026490066225	-0.0125033112582781	0.229933774834437	-2.2882119205298	3.41192052980132	1.06251655629139				0.319788079470199	-0.126834437086093	-0.916238410596027	-7.25960264900662	-2.64238410596027	2.88529801324503			
34	820	0.983841059602649	0.0347549668874172	0.088476821192053	-6.40662251655629	0.975364238410596	-2.86490066225166				0.992953642384106	0.0477880794701987	0.141139072847682	-7.68609271523179	1.42781456953642	1.93403973509934				0.981827814569536	0.0787284768211921	-0.0399470198675496	-3.63258278145695	-2.93350993377483	-1.88026490066225				0.528529801324503	-0.480529801324503	-0.645721854304636	-1.15708609271523	-0.0964238410596001	4.42437086092715				0.948026490066225	-0.0125033112582781	0.197933774834437	-5.0882119205298	1.73192052980133	-0.0574834437086077				0.303788079470199	-0.110834437086093	-0.884238410596026	-0.819602649006623	-2.64238410596027	4.56529801324503			
35	840	0.983841059602649	0.0347549668874172	0.072476821192053	-4.16662251655629	1.5353642384106	-1.46490066225166				1.00895364238411	0.0797880794701987	0.141139072847682	-7.68609271523179	-1.09218543046358	1.65403973509934				0.981827814569536	0.0787284768211921	-0.0399470198675496	-4.47258278145695	-0.693509933774834	-0.48026490066225				0.512529801324503	-0.480529801324503	-0.629721854304636	-2.27708609271523	1.8635761589404	6.10437086092715				0.948026490066225	-0.0125033112582781	0.213933774834437	-5.9282119205298	1.73192052980133	-0.0574834437086077				0.303788079470199	-0.126834437086093	-0.884238410596026	-2.21960264900662	-3.20238410596026	7.08529801324503			
36	860	0.983841059602649	0.0347549668874172	0.088476821192053	-5.00662251655629	1.5353642384106	-2.30490066225166				0.992953642384106	0.0637880794701987	0.157139072847682	-6.28609271523179	-1.65218543046358	2.21403973509934				0.997827814569536	0.0787284768211921	-0.0399470198675496	-5.59258278145695	-0.413509933774833	-0.48026490066225				0.528529801324503	-0.464529801324503	-0.645721854304636	-3.39708609271523	3.5435761589404	4.98437086092715				0.948026490066225	-0.0125033112582781	0.213933774834437	-9.5682119205298	2.01192052980133	-2.01748344370861				0.303788079470199	-0.110834437086093	-0.884238410596026	0.0203973509933773	-3.76238410596027	8.48529801324503			
37	880	0.983841059602649	0.0507549668874172	0.088476821192053	-8.36662251655629	0.975364238410596	-3.14490066225166				0.992953642384106	0.0797880794701987	0.189139072847682	-7.68609271523179	-3.05218543046358	3.33403973509934				0.997827814569536	0.0627284768211921	-0.0239470198675496	-8.39258278145695	-0.413509933774833	0.0797350993377501				0.544529801324503	-0.480529801324503	-0.661721854304636	-2.55708609271523	6.6235761589404	5.82437086092715				0.964026490066225	0.00349668874172187	0.197933774834437	-12.6482119205298	-0.508079470198675	-3.41748344370861				0.271788079470199	-0.110834437086093	-0.884238410596026	1.70039735099338	-3.76238410596027	6.52529801324503			
38	900	0.983841059602649	0.0347549668874172	0.072476821192053	-11.7266225165563	0.415364238410596	-2.58490066225166				0.976953642384106	0.0637880794701987	0.173139072847682	-10.4860927152318	-4.45218543046358	3.05403973509934				0.981827814569536	0.0467284768211921	-0.00794701986754963	-12.872582781457	-0.693509933774834	2.59973509933775				0.560529801324503	-0.480529801324503	-0.677721854304636	-3.67708609271523	8.8635761589404	4.42437086092715				0.964026490066225	0.0194966887417219	0.197933774834437	-11.5282119205298	-0.228079470198675	-4.81748344370861				0.255788079470199	-0.126834437086093	-0.852238410596026	-3.61960264900662	-3.48238410596027	6.52529801324503			
39	920	0.983841059602649	0.0347549668874172	0.056476821192053	-15.0866225165563	0.695364238410596	-2.58490066225166				0.976953642384106	0.0477880794701987	0.157139072847682	-13.2860927152318	-2.77218543046358	1.37403973509934				0.981827814569536	0.0307284768211921	0.00805298013245037	-16.792582781457	-0.413509933774833	3.71973509933775				0.608529801324503	-0.496529801324503	-0.709721854304636	-10.1170860927152	13.0635761589404	1.90437086092715				0.964026490066225	0.00349668874172187	0.197933774834437	-7.8882119205298	-1.06807947019868	-6.21748344370861				0.303788079470199	-0.110834437086093	-0.836238410596026	-18.1796026490066	0.717615894039735	7.92529801324503			
40	940	1.07984105960265	0.114754966887417	-0.00752317880794696	-22.3666225165563	-2.3846357615894	-6.78490066225166				0.992953642384106	0.0477880794701987	0.173139072847682	-17.7660927152318	-3.61218543046358	-1.14596026490066				0.997827814569536	0.0307284768211921	0.0240529801324504	-18.752582781457	-3.21350993377483	4.55973509933775				0.640529801324503	-0.544529801324503	-0.693721854304636	-18.5170860927152	13.3435761589404	-1.73562913907285				0.980026490066225	0.00349668874172187	0.213933774834437	-6.7682119205298	-2.74807947019868	-8.45748344370861				0.351788079470199	-0.126834437086093	-0.900238410596026	-29.6596026490066	-1.24238410596026	9.32529801324503			
41	960	0	0	0	0	0	0				0	0	0	0	0	0				0	0	0	0	0	0				0.624529801324503	-0.496529801324503	-0.677721854304636	-24.9570860927152	7.1835761589404	-1.17562913907285				0.964026490066225	-0.0125033112582781	0.261933774834437	-6.7682119205298	-5.26807947019868	-10.6974834437086				0.383788079470199	-0.158834437086093	-0.884238410596026	-25.4596026490066	-5.72238410596027	16.325298013245			
42	1120	0	0	0	0	0	0				0	0	0	0	0	0				0	0	0	0	0	0				0.464529801324503	-0.176529801324503	-0.741721854304636	-40.6370860927152	27.9035761589404	48.9443708609272				0.996026490066225	0.211496688741722	0.245933774834437	-75.6482119205298	-5.26807947019868	-21.8974834437086				0.623788079470199	0.145165562913907	-0.820238410596026	-27.1396026490066	18.3576158940397	66.725298013245			
43	1140	0.679841059602649	-0.109245033112583	0.408476821192053	-127.926622516556	-73.7846357615894	34.9350993377483				1.08895364238411	0.255788079470199	0.0611390728476822	-114.366092715232	-23.7721854304636	-18.2259602649007				0.933827814569536	0.414728476821192	0.0720529801324504	-48.712582781457	-55.2935099337748	12.1197350993378				0.528529801324503	-0.256529801324503	-0.821721854304636	-33.9170860927152	30.1435761589404	60.4243708609272				1.14002649006623	0.243496688741722	0.213933774834437	-82.6482119205298	-13.1080794701987	-21.0574834437086				0.607788079470199	0.177165562913907	-0.964238410596026	-36.0996026490066	30.9576158940397	69.525298013245			
44	1160	0.679841059602649	0.0827549668874172	0.504476821192053	-181.966622516556	-13.5846357615894	25.6950993377483				1.07295364238411	0.271788079470199	0.0771390728476822	-95.8860927152318	-24.0521854304636	-17.1059602649007				0.997827814569536	0.270728476821192	0.0720529801324504	-43.952582781457	-43.5335099337748	12.9597350993378				0.656529801324503	-0.352529801324503	-0.901721854304636	-26.3570860927152	33.2235761589404	67.7043708609272				1.17202649006623	0.259496688741722	0.181933774834437	-85.4482119205298	-25.7080794701987	-19.3774834437086				0.559788079470199	0.129165562913907	-1.14023841059603	-42.5396026490066	25.0776158940397	73.165298013245			
45	1180	0.647841059602649	0.130754966887417	0.520476821192053	-199.606622516556	30.6553642384106	28.4950993377483				1.12095364238411	0.239788079470199	0.173139072847682	-94.7660927152318	-17.8921854304636	-17.6659602649007				0.981827814569536	0.0627284768211921	-0.00794701986754963	-37.512582781457	-27.0135099337748	22.1997350993378				0.640529801324503	-0.464529801324503	-0.933721854304636	-26.9170860927152	28.1835761589404	72.4643708609272				1.15602649006623	0.243496688741722	0.133933774834437	-98.6082119205298	-33.8280794701987	-19.0974834437086				0.511788079470199	0.113165562913907	-1.17223841059603	-41.9796026490066	8.83761589403974	84.365298013245			
46	1200	0.711841059602649	0.00275496688741723	0.408476821192053	-195.406622516556	62.8553642384106	39.1350993377484				1.13695364238411	0.319788079470199	0.253139072847682	-107.926092715232	-31.0521854304636	-24.6659602649007				1.01382781456954	0.0467284768211921	-0.0719470198675496	-64.392582781457	-12.4535099337748	35.6397350993377				0.560529801324503	-0.560529801324503	-0.949721854304636	-29.1570860927152	22.8635761589404	82.5443708609272				1.07602649006623	0.243496688741722	0.181933774834437	-102.52821192053	-34.3880794701987	-20.7774834437086				0.415788079470199	0.177165562913907	-1.10823841059603	-43.6596026490066	-13.0023841059603	103.965298013245			
47	1220	0.887841059602649	0.210754966887417	0.408476821192053	-231.806622516556	98.4153642384106	34.9350993377483				0.944953642384106	0.335788079470199	0.173139072847682	-103.726092715232	-38.8921854304636	-28.0259602649007				0.997827814569536	0.126728476821192	-0.00794701986754963	-86.232582781457	-0.133509933774833	49.6397350993377				0.416529801324503	-0.624529801324503	-0.901721854304636	-59.6770860927152	27.0635761589404	87.5843708609272				1.01202649006623	0.243496688741722	0.117933774834437	-112.88821192053	-30.1880794701987	-25.5374834437086				0.319788079470199	0.273165562913907	-0.964238410596026	-23.4996026490066	-26.1623841059603	114.605298013245			
48	1240	1.19184105960265	0.706754966887417	0.200476821192053	-214.446622516556	116.895364238411	41.0950993377484				0.832953642384106	0.319788079470199	0.141139072847682	-105.966092715232	-23.4921854304636	-30.8259602649007				0.949827814569536	0.142728476821192	0.0240529801324504	-103.872582781457	-3.21350993377483	60.5597350993378				0.368529801324503	-0.560529801324503	-0.885721854304636	-84.5970860927152	39.9435761589404	91.7843708609272				0.932026490066225	0.275496688741722	0.00593377483443711	-123.24821192053	-19.5480794701987	-31.1374834437086				0.287788079470199	0.289165562913907	-0.820238410596026	-28.2596026490066	-18.3223841059603	114.045298013245			
49	1260	1.22384105960265	0.962754966887417	-0.215523178807947	-171.606622516556	108.215364238411	58.1750993377484				0.848953642384106	0.239788079470199	0.205139072847682	-112.966092715232	-17.3321854304636	-34.4659602649007				0.917827814569536	0.222728476821192	0.0240529801324504	-121.512582781457	-3.77350993377483	68.3997350993377				0.304529801324503	-0.416529801324503	-0.885721854304636	-83.1970860927152	44.1435761589404	101.584370860927				0.884026490066225	0.259496688741722	-0.0260662251655629	-128.84821192053	-8.62807947019868	-35.6174834437086				0.303788079470199	0.225165562913907	-0.788238410596027	-48.4196026490066	-14.4023841059603	115.165298013245			
50	1280	1.63984105960265	1.02675496688742	-0.551523178807947	-204.086622516556	31.7753642384106	39.6950993377484				0.800953642384106	0.207788079470199	0.109139072847682	-125.006092715232	-22.0921854304636	-36.9859602649007				0.885827814569536	0.350728476821192	0.0720529801324504	-144.192582781457	-2.65350993377483	72.8797350993378				0.240529801324503	-0.416529801324503	-0.789721854304636	-81.5170860927152	43.3035761589404	102.704370860927				0.820026490066225	0.211496688741722	0.0219337748344371	-133.88821192053	-10.0280794701987	-39.2574834437086				0.303788079470199	0.225165562913907	-0.756238410596026	-46.7396026490066	-17.2023841059603	118.805298013245			
51	1300	1.79984105960265	1.07475496688742	-0.551523178807947	-169.366622516556	-102.904635761589	29.6150993377483				1.02495364238411	0.0637880794701987	-0.0668609271523178	-144.326092715232	1.98781456953642	-34.7459602649007				1.01382781456954	0.222728476821192	0.0240529801324504	-170.792582781457	3.78649006622517	70.6397350993378				0.256529801324503	-0.448529801324503	-0.741721854304636	-98.3170860927152	44.7035761589404	107.464370860927				0.948026490066225	0.163496688741722	0.133933774834437	-135.56821192053	-5.82807947019868	-41.2174834437086				0.207788079470199	0.177165562913907	-0.788238410596027	-49.8196026490066	-15.2423841059603	121.885298013245			
52	1320	0.615841059602649	0.242754966887417	-0.055523178807947	44.8333774834437	-37.9446357615894	43.0550993377484				1.23295364238411	-0.128211920529801	0.221139072847682	-172.326092715232	37.8278145695364	-40.9059602649007				0.949827814569536	0.0627284768211921	-0.35994701986755	-192.632582781457	11.3464900662252	63.9197350993378				0.304529801324503	-0.592529801324503	-0.805721854304636	-92.9970860927152	52.8235761589404	119.784370860927				1.07602649006623	0.0194966887417219	0.133933774834437	-134.72821192053	-6.38807947019868	-37.8574834437086				0.127788079470199	0.161165562913907	-1.04423841059603	-79.2196026490066	3.51761589403974	113.485298013245			
53	1340	0.535841059602649	-1.11724503311258	-0.327523178807947	98.0333774834437	-16.9446357615894	73.0150993377484				1.28095364238411	0.111788079470199	0.0931390728476822	-138.726092715232	6.74781456953642	-42.0259602649007				1.44582781456954	-0.209271523178808	-0.61594701986755	-174.712582781457	19.4664900662252	45.4397350993378				0.416529801324503	-0.768529801324503	-0.709721854304636	-92.1570860927152	65.9835761589404	112.504370860927				1.06002649006623	0.00349668874172187	-0.122066225165563	-165.80821192053	-2.46807947019868	-37.2974834437086				0.127788079470199	0.209165562913907	-1.17223841059603	-56.2596026490066	15.8376158940397	112.365298013245			
54	1360	0.695841059602649	-1.40524503311258	-0.295523178807947	-136.046622516556	30.3753642384106	30.1750993377483				1.15295364238411	-0.128211920529801	-0.338860927152318	-147.966092715232	-47.8521854304636	-21.8659602649007				1.49382781456954	-0.0972715231788079	-0.77594701986755	-131.312582781457	-17.7735099337748	34.5197350993378				0.480529801324503	-0.768529801324503	-0.645721854304636	-99.4370860927152	57.0235761589404	102.984370860927				1.02802649006623	-0.0605033112582781	-0.0740662251655629	-144.24821192053	13.7719205298013	-33.3774834437086				0.111788079470199	0.0811655629139073	-1.09223841059603	-30.7796026490066	12.7576158940397	125.525298013245			
55	1380	1.06384105960265	-0.605245033112583	0.168476821192053	-161.526622516556	7.9753642384106	7.49509933774834				1.23295364238411	-0.0482119205298013	-0.178860927152318	-165.046092715232	6.74781456953642	-14.3059602649007				1.36582781456954	-0.369271523178808	-0.80794701986755	-139.152582781457	-79.0935099337748	26.3997350993378				0.512529801324503	-0.672529801324503	-0.709721854304636	-92.4370860927152	58.7035761589404	102.984370860927				1.31602649006623	-0.108503311258278	0.245933774834437	-130.52821192053	16.5719205298013	-32.8174834437086				0.143788079470199	-0.126834437086093	-1.20423841059603	-50.9396026490066	0.997615894039735	124.125298013245			
56	1400	0.967841059602649	-0.0452450331125828	-0.263523178807947	-174.966622516556	4.8953642384106	36.0550993377484				1.21695364238411	-0.304211920529801	0.141139072847682	-129.206092715232	-16.4921854304636	-7.30596026490066				0.869827814569536	-0.369271523178808	-0.55194701986755	-178.912582781457	-100.933509933775	22.1997350993378				0.528529801324503	-0.800529801324503	-0.725721854304636	-86.2770860927152	74.1035761589404	103.544370860927				1.23602649006623	-0.0765033112582781	0.0699337748344371	-162.72821192053	-3.30807947019868	-31.1374834437086				0.239788079470199	-0.0148344370860927	-1.34823841059603	-49.8196026490066	-2.64238410596027	115.445298013245			
57	1420	0.903841059602649	-0.189245033112583	-0.215523178807947	-126.526622516556	44.6553642384106	59.2950993377484				0.992953642384106	-0.0962119205298013	-0.00286092715231785	-148.246092715232	-11.4521854304636	-17.9459602649007				0.645827814569536	-0.0812715231788079	-0.27994701986755	-223.432582781457	-90.5735099337748	14.6397350993378				0.528529801324503	-0.848529801324503	-0.693721854304636	-98.3170860927152	75.7835761589404	94.5843708609272				1.14002649006623	-0.0285033112582781	-0.106066225165563	-153.76821192053	8.45192052980133	-26.3774834437086				0.0957880794701987	0.0171655629139073	-1.15623841059603	-27.9796026490066	2.67761589403974	132.525298013245			
58	1440	1.04784105960265	-0.0292450331125828	-0.055523178807947	-119.526622516556	65.9353642384106	38.2950993377484				0.960953642384106	0.0157880794701987	-0.162860927152318	-154.686092715232	-11.1721854304636	-20.7459602649007				0.661827814569536	0.142728476821192	-0.27994701986755	-241.912582781457	-60.3335099337748	11.2797350993378				0.464529801324503	-0.736529801324503	-0.661721854304636	-101.397086092715	74.6635761589404	85.3443708609272				1.01202649006623	-0.108503311258278	0.0539337748344371	-140.04821192053	10.4119205298013	-22.7374834437086				0.0637880794701987	0.0171655629139073	-0.980238410596026	-45.6196026490066	16.3976158940397	146.525298013245			
59	1460	0.935841059602649	0.194754966887417	-0.071523178807947	-110.006622516556	55.8553642384106	11.1350993377483				1.02495364238411	0.0637880794701987	-0.130860927152318	-160.566092715232	-20.1321854304636	-21.3059602649007				0.645827814569536	0.0147284768211921	-0.16794701986755	-230.152582781457	-41.5735099337748	11.2797350993378				0.432529801324503	-0.624529801324503	-0.565721854304636	-106.157086092715	71.3035761589404	79.4643708609272				0.948026490066225	-0.108503311258278	0.0859337748344371	-144.80821192053	5.93192052980133	-23.5774834437086				0.0477880794701987	0.0651655629139073	-0.916238410596027	-40.5796026490066	12.7576158940397	139.805298013245			
60	1480	0.903841059602649	0.274754966887417	-0.135523178807947	-104.966622516556	37.0953642384106	-2.02490066225166				0.800953642384106	0.191788079470199	-0.226860927152318	-158.326092715232	-24.6121854304636	-23.8259602649007				0.613827814569536	-0.0972715231788079	-0.15194701986755	-196.832582781457	-2.37350993377483	13.7997350993378				0.400529801324503	-0.528529801324503	-0.469721854304636	-103.357086092715	57.3035761589404	76.1043708609272				0.932026490066225	-0.0285033112582781	0.0379337748344371	-153.20821192053	4.25192052980133	-26.3774834437086				0.0477880794701987	0.0971655629139073	-0.836238410596026	-24.8996026490066	9.11761589403974	127.765298013245			
61	1500	0.919841059602649	0.178754966887417	-0.231523178807947	-105.806622516556	36.5353642384106	-3.42490066225166				0.768953642384106	0.175788079470199	-0.162860927152318	-142.646092715232	-3.05218543046358	-19.3459602649007				0.597827814569536	-0.129271523178808	-0.0719470198675496	-176.112582781457	34.0264900662252	12.3997350993378				0.368529801324503	-0.480529801324503	-0.485721854304636	-101.677086092715	55.6235761589404	73.8643708609272				0.900026490066225	0.00349668874172187	-0.0260662251655629	-150.68821192053	1.17192052980133	-28.0574834437086				0.0477880794701987	0.0651655629139073	-0.804238410596027	-31.0596026490066	21.1576158940397	122.445298013245			
62	1520	0.967841059602649	0.0667549668874172	-0.215523178807947	-93.2066225165563	31.7753642384106	0.775099337748344				0.768953642384106	0.191788079470199	0.0291390728476822	-130.326092715232	11.7878145695364	-17.6659602649007				0.613827814569536	-0.129271523178808	0.32805298013245	-132.432582781457	12.4664900662252	33.6797350993378				0.384529801324503	-0.432529801324503	-0.453721854304636	-82.6370860927152	63.1835761589404	68.2643708609272				0.804026490066225	0.0194966887417219	0.0219337748344371	-151.80821192053	-1.90807947019868	-30.2974834437086				0.0317880794701987	0.0331655629139073	-0.804238410596027	-33.5796026490066	19.1976158940397	121.045298013245			
63	1540	0.967841059602649	0.0347549668874172	-0.263523178807947	-78.9266225165563	14.4153642384106	-3.14490066225166				0.768953642384106	0.191788079470199	0.141139072847682	-129.206092715232	18.7878145695364	-14.8659602649007				0.725827814569536	-0.209271523178808	0.15205298013245	-166.032582781457	42.1464900662252	62.5197350993378				0.432529801324503	-0.368529801324503	-0.469721854304636	-71.4370860927152	71.0235761589404	62.9443708609272				0.804026490066225	0.0514966887417219	0.0699337748344371	-148.72821192053	-4.70807947019868	-31.4174834437086				0.0477880794701987	0.0331655629139073	-0.724238410596026	-33.0196026490066	16.3976158940397	120.205298013245			
64	1560	0.919841059602649	0.0187549668874172	-0.359523178807947	-71.3666225165563	-12.4646357615894	-16.3049006622517				0.800953642384106	0.0317880794701987	0.141139072847682	-139.846092715232	22.9878145695364	-14.5859602649007				0.757827814569536	-0.161271523178808	0.36005298013245	-165.752582781457	73.5064900662252	73.4397350993378				0.544529801324503	-0.368529801324503	-0.517721854304636	-65.2770860927152	73.8235761589404	59.0243708609272				0.788026490066225	0.0994966887417219	0.149933774834437	-146.48821192053	-6.94807947019868	-33.6574834437086				-0.0162119205298013	0.0971655629139073	-0.740238410596026	-39.1796026490066	18.3576158940397	119.085298013245			
65	1580	0.903841059602649	-0.0772450331125828	-0.487523178807947	-67.7266225165563	-36.8246357615894	-30.3049006622517				0.880953642384106	0.0637880794701987	0.221139072847682	-121.086092715232	21.8678145695364	-9.54596026490066				0.709827814569536	0.0787284768211921	0.53605298013245	-226.232582781457	86.6664900662252	65.0397350993378				0.656529801324503	-0.416529801324503	-0.565721854304636	-71.9970860927152	56.4635761589404	57.3443708609272				0.692026490066225	0.115496688741722	0.0859337748344371	-132.76821192053	-0.508079470198675	-32.8174834437086				-0.000211920529801336	0.177165562913907	-0.740238410596026	-37.2196026490066	22.5576158940397	117.965298013245			
66	1600	1.03184105960265	-0.141245033112583	-0.647523178807947	-90.1266225165563	-65.6646357615894	-47.6649006622517				0.832953642384106	0.0797880794701987	0.157139072847682	-107.366092715232	6.46781456953642	-4.50596026490066				1.01382781456954	0.798728476821192	0.32805298013245	-267.112582781457	101.786490066225	48.2397350993378				0.848529801324503	-0.400529801324503	-0.501721854304636	-94.1170860927152	33.5035761589404	53.4243708609272				0.740026490066225	0.115496688741722	0.181933774834437	-107.56821192053	10.9719205298013	-30.2974834437086				0.127788079470199	0.113165562913907	-0.708238410596026	-33.8596026490066	18.0776158940397	114.605298013245			
67	1620	1.23984105960265	-0.0452450331125828	-0.775523178807947	-123.726622516556	-104.304635761589	-65.0249006622517				0.832953642384106	-0.000211920529801304	0.189139072847682	-114.646092715232	20.4678145695364	1.37403973509934				1.46182781456954	1.18272847682119	-0.45594701986755	-199.632582781457	108.226490066225	31.7197350993378				0.880529801324503	-0.352529801324503	-0.501721854304636	-92.9970860927152	13.9035761589404	57.6243708609272				0.852026490066225	0.115496688741722	0.293933774834437	-88.5282119205298	5.93192052980133	-27.7774834437086				0.319788079470199	0.0491655629139073	-0.788238410596027	-44.7796026490066	13.8776158940397	108.445298013245			
68	1640	1.43184105960265	0.0827549668874172	-0.599523178807947	-124.286622516556	-137.624635761589	-73.4249006622517				0.960953642384106	0.159788079470199	0.365139072847682	-106.526092715232	42.5878145695364	3.05403973509934				1.98982781456954	1.55072847682119	-1.95994701986755	-4.75258278145695	2.94649006622517	5.39973509933775				0.592529801324503	-0.352529801324503	-0.629721854304636	-104.757086092715	4.6635761589404	74.7043708609272				0.820026490066225	0.179496688741722	0.389933774834437	-80.6882119205298	4.81192052980133	-26.9374834437086				0.447788079470199	0.129165562913907	-0.884238410596026	-48.6996026490066	11.3576158940397	103.685298013245			
69	1660	1.67184105960265	0.162754966887417	-0.215523178807947	-73.6066225165563	-158.064635761589	-57.1849006622517				1.47295364238411	0.431788079470199	0.317139072847682	-102.046092715232	51.8278145695364	1.37403973509934				1.79782781456954	0.414728476821192	-1.79994701986755	307.727417218543	-92.2535099337748	-30.1602649006623				0.560529801324503	-0.272529801324503	-0.677721854304636	-124.917086092715	36.5835761589404	80.3043708609272				1.07602649006623	0.195496688741722	0.549933774834437	-78.1682119205298	7.05192052980133	-24.1374834437086				0.527788079470199	0.161165562913907	-0.964238410596026	-41.9796026490066	9.95761589403974	95.565298013245			
70	1680	1.35184105960265	-0.0612450331125828	0.216476821192053	-94.3266225165563	-154.984635761589	-5.38490066225166				1.12095364238411	0.191788079470199	0.749139072847682	-97.5660927152318	47.3478145695364	-10.1059602649007				-0.410172185430464	-1.24927152317881	0.37605298013245	16.5274172185431	-37.9335099337748	103.679735099338				0.560529801324503	-0.320529801324503	-0.789721854304636	-56.5970860927152	54.2235761589404	75.5443708609272				1.07602649006623	0.131496688741722	0.389933774834437	-93.2882119205298	4.81192052980133	-29.4574834437086				0.735788079470199	0.225165562913907	-1.12423841059603	-55.9796026490066	24.7976158940397	82.405298013245			
71	1700	0.391841059602649	-0.317245033112583	0.472476821192053	-123.166622516556	-101.784635761589	55.0950993377484				0.960953642384106	0.335788079470199	-0.00286092715231785	-86.9260927152318	-50.0921854304636	-19.6259602649007				-0.0581721854304636	-0.289271523178808	0.60005298013245	-328.992582781457	-40.1735099337748	70.6397350993378				0.544529801324503	-0.304529801324503	-0.741721854304636	-85.7170860927152	38.2635761589404	50.3443708609272				0.884026490066225	0.147496688741722	0.00593377483443711	-126.32821192053	17.9719205298013	-38.4174834437086				0.607788079470199	0.289165562913907	-0.964238410596026	3.38039735099338	23.1176158940397	86.045298013245			
72	1720	0.167841059602649	-0.381245033112583	0.648476821192053	-147.246622516556	-44.1046357615894	81.1350993377483				0.752953642384106	0.399788079470199	-0.610860927152318	-119.686092715232	-37.2121854304636	-24.9459602649007				1.07782781456954	0.702728476821192	-0.75994701986755	-216.432582781457	23.1064900662252	31.4397350993378				0.576529801324503	0.0154701986754967	-0.677721854304636	-82.9170860927152	5.2235761589404	53.1443708609272				0.948026490066225	0.435496688741722	0.357933774834437	-92.4482119205298	9.85192052980133	-35.0574834437086				0.367788079470199	0.193165562913907	-0.836238410596026	-20.9796026490066	-2.64238410596027	96.685298013245			
73	1740	0.375841059602649	-0.301245033112583	0.536476821192053	-106.086622516556	7.6953642384106	57.3350993377484				1.24895364238411	0.239788079470199	0.237139072847682	-131.446092715232	24.1078145695364	-25.2259602649007				1.44582781456954	1.59872847682119	0.24805298013245	-137.472582781457	-0.973509933774833	20.7997350993378				0.624529801324503	-0.0645298013245033	-0.837721854304636	-77.3170860927152	26.5035761589404	76.6643708609272				1.10802649006623	0.451496688741722	0.469933774834437	-106.44821192053	-4.70807947019868	-32.5374834437086				0.367788079470199	0.129165562913907	-1.04423841059603	-26.8596026490066	-22.5223841059603	98.085298013245			
74	1760	0.615841059602649	0.0987549668874172	0.488476821192053	-160.966622516556	62.8553642384106	36.0550993377484				1.23295364238411	0.351788079470199	0.509139072847682	-104.286092715232	-17.8921854304636	-27.7459602649007				1.09382781456954	0.542728476821192	-0.0879470198675496	-29.112582781457	-24.4935099337748	40.9597350993377				0.480529801324503	-0.352529801324503	-0.853721854304636	-58.8370860927152	44.4235761589404	86.7443708609272				1.18802649006623	0.227496688741722	0.0859337748344371	-150.96821192053	-5.54807947019868	-33.0974834437086				0.303788079470199	0.241165562913907	-1.10823841059603	-41.4196026490066	-0.962384105960265	107.885298013245			
75	1780	0.903841059602649	0.258754966887417	0.488476821192053	-190.086622516556	95.3353642384106	43.8950993377483				0.784953642384106	0.303788079470199	0.0451390728476822	-94.7660927152318	-47.8521854304636	-26.0659602649007				0.709827814569536	0.110728476821192	-0.50394701986755	-4.19258278145695	-10.7735099337748	49.0797350993378				0.432529801324503	-0.480529801324503	-0.837721854304636	-39.5170860927152	61.2235761589404	84.5043708609272				1.12402649006623	0.243496688741722	-0.0900662251655629	-141.72821192053	-25.4280794701987	-27.7774834437086				0.223788079470199	0.353165562913907	-1.02823841059603	-47.5796026490066	21.4376158940397	119.085298013245			
76	1800	1.01584105960265	0.242754966887417	0.632476821192053	-185.606622516556	128.655364238411	65.7350993377484				0.656953642384106	0.255788079470199	0.0931390728476822	-112.966092715232	-5.57218543046358	-31.3859602649007				0.805827814569536	-0.209271523178808	-0.21594701986755	-112.272582781457	0.986490066225167	50.4797350993378				0.336529801324503	-0.336529801324503	-0.885721854304636	-58.5570860927152	62.3435761589404	71.0643708609272				0.852026490066225	0.211496688741722	0.0699337748344371	-118.76821192053	-11.9880794701987	-24.6974834437086				0.175788079470199	0.353165562913907	-0.916238410596027	-35.8196026490066	14.1576158940397	121.045298013245			
77	1820	0.887841059602649	0.146754966887417	0.600476821192053	-183.646622516556	158.895364238411	74.1350993377483				0.944953642384106	0.319788079470199	0.333139072847682	-103.446092715232	20.4678145695364	-24.6659602649007				0.917827814569536	0.126728476821192	0.0400529801324504	-90.992582781457	8.54649006622517	41.7997350993378				0.304529801324503	-0.224529801324503	-0.773721854304636	-77.5970860927152	46.9435761589404	62.3843708609272				0.708026490066225	0.275496688741722	0.101933774834437	-138.36821192053	-3.86807947019868	-30.5774834437086				0.0957880794701987	0.369165562913907	-0.788238410596027	-17.6196026490066	4.07761589403974	109.285298013245			
78	1840	0.887841059602649	0.274754966887417	0.584476821192053	-205.206622516556	178.215364238411	67.4150993377483				0.928953642384106	0.383788079470199	0.237139072847682	-86.3660927152318	1.70781456953642	-16.5459602649007				0.981827814569536	0.318728476821192	-0.15194701986755	-77.552582781457	16.9464900662252	46.8397350993378				0.384529801324503	-0.192529801324503	-0.693721854304636	-85.1570860927152	38.2635761589404	60.4243708609272				0.724026490066225	0.355496688741722	0.0859337748344371	-145.36821192053	5.09192052980133	-31.4174834437086				0.0477880794701987	0.353165562913907	-0.756238410596026	-21.5396026490066	4.35761589403974	100.325298013245			
79	1860	1.09584105960265	0.482754966887417	0.360476821192053	-208.286622516556	193.615364238411	49.4950993377484				0.672953642384106	0.287788079470199	0.109139072847682	-85.8060927152318	-1.65218543046358	-10.1059602649007				1.01382781456954	0.0787284768211921	-0.24794701986755	-70.272582781457	2.38649006622517	63.6397350993378				0.496529801324503	-0.224529801324503	-0.661721854304636	-72.2770860927152	54.5035761589404	62.3843708609272				0.804026490066225	0.387496688741722	0.117933774834437	-140.88821192053	12.6519205298013	-32.8174834437086				0.0957880794701987	0.321165562913907	-0.772238410596026	-37.4996026490066	7.99761589403974	95.565298013245			
80	1880	2.02384105960265	2.05075496688742	-1.94352317880795	-327.006622516556	65.6553642384106	-27.5049006622517				0.880953642384106	0.0637880794701987	0.157139072847682	-105.966092715232	39.7878145695364	-1.98596026490066				0.949827814569536	0.238728476821192	-0.0239470198675496	-96.872582781457	-5.17350993377483	65.5997350993378				0.640529801324503	-0.192529801324503	-0.645721854304636	-69.1970860927152	55.0635761589404	64.3443708609272				0.836026490066225	0.371496688741722	0.149933774834437	-129.12821192053	18.2519205298013	-34.7774834437086				0.143788079470199	0.257165562913907	-0.788238410596027	-43.6596026490066	7.15761589403974	94.4452980132451			
81	1900	0	0	0	0	0	0				0	0	0	0	0	0				0	0	0	0	0	0				0.880529801324503	-0.128529801324503	-0.805721854304636	-58.2770860927152	52.2635761589404	78.0643708609272				1.36402649006623	0.131496688741722	0.645933774834437	-76.7682119205298	33.3719205298013	-28.6174834437086				0.0797880794701987	0.0171655629139073	-1.14023841059603	-73.6196026490066	28.9976158940397	75.685298013245			
82	1920	0	0	0	0	0	0				0	0	0	0	0	0				0	0	0	0	0	0				1.0405298013245	-0.672529801324503	-0.821721854304636	-62.4770860927152	72.9835761589404	67.4243708609272				1.07602649006623	0.0514966887417219	0.0219337748344371	-96.0882119205298	4.53192052980133	-20.4974834437086				0.223788079470199	0.353165562913907	-1.47623841059603	-86.7796026490066	61.4776158940397	52.725298013245			
83	1940	0	0	0	0	0	0				0	0	0	0	0	0				0	0	0	0	0	0				0.960529801324503	-0.736529801324503	-0.405721854304636	-68.9170860927152	46.6635761589404	47.2643708609272				0.836026490066225	0.179496688741722	-0.0900662251655629	-87.1282119205298	47.0919205298013	-22.4574834437086				0.239788079470199	0.225165562913907	-1.12423841059603	15.4203973509934	30.6776158940397	68.965298013245			
84	1960	0	0	0	0	0	0				0	0	0	0	0	0				0	0	0	0	0	0				0.832529801324503	-0.112529801324503	-0.501721854304636	-83.7570860927152	10.5435761589404	44.7443708609272				0.980026490066225	-0.0125033112582781	0.565933774834437	-40.6482119205298	46.2519205298013	-18.2574834437086				0.319788079470199	-0.238834437086093	-0.932238410596026	10.9403973509934	-21.4023841059603	68.685298013245			
85	2100	0	0	0	0	0	0				0.944953642384106	0.0957880794701987	0.221139072847682	-28.6860927152318	-17.6121854304636	-9.82596026490066				0.901827814569536	0.0467284768211921	0.31205298013245	-50.392582781457	99.2664900662252	5.39973509933775				0.624529801324503	-0.240529801324503	-0.453721854304636	-10.9570860927152	19.2235761589404	40.5443708609272				0.868026490066225	-0.0125033112582781	0.293933774834437	-51.8482119205298	-11.4280794701987	7.22251655629139				0.191788079470199	-0.110834437086093	-0.852238410596026	-5.57960264900662	9.67761589403974	59.445298013245			
86	2120	0.919841059602649	-0.493245033112583	-0.023523178807947	37.2733774834437	43.8153642384106	24.8550993377483				0.800953642384106	0.0957880794701987	0.189139072847682	-8.52609271523179	-21.8121854304636	-10.1059602649007				1.14182781456954	-0.0492715231788079	-0.0879470198675496	-51.792582781457	113.826490066225	19.3997350993378				0.688529801324503	-0.272529801324503	-0.469721854304636	2.48291390728477	22.3035761589404	36.3443708609272				0.804026490066225	-0.0285033112582781	0.277933774834437	-50.7282119205298	-13.9480794701987	5.82251655629139				0.207788079470199	-0.0948344370860927	-0.836238410596026	-4.73960264900662	3.79761589403974	51.045298013245			
87	2140	1.04784105960265	-0.797245033112583	0.104476821192053	29.1533774834437	34.8553642384106	29.8950993377483				1.07295364238411	0.175788079470199	0.173139072847682	-0.126092715231788	-8.09218543046358	-6.74596026490066				2.02182781456954	0.110728476821192	-1.04794701986755	-20.152582781457	68.1864900662252	12.3997350993378				0.800529801324503	-0.256529801324503	-0.501721854304636	2.76291390728477	17.2635761589404	34.3843708609272				0.868026490066225	-0.0285033112582781	0.341933774834437	-50.1682119205298	-8.90807947019868	3.58251655629139				0.191788079470199	-0.0948344370860927	-0.836238410596026	-0.819602649006623	-6.84238410596027	38.725298013245			
88	2160	0.999841059602649	-0.589245033112583	0.216476821192053	-14.2466225165563	11.8953642384106	25.1350993377483				1.21695364238411	0.0637880794701987	0.525139072847682	6.03390728476821	12.0678145695364	-4.78596026490066				1.57382781456954	-0.321271523178808	-1.11194701986755	150.647417218543	-25.3335099337748	-6.92026490066225				0.896529801324503	-0.288529801324503	-0.741721854304636	12.2829139072848	23.1435761589404	37.7443708609272				1.17202649006623	0.0354966887417219	0.597933774834437	-58.8482119205298	-9.46807947019868	-2.85748344370861				0.271788079470199	-0.126834437086093	-1.01223841059603	-20.6996026490066	-2.92238410596027	21.925298013245			
89	2180	0.839841059602649	-0.141245033112583	0.264476821192053	-56.8066225165563	18.0553642384106	6.65509933774834				0.976953642384106	-0.0642119205298013	0.621139072847682	9.67390728476821	12.6278145695364	4.45403973509934				0.277827814569536	-0.849271523178808	-0.24794701986755	27.1674172185431	9.66649006622517	34.2397350993378				0.848529801324503	-0.656529801324503	-0.709721854304636	3.32291390728477	34.0635761589404	20.1043708609272				0.788026490066225	0.0354966887417219	0.117933774834437	-38.6882119205298	-11.9880794701987	0.782516556291392				0.335788079470199	0.0971655629139073	-1.02823841059603	7.58039735099338	1.55761589403974	23.325298013245			
90	2200	0.983841059602649	0.226754966887417	0.232476821192053	-76.6866225165563	27.8553642384106	-1.18490066225166				0.656953642384106	-0.0322119205298013	-0.0508609271523178	1.27390728476821	-43.3721854304636	9.21403973509934				0.597827814569536	-0.305271523178808	0.0240529801324504	-123.192582781457	24.5064900662252	54.1197350993378				0.720529801324503	-0.448529801324503	-0.565721854304636	-8.15708609271523	5.5035761589404	16.1843708609272				0.820026490066225	-0.0445033112582781	0.197933774834437	-7.0482119205298	4.81192052980133	0.502516556291392				0.271788079470199	-0.0788344370860927	-0.660238410596027	21.3003973509934	-12.7223841059603	29.765298013245			
91	2220	0.983841059602649	0.418754966887417	0.248476821192053	-34.1266225165563	18.8953642384106	1.89509933774834				0.816953642384106	-0.0642119205298013	-0.0188609271523178	-32.8860927152318	17.6678145695364	6.97403973509934				0.917827814569536	-0.00127152317880793	-0.00794701986754963	-193.472582781457	20.8664900662252	44.0397350993378				0.624529801324503	-0.0805298013245033	-0.629721854304636	-24.1170860927152	-4.5764238410596	19.5443708609272				0.820026490066225	0.0674966887417219	0.501933774834437	-23.2882119205298	-14.2280794701987	-3.41748344370861				0.335788079470199	-0.142834437086093	-0.756238410596026	-3.89960264900662	-17.2023841059603	21.925298013245			
92	2240	0.983841059602649	0.146754966887417	0.152476821192053	18.5133774834437	17.4953642384106	12.2550993377483				1.13695364238411	-0.0322119205298013	0.413139072847682	-24.2060927152318	11.2278145695364	3.05403973509934				0.917827814569536	0.494728476821192	0.0560529801324504	-92.112582781457	16.9464900662252	9.59973509933775				0.576529801324503	-0.0965298013245033	-0.565721854304636	-20.1970860927152	-4.5764238410596	27.9443708609272				0.884026490066225	0.0514966887417219	0.437933774834437	-11.5282119205298	-7.50807947019868	-1.17748344370861				0.287788079470199	-0.0948344370860927	-0.820238410596026	-1.37960264900662	-13.5623841059603	16.885298013245			
93	2260	1.01584105960265	-0.157245033112583	0.072476821192053	51.5533774834437	23.6553642384106	12.5350993377483				1.07295364238411	-0.0482119205298013	0.269139072847682	-2.92609271523179	-23.7721854304636	4.17403973509934				1.07782781456954	0.750728476821192	-0.0879470198675496	21.0074172185431	22.8264900662252	-12.5202649006623				0.656529801324503	-0.304529801324503	-0.549721854304636	6.68291390728477	8.8635761589404	31.3043708609272				1.01202649006623	-0.0125033112582781	0.261933774834437	-6.4882119205298	-5.82807947019868	4.70251655629139				0.271788079470199	-0.0468344370860927	-0.932238410596026	-15.0996026490066	8.55761589403974	16.885298013245			
94	2280	0.967841059602649	-0.317245033112583	0.056476821192053	50.1533774834437	24.4953642384106	10.2950993377483				0.944953642384106	-0.0162119205298013	0.189139072847682	2.39390728476821	-19.0121854304636	3.33403973509934				1.06182781456954	0.382728476821192	-0.27994701986755	68.047417218543	4.06649006622517	-6.92026490066225				0.704529801324503	-0.400529801324503	-0.597721854304636	10.0429139072848	18.1035761589404	28.7843708609272				0.980026490066225	-0.0765033112582781	0.277933774834437	3.8717880794702	-6.38807947019868	9.46251655629139				0.319788079470199	-0.0788344370860927	-0.964238410596026	-13.6996026490066	14.7176158940397	19.125298013245			
95	2300	0.919841059602649	-0.413245033112583	0.104476821192053	32.5133774834437	29.8153642384106	4.97509933774835				0.896953642384106	-0.0162119205298013	0.221139072847682	-2.08609271523179	-12.5721854304636	1.65403973509934				0.965827814569536	0.0307284768211921	-0.31194701986755	65.5274172185431	12.7464900662252	4.55973509933775				0.656529801324503	-0.336529801324503	-0.549721854304636	7.80291390728477	16.7035761589404	21.7843708609272				0.900026490066225	-0.0765033112582781	0.309933774834437	-9.5682119205298	-4.98807947019868	10.3025165562914				0.351788079470199	-0.110834437086093	-0.996238410596026	2.82039735099338	11.0776158940397	18.565298013245			
96	2320	0.935841059602649	-0.269245033112583	0.088476821192053	0.0333774834437086	26.1753642384106	-4.26490066225166				0.896953642384106	-0.000211920529801304	0.189139072847682	-7.68609271523179	-6.41218543046358	-2.26596026490066				1.02982781456954	-0.209271523178808	-0.16794701986755	31.927417218543	15.2664900662252	11.8397350993378				0.624529801324503	-0.288529801324503	-0.581721854304636	5.28291390728477	9.7035761589404	18.9843708609272				0.884026490066225	-0.0765033112582781	0.293933774834437	-9.2882119205298	-5.82807947019868	11.1425165562914				0.319788079470199	-0.126834437086093	-0.932238410596026	17.1003973509934	1.83761589403974	17.725298013245			
97	2340	0.983841059602649	-0.0932450331125828	0.024476821192053	-23.7666225165563	17.2153642384106	-6.22490066225166				0.976953642384106	0.0157880794701987	0.189139072847682	-11.6060927152318	4.50781456953642	-0.86596026490066				0.965827814569536	-0.353271523178808	-0.0719470198675496	10.087417218543	5.74649006622517	11.5597350993378				0.592529801324503	-0.320529801324503	-0.613721854304636	5.84291390728477	2.9835761589404	17.8643708609272				0.868026490066225	-0.0605033112582781	0.293933774834437	-14.3282119205298	-8.62807947019868	10.8625165562914				0.319788079470199	-0.142834437086093	-0.868238410596026	17.3803973509934	-9.92238410596027	17.725298013245			
98	2360	1.01584105960265	-0.0452450331125828	-0.023523178807947	-32.7266225165563	8.8153642384106	-6.78490066225166				0.992953642384106	0.0157880794701987	0.221139072847682	-9.64609271523179	-2.49218543046358	-3.66596026490066				0.949827814569536	-0.337271523178808	-0.00794701986754963	-0.552582781456954	-6.57350993377483	-1.60026490066225				0.608529801324503	-0.384529801324503	-0.613721854304636	11.7229139072848	0.1835761589404	13.3843708609272				0.900026490066225	-0.0445033112582781	0.309933774834437	-16.2882119205298	-5.82807947019868	8.90251655629139				0.303788079470199	-0.126834437086093	-0.852238410596026	17.9403973509934	-14.6823841059603	16.885298013245			
99	2380	0.983841059602649	0.0187549668874172	-0.00752317880794696	-26.0066225165563	7.9753642384106	-6.22490066225166				0.992953642384106	-0.000211920529801304	0.173139072847682	-10.2060927152318	-13.4121854304636	-3.10596026490066				1.01382781456954	-0.161271523178808	-0.0239470198675496	-6.99258278145695	-11.3335099337748	-8.04026490066225				0.656529801324503	-0.400529801324503	-0.613721854304636	14.8029139072848	3.2635761589404	15.3443708609272				0.948026490066225	-0.0125033112582781	0.309933774834437	-15.4482119205298	-2.46807947019868	7.78251655629139				0.255788079470199	-0.110834437086093	-0.820238410596026	13.4603973509934	-9.36238410596027	15.765298013245			
100	2400	0.935841059602649	-0.0132450331125828	0.040476821192053	-3.04662251655629	5.1753642384106	-7.06490066225166				1.02495364238411	0.0317880794701987	0.237139072847682	-13.5660927152318	-6.69218543046358	-1.42596026490066				0.997827814569536	0.0627284768211921	-0.0559470198675496	-27.152582781457	-11.0535099337748	-2.16026490066225				0.672529801324503	-0.416529801324503	-0.629721854304636	14.2429139072848	9.1435761589404	17.5843708609272				0.948026490066225	0.00349668874172187	0.277933774834437	-12.6482119205298	-3.02807947019868	6.10251655629139				0.223788079470199	-0.110834437086093	-0.804238410596027	5.06039735099338	2.67761589403974	13.805298013245			
101	2420	0.983841059602649	-0.157245033112583	0.072476821192053	11.7933774834437	2.9353642384106	-5.10490066225166				1.00895364238411	0.0317880794701987	0.205139072847682	-17.2060927152318	-11.1721854304636	1.09403973509934				0.981827814569536	0.174728476821192	-0.0239470198675496	-38.632582781457	-0.133509933774833	3.71973509933775				0.688529801324503	-0.448529801324503	-0.645721854304636	6.68291390728477	13.3435761589404	18.1443708609272				0.932026490066225	-0.0125033112582781	0.277933774834437	-6.2082119205298	-8.06807947019868	7.78251655629139				0.255788079470199	-0.110834437086093	-0.820238410596026	-4.73960264900662	13.5976158940397	12.405298013245			
102	2440	0.983841059602649	-0.189245033112583	0.104476821192053	9.55337748344371	4.0553642384106	-3.98490066225166				0.960953642384106	0.0477880794701987	0.237139072847682	-20.8460927152318	-4.45218543046358	1.09403973509934				0.981827814569536	0.110728476821192	-0.0399470198675496	-22.112582781457	1.26649006622517	2.87973509933775				0.672529801324503	-0.384529801324503	-0.645721854304636	-0.0370860927152318	9.7035761589404	17.0243708609272				0.932026490066225	-0.0285033112582781	0.293933774834437	-5.0882119205298	-5.82807947019868	6.38251655629139				0.319788079470199	-0.126834437086093	-0.884238410596026	-8.09960264900662	15.2776158940397	14.085298013245			
103	2460	0.983841059602649	-0.157245033112583	0.104476821192053	-2.48662251655629	0.135364238410596	-6.50490066225166				0.992953642384106	0.0477880794701987	0.269139072847682	-17.2060927152318	-5.29218543046358	0.81403973509934				0.981827814569536	0.0147284768211921	-0.10394701986755	-2.23258278145695	4.90649006622517	0.0797350993377501				0.624529801324503	-0.352529801324503	-0.693721854304636	-2.55708609271523	7.7435761589404	14.5043708609272				0.932026490066225	-0.0125033112582781	0.293933774834437	-5.3682119205298	-5.54807947019868	4.42251655629139				0.335788079470199	-0.110834437086093	-0.916238410596027	-0.539602649006623	7.71761589403974	15.205298013245			
104	2480	0.999841059602649	-0.109245033112583	0.152476821192053	-9.76662251655629	-4.3446357615894	-9.86490066225166				0.944953642384106	0.0477880794701987	0.189139072847682	-14.1260927152318	-9.21218543046358	-0.585960264900661				0.997827814569536	-0.0652715231788079	-0.0719470198675496	-2.23258278145695	3.50649006622517	-0.20026490066225				0.640529801324503	-0.384529801324503	-0.645721854304636	-3.67708609271523	4.6635761589404	9.74437086092715				0.932026490066225	-0.0125033112582781	0.277933774834437	-5.0882119205298	-3.58807947019868	3.02251655629139				0.319788079470199	-0.0948344370860927	-0.884238410596026	1.14039735099338	5.19761589403974	14.645298013245			
105	2500	0.951841059602649	-0.0132450331125828	0.168476821192053	-10.8866225165563	-4.9046357615894	-10.4249006622517				0.960953642384106	0.0477880794701987	0.173139072847682	-9.92609271523179	-7.81218543046358	-0.86596026490066				0.997827814569536	-0.113271523178808	-0.0559470198675496	-6.43258278145695	0.146490066225167	-1.04026490066225				0.640529801324503	-0.368529801324503	-0.645721854304636	-6.75708609271523	-0.0964238410596001	6.66437086092715				0.932026490066225	-0.0125033112582781	0.277933774834437	-9.0082119205298	0.891920529801325	0.502516556291392				0.335788079470199	-0.0788344370860927	-0.884238410596026	-6.13960264900662	7.99761589403974	14.365298013245			
106	2520	0.983841059602649	-0.0132450331125828	0.312476821192053	-10.0466225165563	0.415364238410596	-6.22490066225166				0.960953642384106	0.0477880794701987	0.173139072847682	-9.36609271523179	-5.57218543046358	0.53403973509934				0.981827814569536	-0.0332715231788079	-0.0719470198675496	-15.672582781457	-1.53350993377483	0.91973509933775				0.656529801324503	-0.352529801324503	-0.629721854304636	-6.75708609271523	-1.4964238410596	6.94437086092715				0.932026490066225	0.00349668874172187	0.293933774834437	-12.3682119205298	0.891920529801325	-0.897483443708608				0.319788079470199	-0.0628344370860927	-0.884238410596026	-2.49960264900662	4.63761589403974	11.285298013245			
107	2540	0.967841059602649	-0.0292450331125828	0.264476821192053	-13.6866225165563	-4.6246357615894	-2.30490066225166				0.976953642384106	0.0477880794701987	0.189139072847682	-9.64609271523179	-4.73218543046358	0.81403973509934				0.981827814569536	0.0307284768211921	-0.0879470198675496	-18.192582781457	-2.37350993377483	1.47973509933775				0.672529801324503	-0.352529801324503	-0.581721854304636	-4.23708609271523	-0.3764238410596	7.50437086092715				0.932026490066225	0.00349668874172187	0.293933774834437	-8.4482119205298	-0.788079470198675	-0.337483443708608				0.303788079470199	-0.0628344370860927	-0.884238410596026	-0.819602649006623	3.23761589403974	8.48529801324503			
108	2560	0.935841059602649	-0.0292450331125828	0.168476821192053	-12.0066225165563	-0.984635761589404	-1.74490066225166				0.976953642384106	0.0797880794701987	0.205139072847682	-6.00609271523179	-2.21218543046358	0.81403973509934				0.965827814569536	0.0627284768211921	-0.0879470198675496	-10.912582781457	-0.693509933774834	0.63973509933775				0.672529801324503	-0.352529801324503	-0.613721854304636	-1.15708609271523	4.3835761589404	9.18437086092715				0.948026490066225	0.00349668874172187	0.293933774834437	-5.3682119205298	-3.30807947019868	0.222516556291392				0.287788079470199	-0.0628344370860927	-0.884238410596026	0.580397350993377	4.07761589403974	5.12529801324503			
109	2580	0.951841059602649	-0.0932450331125828	0.248476821192053	1.43337748344371	2.0953642384106	-1.46490066225166				0.976953642384106	0.0797880794701987	0.189139072847682	-2.36609271523179	-3.61218543046358	1.65403973509934				0.965827814569536	0.0627284768211921	-0.0879470198675496	-8.11258278145695	1.82649006622517	-0.48026490066225				0.672529801324503	-0.368529801324503	-0.613721854304636	0.522913907284768	4.1035761589404	8.06437086092715				0.948026490066225	0.00349668874172187	0.261933774834437	-3.1282119205298	-3.02807947019868	0.222516556291392				0.287788079470199	-0.0628344370860927	-0.916238410596027	-1.37960264900662	4.35761589403974	1.76529801324503			
110	2600	0.967841059602649	-0.0772450331125828	0.248476821192053	8.99337748344371	2.9353642384106	-2.86490066225166				0.976953642384106	0.0637880794701987	0.141139072847682	-1.24609271523179	-2.49218543046358	2.21403973509934				0.965827814569536	0.0467284768211921	-0.0879470198675496	-0.272582781456954	5.18649006622517	-0.76026490066225				0.656529801324503	-0.336529801324503	-0.613721854304636	-0.877086092715232	3.2635761589404	3.86437086092715				0.932026490066225	0.00349668874172187	0.293933774834437	-4.2482119205298	-1.90807947019868	-0.0574834437086077				0.287788079470199	-0.0948344370860927	-0.916238410596027	-0.259602649006623	3.23761589403974	-1.87470198675497			
111	2620	0.967841059602649	-0.0612450331125828	0.200476821192053	4.79337748344371	1.5353642384106	-3.70490066225166				0.976953642384106	0.0477880794701987	0.189139072847682	-1.24609271523179	0.0278145695364242	1.37403973509934				0.981827814569536	0.0307284768211921	-0.0719470198675496	4.20741721854305	5.74649006622517	-1.04026490066225				0.688529801324503	-0.320529801324503	-0.613721854304636	-2.55708609271523	0.4635761589404	1.06437086092715				0.932026490066225	0.00349668874172187	0.325933774834437	-4.2482119205298	0.0519205298013249	-0.337483443708608				0.319788079470199	-0.0948344370860927	-0.932238410596026	1.98039735099338	-2.92238410596027	-2.99470198675497			
112	2640	0.983841059602649	-0.0612450331125828	0.184476821192053	-4.44662251655629	0.695364238410596	-4.26490066225166				0.960953642384106	0.0477880794701987	0.205139072847682	-0.406092715231788	3.38781456953642	1.93403973509934				0.997827814569536	-0.00127152317880793	-0.0879470198675496	6.16741721854305	5.74649006622517	0.35973509933775				0.672529801324503	-0.336529801324503	-0.613721854304636	3.32291390728477	-1.4964238410596	1.34437086092715				0.964026490066225	0.00349668874172187	0.261933774834437	-4.5282119205298	-1.90807947019868	-0.617483443708608				0.303788079470199	-0.0788344370860927	-0.932238410596026	5.34039735099338	-6.28238410596027	-2.71470198675497			
113	2660	0.983841059602649	-0.0612450331125828	0.184476821192053	-2.48662251655629	-0.424635761589404	-2.86490066225166				0.960953642384106	0.0637880794701987	0.189139072847682	0.153907284768212	5.06781456953642	2.21403973509934				0.997827814569536	-0.0172715231788079	-0.0559470198675496	2.24741721854305	3.50649006622517	0.63973509933775				0.672529801324503	-0.368529801324503	-0.613721854304636	5.28291390728477	-0.3764238410596	2.46437086092715				0.932026490066225	0.00349668874172187	0.277933774834437	0.231788079470198	-1.62807947019868	-0.0574834437086077				0.303788079470199	-0.0788344370860927	-0.900238410596026	3.94039735099338	-6.28238410596027	-1.03470198675497			
114	2680	0.967841059602649	-0.0452450331125828	0.184476821192053	5.07337748344371	0.135364238410596	-2.02490066225166				0.992953642384106	0.0477880794701987	0.189139072847682	2.67390728476821	7.02781456953642	1.65403973509934				0.997827814569536	-0.0172715231788079	-0.0559470198675496	3.36741721854305	-0.133509933774833	0.63973509933775				0.640529801324503	-0.368529801324503	-0.613721854304636	3.88291390728477	-1.2164238410596	2.74437086092715				0.932026490066225	-0.0125033112582781	0.293933774834437	-0.328211920529802	0.0519205298013249	0.782516556291392				0.303788079470199	-0.0948344370860927	-0.884238410596026	4.78039735099338	-7.12238410596027	-0.754701986754968			
115	2700	0.967841059602649	-0.0612450331125828	0.168476821192053	7.03337748344371	1.5353642384106	-1.46490066225166				0.992953642384106	0.0637880794701987	0.221139072847682	7.99390728476821	5.34781456953642	1.65403973509934				0.965827814569536	0.0307284768211921	-0.0719470198675496	7.56741721854305	0.426490066225167	-1.04026490066225				0.640529801324503	-0.384529801324503	-0.629721854304636	1.92291390728477	-0.3764238410596	1.34437086092715				0.900026490066225	0.00349668874172187	0.309933774834437	2.1917880794702	1.73192052980133	-0.897483443708608				0.303788079470199	-0.110834437086093	-0.852238410596026	5.34039735099338	-4.60238410596027	-1.03470198675497			
116	2720	0.983841059602649	-0.0612450331125828	0.168476821192053	6.19337748344371	0.695364238410596	-1.46490066225166				0.960953642384106	0.0477880794701987	0.189139072847682	10.5139072847682	1.42781456953642	1.93403973509934				0.965827814569536	0.0467284768211921	-0.0399470198675496	3.36741721854305	2.66649006622517	-1.04026490066225				0.656529801324503	-0.352529801324503	-0.613721854304636	-0.877086092715232	-0.9364238410596	1.90437086092715				0.916026490066225	0.00349668874172187	0.293933774834437	4.4317880794702	0.331920529801325	0.502516556291392				0.303788079470199	-0.110834437086093	-0.852238410596026	1.14039735099338	-2.08238410596027	-1.31470198675497			
117	2740	0.983841059602649	-0.0932450331125828	0.136476821192053	4.23337748344371	-2.1046357615894	-1.18490066225166				0.976953642384106	0.0477880794701987	0.189139072847682	7.15390728476821	4.78781456953642	0.53403973509934				0.981827814569536	0.0147284768211921	-0.0559470198675496	7.00741721854305	2.38649006622517	-0.20026490066225				0.656529801324503	-0.368529801324503	-0.613721854304636	1.64291390728477	-1.7764238410596	2.74437086092715				0.932026490066225	-0.0285033112582781	0.293933774834437	-0.0482119205298018	2.57192052980133	-0.617483443708608				0.335788079470199	-0.0948344370860927	-0.868238410596026	-2.77960264900662	-2.36238410596027	-1.59470198675497			
118	2760	0.967841059602649	-0.0772450331125828	0.136476821192053	2.55337748344371	-3.2246357615894	-0.904900662251656				0.992953642384106	0.0477880794701987	0.221139072847682	7.43390728476821	3.38781456953642	0.53403973509934				0.997827814569536	0.0147284768211921	-0.0719470198675496	9.80741721854305	3.22649006622517	-0.20026490066225				0.656529801324503	-0.368529801324503	-0.629721854304636	1.92291390728477	-2.0564238410596	2.18437086092715				0.932026490066225	-0.0125033112582781	0.325933774834437	1.0717880794702	3.69192052980133	-2.85748344370861				0.351788079470199	-0.0948344370860927	-0.900238410596026	1.98039735099338	-4.32238410596027	-2.71470198675497			
119	2780	0.967841059602649	-0.0932450331125828	0.152476821192053	3.39337748344371	-1.5446357615894	-1.18490066225166				0.976953642384106	0.0317880794701987	0.221139072847682	9.39390728476821	1.14781456953642	1.09403973509934				0.997827814569536	-0.0172715231788079	-0.0719470198675496	8.40741721854305	3.78649006622517	-0.48026490066225				0.672529801324503	-0.368529801324503	-0.613721854304636	-0.317086092715232	-0.0964238410596001	-0.0556291390728476				0.932026490066225	0.00349668874172187	0.309933774834437	1.0717880794702	1.17192052980133	-2.01748344370861				0.319788079470199	-0.0948344370860927	-0.884238410596026	1.70039735099338	-2.64238410596027	-3.55470198675497			
120	2800	0.951841059602649	-0.0772450331125828	0.168476821192053	3.95337748344371	-0.984635761589404	-1.46490066225166				0.992953642384106	0.0157880794701987	0.205139072847682	9.11390728476821	2.26781456953642	0.81403973509934				0.981827814569536	-0.0172715231788079	-0.0559470198675496	7.00741721854305	2.38649006622517	-1.04026490066225				0.672529801324503	-0.320529801324503	-0.597721854304636	-1.99708609271523	-0.6564238410596	-0.895629139072848				0.932026490066225	0.00349668874172187	0.325933774834437	4.4317880794702	2.85192052980133	-0.897483443708608				0.319788079470199	-0.0948344370860927	-0.868238410596026	0.580397350993377	-0.682384105960265	-3.27470198675497			
121	2820	0.951841059602649	-0.0772450331125828	0.184476821192053	5.07337748344371	0.695364238410596	-1.74490066225166				0.976953642384106	0.0317880794701987	0.237139072847682	4.07390728476821	1.70781456953642	-0.0259602649006601				0.981827814569536	-0.0172715231788079	-0.0239470198675496	3.08741721854305	3.50649006622517	-1.32026490066225				0.656529801324503	-0.320529801324503	-0.613721854304636	-1.71708609271523	-1.4964238410596	-1.45562913907285				0.932026490066225	0.00349668874172187	0.325933774834437	3.0317880794702	0.611920529801325	-1.17748344370861				0.351788079470199	-0.110834437086093	-0.884238410596026	-1.09960264900662	-0.402384105960265	-2.15470198675497			
122	2840	0.967841059602649	-0.0932450331125828	0.168476821192053	2.55337748344371	1.2553642384106	-2.30490066225166				0.976953642384106	0.0157880794701987	0.269139072847682	2.95390728476821	0.0278145695364242	1.09403973509934				0.981827814569536	-0.00127152317880793	-0.0559470198675496	1.68741721854305	2.66649006622517	-2.16026490066225				0.656529801324503	-0.336529801324503	-0.597721854304636	-0.317086092715232	-0.9364238410596	-1.17562913907285				0.932026490066225	0.0194966887417219	0.309933774834437	4.1517880794702	-0.508079470198675	-0.337483443708608				0.351788079470199	-0.0948344370860927	-0.884238410596026	1.14039735099338	-1.24238410596026	-2.43470198675497			
123	2860	0.983841059602649	-0.0772450331125828	0.152476821192053	1.99337748344371	1.2553642384106	-2.30490066225166				0.976953642384106	0.0477880794701987	0.221139072847682	1.27390728476821	0.867814569536424	0.53403973509934				0.981827814569536	-0.00127152317880793	-0.0559470198675496	1.40741721854305	3.22649006622517	-1.32026490066225				0.640529801324503	-0.336529801324503	-0.613721854304636	2.48291390728477	0.7435761589404	1.06437086092715				0.932026490066225	0.00349668874172187	0.309933774834437	3.5917880794702	1.17192052980133	-0.0574834437086077				0.335788079470199	-0.0948344370860927	-0.868238410596026	1.98039735099338	-1.24238410596026	-1.03470198675497			
124	2880	0.967841059602649	-0.0772450331125828	0.136476821192053	1.71337748344371	0.695364238410596	-2.30490066225166				0.976953642384106	0.0317880794701987	0.221139072847682	0.713907284768212	1.70781456953642	1.37403973509934				0.981827814569536	-0.00127152317880793	-0.0399470198675496	1.40741721854305	2.94649006622517	-1.32026490066225				0.640529801324503	-0.352529801324503	-0.613721854304636	3.32291390728477	2.1435761589404	-0.335629139072848				0.916026490066225	0.00349668874172187	0.309933774834437	4.1517880794702	0.891920529801325	-0.337483443708608				0.351788079470199	-0.110834437086093	-0.868238410596026	-1.93960264900662	2.11761589403974	-1.03470198675497			
125	2900	0.983841059602649	-0.0772450331125828	0.168476821192053	0.873377483443709	0.135364238410596	-2.86490066225166				0.976953642384106	0.0317880794701987	0.221139072847682	1.55390728476821	1.42781456953642	1.09403973509934				0.981827814569536	0.0147284768211921	-0.0399470198675496	2.80741721854305	2.38649006622517	-1.88026490066225				0.656529801324503	-0.352529801324503	-0.597721854304636	1.08291390728477	2.7035761589404	-0.615629139072848				0.932026490066225	0.00349668874172187	0.341933774834437	1.6317880794702	0.611920529801325	-0.337483443708608				0.351788079470199	-0.0948344370860927	-0.868238410596026	-0.819602649006623	2.95761589403974	-0.754701986754968			
126	2920	0.967841059602649	-0.0612450331125828	0.184476821192053	1.15337748344371	-0.704635761589404	-2.30490066225166				0.976953642384106	0.0477880794701987	0.221139072847682	1.27390728476821	1.98781456953642	0.53403973509934				0.997827814569536	-0.00127152317880793	-0.0239470198675496	3.64741721854305	2.38649006622517	-2.72026490066225				0.656529801324503	-0.336529801324503	-0.597721854304636	1.36291390728477	2.4235761589404	0.224370860927152				0.916026490066225	0.00349668874172187	0.309933774834437	1.0717880794702	1.73192052980133	-0.617483443708608				0.351788079470199	-0.0948344370860927	-0.884238410596026	-0.539602649006623	4.07761589403974	0.365298013245032			
127	2940	0.951841059602649	-0.0612450331125828	0.184476821192053	1.43337748344371	-0.144635761589404	-2.86490066225166				0.976953642384106	0.0317880794701987	0.237139072847682	-0.966092715231788	1.70781456953642	1.09403973509934				0.981827814569536	-0.00127152317880793	-0.0239470198675496	1.12741721854305	1.26649006622517	-3.00026490066225				0.656529801324503	-0.352529801324503	-0.597721854304636	0.522913907284768	1.3035761589404	2.46437086092715				0.916026490066225	0.00349668874172187	0.341933774834437	0.231788079470198	0.891920529801325	-0.337483443708608				0.351788079470199	-0.0948344370860927	-0.900238410596026	0.0203973509933773	2.95761589403974	1.48529801324503			
128	2960	0	0	0	0	0	0				0	0	0	0	0	0				0	0	0	0	0	0				0.656529801324503	-0.352529801324503	-0.613721854304636	1.08291390728477	2.1435761589404	4.14437086092715				0.932026490066225	0.00349668874172187	0.309933774834437	0.791788079470198	-0.508079470198675	0.502516556291392				0.351788079470199	-0.0788344370860927	-0.884238410596026	-0.539602649006623	1.55761589403974	2.04529801324503			
129	2980	0	0	0	0	0	0				0	0	0	0	0	0				0	0	0	0	0	0				0.640529801324503	-0.368529801324503	-0.645721854304636	3.32291390728477	2.9835761589404	3.86437086092715				0	0	0	0	0	0				0	0	0	0	0	0			
130	3120	0.967841059602649	-0.0452450331125828	0.184476821192053	0.593377483443709	-0.984635761589404	-3.42490066225166				0.976953642384106	0.0637880794701987	0.253139072847682	4.91390728476821	2.26781456953642	2.77403973509934				0.981827814569536	0.0307284768211921	-0.0399470198675496	1.68741721854305	0.986490066225167	-1.88026490066225				0	0	0	0	0	0				0	0	0	0	0	0				0	0	0	0	0	0			
131	3140	0.967841059602649	-0.0292450331125828	0.200476821192053	1.43337748344371	-0.424635761589404	-3.14490066225166				0.960953642384106	0.0797880794701987	0.221139072847682	4.35390728476821	4.22781456953642	1.65403973509934				0.997827814569536	0.0307284768211921	-0.0559470198675496	5.32741721854305	-0.973509933774833	-1.88026490066225				0	0	0	0	0	0				0.916026490066225	0.0194966887417219	0.309933774834437	5.5517880794702	2.01192052980133	1.90251655629139				0.319788079470199	-0.0788344370860927	-0.868238410596026	3.38039735099338	-0.122384105960265	-5.51470198675497			
132	3160	0.967841059602649	-0.0132450331125828	0.216476821192053	3.39337748344371	0.135364238410596	-2.30490066225166				0.960953642384106	0.0797880794701987	0.237139072847682	4.91390728476821	5.90781456953642	2.77403973509934				0.981827814569536	0.0467284768211921	-0.0559470198675496	4.20741721854305	0.426490066225167	-1.60026490066225				0.704529801324503	-0.320529801324503	-0.613721854304636	5.28291390728477	-0.0964238410596001	-3.69562913907285				0.916026490066225	0.0354966887417219	0.325933774834437	6.6717880794702	2.01192052980133	1.34251655629139				0.335788079470199	-0.0948344370860927	-0.852238410596026	1.98039735099338	-1.24238410596026	-7.47470198675497			
133	3180	0.967841059602649	-0.0292450331125828	0.200476821192053	5.35337748344371	0.135364238410596	-1.74490066225166				0.976953642384106	0.0477880794701987	0.269139072847682	5.47390728476821	5.62781456953642	2.49403973509934				0.981827814569536	0.0627284768211921	-0.0399470198675496	3.36741721854305	2.10649006622517	-1.60026490066225				0.704529801324503	-0.336529801324503	-0.597721854304636	4.44291390728477	-2.0564238410596	-6.21562913907285				0.916026490066225	0.0194966887417219	0.341933774834437	6.6717880794702	0.331920529801325	0.222516556291392				0.351788079470199	-0.0948344370860927	-0.884238410596026	2.54039735099338	-1.80238410596026	-7.47470198675497			
134	3200	0.983841059602649	-0.0292450331125828	0.184476821192053	3.95337748344371	-0.144635761589404	-2.58490066225166				0.960953642384106	0.0637880794701987	0.269139072847682	5.47390728476821	4.78781456953642	1.65403973509934				0.981827814569536	0.0467284768211921	-0.0559470198675496	5.88741721854305	2.38649006622517	-1.88026490066225				0.688529801324503	-0.336529801324503	-0.629721854304636	2.76291390728477	-3.4564238410596	-5.65562913907285				0.932026490066225	0.0194966887417219	0.325933774834437	9.7517880794702	0.331920529801325	-0.0574834437086077				0.351788079470199	-0.0788344370860927	-0.884238410596026	3.66039735099338	-3.48238410596027	-7.47470198675497			
135	3220	0.967841059602649	-0.0292450331125828	0.168476821192053	4.23337748344371	-0.144635761589404	-1.18490066225166				0.976953642384106	0.0477880794701987	0.253139072847682	6.87390728476821	5.06781456953642	0.81403973509934				0.981827814569536	0.0307284768211921	-0.0399470198675496	8.40741721854305	2.10649006622517	-1.60026490066225				0.656529801324503	-0.336529801324503	-0.613721854304636	3.32291390728477	-2.8964238410596	-5.09562913907285				0.900026490066225	0.0194966887417219	0.341933774834437	10.8717880794702	1.45192052980132	0.222516556291392				0.367788079470199	-0.0788344370860927	-0.852238410596026	3.38039735099338	-2.64238410596027	-7.19470198675497			
136	3240	0.983841059602649	-0.0452450331125828	0.168476821192053	5.35337748344371	-0.424635761589404	-1.18490066225166				0.976953642384106	0.0477880794701987	0.237139072847682	7.43390728476821	3.66781456953642	-0.30596026490066				0.997827814569536	0.0307284768211921	-0.0239470198675496	7.56741721854305	2.10649006622517	-1.32026490066225				0.672529801324503	-0.336529801324503	-0.613721854304636	1.36291390728477	-3.4564238410596	-5.65562913907285				0.916026490066225	0.0194966887417219	0.325933774834437	11.1517880794702	2.29192052980133	-0.0574834437086077				0.367788079470199	-0.0948344370860927	-0.852238410596026	2.26039735099338	-2.08238410596027	-7.75470198675497			
137	3260	0.967841059602649	-0.0452450331125828	0.152476821192053	5.63337748344371	0.135364238410596	-1.18490066225166				0.960953642384106	0.0637880794701987	0.253139072847682	7.99390728476821	2.82781456953642	0.81403973509934				0.997827814569536	0.0307284768211921	-0.0239470198675496	7.84741721854305	1.26649006622517	-1.88026490066225				0.672529801324503	-0.320529801324503	-0.581721854304636	3.04291390728477	-3.1764238410596	-3.97562913907285				0.916026490066225	0.0194966887417219	0.325933774834437	6.1117880794702	2.01192052980133	-1.73748344370861				0.367788079470199	-0.0948344370860927	-0.868238410596026	1.14039735099338	-0.962384105960265	-9.15470198675497			
138	3280	0.951841059602649	-0.0452450331125828	0.168476821192053	4.79337748344371	0.415364238410596	-1.18490066225166				0.960953642384106	0.0477880794701987	0.237139072847682	7.15390728476821	3.38781456953642	0.81403973509934				0.981827814569536	0.0147284768211921	-0.0239470198675496	6.44741721854305	0.426490066225167	-1.32026490066225				0.656529801324503	-0.352529801324503	-0.629721854304636	3.04291390728477	-2.3364238410596	-3.13562913907285				0.916026490066225	0.0194966887417219	0.341933774834437	7.5117880794702	0.891920529801325	-1.45748344370861				0.383788079470199	-0.0948344370860927	-0.884238410596026	-0.259602649006623	-2.36238410596027	-8.03470198675497			
139	3300	0.967841059602649	-0.0292450331125828	0.168476821192053	3.95337748344371	0.135364238410596	-0.904900662251656				0.976953642384106	0.0317880794701987	0.269139072847682	4.91390728476821	2.54781456953642	-0.0259602649006601				0.997827814569536	0.0147284768211921	-0.00794701986754963	4.48741721854305	-0.133509933774833	-1.60026490066225				0.640529801324503	-0.336529801324503	-0.613721854304636	-1.15708609271523	-4.0164238410596	-3.69562913907285				0.932026490066225	0.0194966887417219	0.357933774834437	5.5517880794702	2.29192052980133	-2.29748344370861				0.383788079470199	-0.110834437086093	-0.884238410596026	-0.539602649006623	-2.64238410596027	-6.35470198675497			
140	3320	0.983841059602649	-0.0452450331125828	0.136476821192053	1.43337748344371	-0.984635761589404	-1.46490066225166				0.976953642384106	0.0317880794701987	0.253139072847682	4.35390728476821	0.587814569536424	-0.30596026490066				0.981827814569536	0.0147284768211921	-0.0399470198675496	5.04741721854305	0.706490066225167	-1.04026490066225				0.656529801324503	-0.336529801324503	-0.629721854304636	0.522913907284768	-2.3364238410596	-0.335629139072848				0.932026490066225	0.0194966887417219	0.325933774834437	4.9917880794702	0.0519205298013249	-1.73748344370861				0.367788079470199	-0.0948344370860927	-0.884238410596026	0.0203973509933773	-0.682384105960265	-4.39470198675497			
