No	Time	12-AccX	12-AccY	12-AccZ	12-GyroX	12-GyroY	12-GyroZ	13-AccX	13-AccY	13-AccZ	13-GyroX	13-GyroY	13-GyroZ	14-AccX	14-AccY	14-AccZ	14-GyroX	14-GyroY	14-GyroZ	15-AccX	15-AccY	15-AccZ	15-GyroX	15-GyroY	15-GyroZ	16-AccX	16-AccY	16-AccZ	16-GyroX	16-GyroY	16-GyroZ	17-AccX	17-AccY	17-AccZ	17-GyroX	17-GyroY	17-GyroZ
0	120	0	0	0	0	0	0				0.992953642384106	0.0317880794701987	0.0931390728476822	2.39390728476821	-2.77218543046358	0.25403973509934				0	0	0	0	0	0				0	0	0	0	0	0				0	0	0	0	0	0				0	0	0	0	0	0			
1	140	0.967841059602649	-0.0452450331125828	0.232476821192053	-1.08662251655629	4.0553642384106	-0.624900662251656				0.992953642384106	0.0477880794701987	0.0931390728476822	4.35390728476821	-3.89218543046358	-0.0259602649006601				0.997827814569536	0.0627284768211921	0.0400529801324504	1.40741721854305	0.706490066225167	-0.76026490066225				0	0	0	0	0	0				0	0	0	0	0	0				0	0	0	0	0	0			
2	160	0.967841059602649	-0.0292450331125828	0.232476821192053	-2.20662251655629	3.2153642384106	-0.904900662251656				0.976953642384106	0.0477880794701987	0.109139072847682	3.79390728476821	-2.49218543046358	0.53403973509934				0.981827814569536	0.0467284768211921	0.0400529801324504	0.847417218543046	-0.413509933774833	-0.48026490066225				0	0	0	0	0	0				0.980026490066225	0.00349668874172187	0.0859337748344371	-0.328211920529802	-3.58807947019868	0.222516556291392				0.319788079470199	-0.190834437086093	-0.884238410596026	-2.49960264900662	-0.962384105960265	-2.43470198675497			
3	180	0.967841059602649	-0.0292450331125828	0.216476821192053	0.593377483443709	0.695364238410596	0.215099337748344				0.976953642384106	0.0477880794701987	0.109139072847682	3.79390728476821	-1.65218543046358	0.81403973509934				0.981827814569536	0.0627284768211921	0.0560529801324504	0.287417218543046	0.986490066225167	0.63973509933775				0.496529801324503	-0.272529801324503	-0.789721854304636	1.64291390728477	-0.9364238410596	0.224370860927152				0.948026490066225	0.0194966887417219	0.101933774834437	-0.328211920529802	0.0519205298013249	-0.617483443708608				0.303788079470199	-0.174834437086093	-0.900238410596026	-2.49960264900662	0.717615894039735	-2.71470198675497			
4	200	0.967841059602649	-0.0452450331125828	0.232476821192053	1.71337748344371	-0.144635761589404	0.495099337748344				0.992953642384106	0.0317880794701987	0.109139072847682	2.39390728476821	-0.252185430463576	0.81403973509934				0.997827814569536	0.0627284768211921	0.0400529801324504	-0.832582781456954	1.54649006622517	0.35973509933775				0.496529801324503	-0.272529801324503	-0.773721854304636	-0.597086092715232	-1.7764238410596	-0.335629139072848				0.948026490066225	0.00349668874172187	0.0699337748344371	-0.328211920529802	-1.34807947019868	-0.0574834437086077				0.303788079470199	-0.158834437086093	-0.884238410596026	0.300397350993377	1.27761589403974	-4.11470198675497			
5	220	0.951841059602649	-0.0612450331125828	0.232476821192053	0.593377483443709	-0.424635761589404	-0.344900662251656				0.992953642384106	0.0317880794701987	0.109139072847682	2.95390728476821	-1.37218543046358	0.53403973509934				0.997827814569536	0.0627284768211921	0.0400529801324504	1.12741721854305	2.38649006622517	0.35973509933775				0.480529801324503	-0.240529801324503	-0.773721854304636	0.242913907284768	-1.4964238410596	-0.615629139072848				0.964026490066225	0.0194966887417219	0.101933774834437	-2.8482119205298	0.611920529801325	-0.617483443708608				0.303788079470199	-0.174834437086093	-0.868238410596026	3.38039735099338	-1.24238410596026	-2.99470198675497			
6	240	0.967841059602649	-0.0452450331125828	0.232476821192053	1.43337748344371	0.135364238410596	-1.18490066225166				0.992953642384106	0.0317880794701987	0.0931390728476822	0.433907284768212	-1.09218543046358	-0.0259602649006601				0.997827814569536	0.0627284768211921	0.0560529801324504	1.12741721854305	0.986490066225167	-0.20026490066225				0.480529801324503	-0.240529801324503	-0.789721854304636	2.76291390728477	1.0235761589404	0.504370860927152				0.964026490066225	0.0194966887417219	0.0699337748344371	-0.0482119205298018	2.01192052980133	-0.337483443708608				0.303788079470199	-0.206834437086093	-0.868238410596026	1.42039735099338	-1.24238410596026	-2.43470198675497			
7	260	0.967841059602649	-0.0452450331125828	0.232476821192053	0.0333774834437086	0.975364238410596	-1.18490066225166				0.992953642384106	0.0317880794701987	0.109139072847682	-0.406092715231788	-1.09218543046358	0.53403973509934				0.981827814569536	0.0467284768211921	0.0400529801324504	2.52741721854305	1.54649006622517	-0.20026490066225				0.480529801324503	-0.272529801324503	-0.773721854304636	4.44291390728477	2.4235761589404	1.06437086092715				0.980026490066225	0.00349668874172187	0.0859337748344371	3.0317880794702	1.45192052980132	1.34251655629139				0.319788079470199	-0.190834437086093	-0.884238410596026	-0.819602649006623	-0.122384105960265	-0.474701986754968			
8	280	0.951841059602649	-0.0612450331125828	0.216476821192053	-1.08662251655629	-0.144635761589404	-2.02490066225166				0.992953642384106	0.0317880794701987	0.0931390728476822	-0.966092715231788	-4.17218543046358	1.37403973509934				0.997827814569536	0.0467284768211921	0.0560529801324504	0.567417218543046	0.426490066225167	-1.04026490066225				0.496529801324503	-0.256529801324503	-0.773721854304636	1.64291390728477	0.4635761589404	-0.335629139072848				0.980026490066225	0.00349668874172187	0.0859337748344371	4.7117880794702	0.611920529801325	1.62251655629139				0.319788079470199	-0.190834437086093	-0.884238410596026	-1.09960264900662	1.55761589403974	-1.31470198675497			
9	300	0.951841059602649	-0.0452450331125828	0.248476821192053	-0.806622516556291	-0.144635761589404	-1.18490066225166				0.976953642384106	0.0477880794701987	0.0771390728476822	-2.64609271523179	-2.77218543046358	0.81403973509934				0.997827814569536	0.0627284768211921	0.0560529801324504	1.96741721854305	0.426490066225167	-0.76026490066225				0.496529801324503	-0.272529801324503	-0.789721854304636	1.08291390728477	-1.4964238410596	-1.45562913907285				0.964026490066225	-0.0125033112582781	0.0859337748344371	1.9117880794702	-0.508079470198675	1.62251655629139				0.335788079470199	-0.174834437086093	-0.884238410596026	0.0203973509933773	2.11761589403974	-1.87470198675497			
10	320	0.951841059602649	-0.0452450331125828	0.216476821192053	-0.246622516556291	1.2553642384106	-1.74490066225166				0.976953642384106	0.0477880794701987	0.0931390728476822	-1.52609271523179	-1.37218543046358	0.53403973509934				0.981827814569536	0.0467284768211921	0.0400529801324504	-1.95258278145695	-0.413509933774833	0.91973509933775				0.496529801324503	-0.256529801324503	-0.773721854304636	0.802913907284768	-1.2164238410596	-1.45562913907285				0.964026490066225	0.00349668874172187	0.0859337748344371	-0.0482119205298018	-1.62807947019868	1.90251655629139				0.335788079470199	-0.174834437086093	-0.900238410596026	1.42039735099338	1.27761589403974	-2.15470198675497			
11	340	0.967841059602649	-0.0452450331125828	0.232476821192053	-1.08662251655629	0.415364238410596	-1.18490066225166				0.976953642384106	0.0477880794701987	0.0931390728476822	0.433907284768212	-1.93218543046358	2.21403973509934				0.981827814569536	0.0467284768211921	0.0240529801324504	-2.51258278145695	1.82649006622517	-0.20026490066225				0.480529801324503	-0.256529801324503	-0.773721854304636	4.16291390728477	0.4635761589404	-1.45562913907285				0.964026490066225	0.00349668874172187	0.101933774834437	2.7517880794702	-1.34807947019868	1.06251655629139				0.319788079470199	-0.174834437086093	-0.884238410596026	2.54039735099338	-0.122384105960265	-2.15470198675497			
12	360	0.967841059602649	-0.0452450331125828	0.216476821192053	-2.20662251655629	1.2553642384106	-0.624900662251656				0.992953642384106	0.0477880794701987	0.0931390728476822	1.83390728476821	-1.09218543046358	1.65403973509934				0.981827814569536	0.0627284768211921	0.0560529801324504	-3.63258278145695	1.82649006622517	-0.48026490066225				0.480529801324503	-0.272529801324503	-0.789721854304636	5.28291390728477	-0.0964238410596001	-0.335629139072848				0.964026490066225	0.00349668874172187	0.101933774834437	2.7517880794702	-1.34807947019868	1.90251655629139				0.319788079470199	-0.174834437086093	-0.884238410596026	-0.259602649006623	-0.122384105960265	-1.59470198675497			
13	380	0.951841059602649	-0.0452450331125828	0.232476821192053	-0.806622516556291	0.975364238410596	-0.624900662251656				0.992953642384106	0.0317880794701987	0.0771390728476822	0.993907284768212	-1.65218543046358	0.81403973509934				0.981827814569536	0.0787284768211921	0.0400529801324504	-2.23258278145695	0.986490066225167	-0.20026490066225				0.496529801324503	-0.272529801324503	-0.789721854304636	2.48291390728477	-0.9364238410596	-0.895629139072848				0.964026490066225	0.0194966887417219	0.0859337748344371	1.0717880794702	-2.18807947019868	2.18251655629139				0.335788079470199	-0.190834437086093	-0.884238410596026	0.580397350993377	-0.122384105960265	-1.31470198675497			
14	400	0.967841059602649	-0.0292450331125828	0.232476821192053	0.593377483443709	1.5353642384106	-1.46490066225166				0.976953642384106	0.0477880794701987	0.0771390728476822	0.433907284768212	-2.21218543046358	1.09403973509934				0.981827814569536	0.0787284768211921	0.0400529801324504	0.567417218543046	1.82649006622517	0.35973509933775				0.496529801324503	-0.256529801324503	-0.789721854304636	0.802913907284768	-2.8964238410596	-1.17562913907285				0.964026490066225	0.00349668874172187	0.0859337748344371	1.0717880794702	-2.18807947019868	2.46251655629139				0.319788079470199	-0.190834437086093	-0.868238410596026	-0.539602649006623	0.997615894039735	-1.87470198675497			
15	420	0.967841059602649	-0.0292450331125828	0.232476821192053	0.313377483443709	1.2553642384106	-0.904900662251656				0.992953642384106	0.0317880794701987	0.0771390728476822	-1.52609271523179	-3.05218543046358	-0.0259602649006601				0.981827814569536	0.0627284768211921	0.0240529801324504	1.68741721854305	2.66649006622517	-0.20026490066225				0.480529801324503	-0.272529801324503	-0.773721854304636	0.802913907284768	-2.0564238410596	-0.895629139072848				0.964026490066225	0.00349668874172187	0.0699337748344371	-0.0482119205298018	-2.46807947019868	1.62251655629139				0.319788079470199	-0.174834437086093	-0.884238410596026	1.14039735099338	0.997615894039735	-1.31470198675497			
16	440	0.967841059602649	-0.0292450331125828	0.248476821192053	0.593377483443709	0.975364238410596	-1.18490066225166				0.992953642384106	0.0477880794701987	0.0771390728476822	-4.04609271523179	-3.33218543046358	-0.30596026490066				0.981827814569536	0.0787284768211921	0.0240529801324504	-0.272582781456954	1.26649006622517	0.0797350993377501				0.480529801324503	-0.272529801324503	-0.757721854304636	3.04291390728477	-0.9364238410596	-0.335629139072848				0.964026490066225	0.00349668874172187	0.0859337748344371	-1.7282119205298	-1.06807947019868	1.34251655629139				0.319788079470199	-0.174834437086093	-0.868238410596026	1.70039735099338	-1.24238410596026	-0.474701986754968			
17	460	0.951841059602649	-0.0612450331125828	0.232476821192053	1.43337748344371	1.8153642384106	-0.904900662251656				0.976953642384106	0.0317880794701987	0.0771390728476822	-5.44609271523179	-2.77218543046358	0.25403973509934				0.981827814569536	0.0627284768211921	0.0560529801324504	1.12741721854305	0.426490066225167	-0.20026490066225				0.464529801324503	-0.272529801324503	-0.789721854304636	4.16291390728477	-0.0964238410596001	0.784370860927152				0.964026490066225	0.00349668874172187	0.0859337748344371	0.511788079470198	-0.788079470198675	1.06251655629139				0.319788079470199	-0.190834437086093	-0.884238410596026	1.98039735099338	-1.52238410596026	-0.194701986754968			
18	480	0.951841059602649	-0.0612450331125828	0.232476821192053	1.15337748344371	3.7753642384106	-0.624900662251656				0.992953642384106	0.0317880794701987	0.0771390728476822	-5.72609271523179	-0.532185430463576	0.81403973509934				0.981827814569536	0.0467284768211921	0.0400529801324504	0.567417218543046	1.82649006622517	-0.48026490066225				0.496529801324503	-0.288529801324503	-0.789721854304636	3.32291390728477	-0.3764238410596	2.18437086092715				0.964026490066225	0.00349668874172187	0.0859337748344371	0.511788079470198	-2.46807947019868	2.18251655629139				0.319788079470199	-0.190834437086093	-0.884238410596026	-0.539602649006623	-0.682384105960265	0.365298013245032			
19	500	0.951841059602649	-0.0452450331125828	0.216476821192053	0.0333774834437086	3.2153642384106	-1.18490066225166				0.992953642384106	0.0317880794701987	0.0931390728476822	-6.56609271523179	-1.09218543046358	0.53403973509934				0.981827814569536	0.0467284768211921	0.0560529801324504	-3.07258278145695	1.54649006622517	-1.04026490066225				0.496529801324503	-0.272529801324503	-0.789721854304636	1.92291390728477	-2.3364238410596	2.46437086092715				0.980026490066225	-0.0285033112582781	0.0859337748344371	1.6317880794702	-3.02807947019868	2.46251655629139				0.303788079470199	-0.174834437086093	-0.868238410596026	-2.21960264900662	-0.682384105960265	-0.194701986754968			
20	520	0.967841059602649	-0.0452450331125828	0.216476821192053	-1.36662251655629	3.2153642384106	-1.46490066225166				0.992953642384106	0.0477880794701987	0.0771390728476822	-6.84609271523179	-2.49218543046358	-0.30596026490066				0.997827814569536	0.0627284768211921	0.0560529801324504	-3.35258278145695	1.82649006622517	-0.76026490066225				0.496529801324503	-0.288529801324503	-0.805721854304636	2.48291390728477	-4.2964238410596	0.784370860927152				0.980026490066225	-0.0125033112582781	0.0699337748344371	-0.608211920529802	-4.14807947019868	0.782516556291392				0.319788079470199	-0.174834437086093	-0.884238410596026	-0.819602649006623	-1.24238410596026	-0.194701986754968			
21	540	0.967841059602649	-0.0452450331125828	0.216476821192053	-2.76662251655629	3.2153642384106	-2.02490066225166				0.992953642384106	0.0797880794701987	0.0771390728476822	-9.08609271523179	-3.61218543046358	-0.86596026490066				0.981827814569536	0.0627284768211921	0.0560529801324504	-3.07258278145695	1.26649006622517	0.35973509933775				0.480529801324503	-0.288529801324503	-0.789721854304636	1.08291390728477	-3.1764238410596	-0.895629139072848				0.964026490066225	0.00349668874172187	0.0859337748344371	-1.4482119205298	-5.26807947019868	-0.337483443708608				0.303788079470199	-0.190834437086093	-0.868238410596026	1.42039735099338	-2.64238410596027	-1.87470198675497			
22	560	0.967841059602649	-0.0452450331125828	0.216476821192053	-2.48662251655629	1.8153642384106	-2.02490066225166				0.976953642384106	0.0477880794701987	0.0771390728476822	-8.80609271523179	-5.85218543046358	1.93403973509934				0.981827814569536	0.0627284768211921	0.0400529801324504	-2.51258278145695	0.986490066225167	-0.48026490066225				0.480529801324503	-0.272529801324503	-0.773721854304636	-0.0370860927152318	-3.7364238410596	-1.17562913907285				0.964026490066225	0.00349668874172187	0.0699337748344371	1.9117880794702	-3.86807947019868	0.222516556291392				0.303788079470199	-0.206834437086093	-0.852238410596026	-1.09960264900662	-1.80238410596026	-1.03470198675497			
23	580	0.951841059602649	-0.0452450331125828	0.248476821192053	-2.20662251655629	3.7753642384106	-1.74490066225166				0.992953642384106	0.0797880794701987	0.0611390728476822	-8.52609271523179	-8.37218543046358	-0.0259602649006601				0.981827814569536	0.0787284768211921	0.0400529801324504	-4.47258278145695	2.66649006622517	0.0797350993377501				0.480529801324503	-0.256529801324503	-0.789721854304636	-0.0370860927152318	-3.4564238410596	-1.17562913907285				0.964026490066225	0.00349668874172187	0.0859337748344371	0.791788079470198	-3.30807947019868	-0.337483443708608				0.303788079470199	-0.190834437086093	-0.868238410596026	-2.77960264900662	-1.24238410596026	-0.754701986754968			
24	600	0.967841059602649	-0.0292450331125828	0.280476821192053	-3.04662251655629	5.1753642384106	-2.02490066225166				0.976953642384106	0.0957880794701987	0.0771390728476822	-3.76609271523179	-6.69218543046358	-0.585960264900661				0.981827814569536	0.0627284768211921	0.0560529801324504	-3.35258278145695	3.22649006622517	0.91973509933775				0.480529801324503	-0.272529801324503	-0.789721854304636	-0.877086092715232	-4.0164238410596	-2.29562913907285				0.964026490066225	0.00349668874172187	0.0699337748344371	-0.888211920529802	-4.14807947019868	-1.73748344370861				0.319788079470199	-0.158834437086093	-0.884238410596026	-3.89960264900662	-0.402384105960265	-1.03470198675497			
25	620	0.967841059602649	-0.0132450331125828	0.264476821192053	-2.48662251655629	4.0553642384106	-1.18490066225166				0.992953642384106	0.0477880794701987	0.0931390728476822	0.713907284768212	-3.05218543046358	0.81403973509934				0.981827814569536	0.0787284768211921	0.0400529801324504	0.567417218543046	4.34649006622517	0.63973509933775				0.480529801324503	-0.272529801324503	-0.789721854304636	0.242913907284768	-2.8964238410596	-1.73562913907285				0.964026490066225	0.00349668874172187	0.0699337748344371	-1.1682119205298	-3.86807947019868	-2.01748344370861				0.319788079470199	-0.158834437086093	-0.884238410596026	-0.539602649006623	-1.52238410596026	-1.59470198675497			
26	640	0.967841059602649	0.00275496688741723	0.264476821192053	-0.246622516556291	2.9353642384106	-0.344900662251656				0.992953642384106	0.0637880794701987	0.0931390728476822	2.39390728476821	-1.65218543046358	-0.30596026490066				0.981827814569536	0.0947284768211921	0.0400529801324504	-1.67258278145695	3.22649006622517	1.47973509933775				0.464529801324503	-0.288529801324503	-0.789721854304636	-0.0370860927152318	-2.6164238410596	-2.85562913907285				0.964026490066225	0.00349668874172187	0.0699337748344371	-0.608211920529802	-3.02807947019868	-1.45748344370861				0.303788079470199	-0.174834437086093	-0.868238410596026	-1.65960264900662	-1.24238410596026	-1.31470198675497			
27	660	0.967841059602649	-0.0292450331125828	0.248476821192053	0.0333774834437086	0.695364238410596	-0.0649006622516557				0.976953642384106	0.0477880794701987	0.0771390728476822	4.91390728476821	-0.532185430463576	0.25403973509934				0.997827814569536	0.0947284768211921	0.0400529801324504	1.40741721854305	2.38649006622517	1.19973509933775				0.464529801324503	-0.256529801324503	-0.789721854304636	-2.83708609271523	-2.3364238410596	-2.01562913907285				0.964026490066225	0.0194966887417219	0.0699337748344371	-2.0082119205298	-2.18807947019868	-2.01748344370861				0.303788079470199	-0.174834437086093	-0.884238410596026	-2.21960264900662	0.717615894039735	-1.31470198675497			
28	680	0.951841059602649	-0.0292450331125828	0.248476821192053	1.15337748344371	-0.144635761589404	-0.344900662251656				0.992953642384106	0.0477880794701987	0.0931390728476822	3.51390728476821	-0.532185430463576	-0.0259602649006601				0.981827814569536	0.0787284768211921	0.0400529801324504	2.80741721854305	1.26649006622517	1.75973509933775				0.480529801324503	-0.256529801324503	-0.789721854304636	-2.55708609271523	-1.4964238410596	-1.45562913907285				0.964026490066225	0.0194966887417219	0.0699337748344371	-1.7282119205298	-1.62807947019868	-1.17748344370861				0.303788079470199	-0.174834437086093	-0.884238410596026	-3.05960264900662	1.27761589403974	-1.31470198675497			
29	700	0.935841059602649	-0.0612450331125828	0.264476821192053	2.55337748344371	0.975364238410596	0.775099337748344				0.976953642384106	0.0637880794701987	0.0931390728476822	-1.52609271523179	-0.532185430463576	-0.86596026490066				0.997827814569536	0.0627284768211921	0.0560529801324504	1.96741721854305	1.54649006622517	1.47973509933775				0.480529801324503	-0.272529801324503	-0.789721854304636	-0.317086092715232	-0.0964238410596001	-0.615629139072848				0.948026490066225	0.00349668874172187	0.0859337748344371	-0.608211920529802	-1.06807947019868	-1.73748344370861				0.319788079470199	-0.158834437086093	-0.884238410596026	-3.33960264900662	0.997615894039735	-1.03470198675497			
30	720	0.951841059602649	-0.0452450331125828	0.248476821192053	0.313377483443709	1.5353642384106	-0.0649006622516557				0.992953642384106	0.0477880794701987	0.0611390728476822	-2.36609271523179	0.587814569536424	-0.585960264900661				0.997827814569536	0.0307284768211921	0.0560529801324504	1.12741721854305	2.10649006622517	0.63973509933775				0.496529801324503	-0.256529801324503	-0.789721854304636	-1.71708609271523	-0.3764238410596	-1.73562913907285				0.948026490066225	0.0194966887417219	0.0699337748344371	-0.328211920529802	0.891920529801325	-2.29748344370861				0.319788079470199	-0.174834437086093	-0.884238410596026	-1.37960264900662	-0.682384105960265	0.645298013245032			
31	740	0.967841059602649	-0.0292450331125828	0.232476821192053	-0.806622516556291	1.5353642384106	-1.18490066225166				0.992953642384106	0.0317880794701987	0.0771390728476822	0.153907284768212	1.98781456953642	0.81403973509934				0.997827814569536	0.0467284768211921	0.0720529801324504	1.68741721854305	1.26649006622517	0.91973509933775				0.496529801324503	-0.256529801324503	-0.789721854304636	-3.39708609271523	-0.6564238410596	-1.73562913907285				0.964026490066225	0.0194966887417219	0.0539337748344371	-3.1282119205298	2.29192052980133	-2.29748344370861				0.303788079470199	-0.158834437086093	-0.884238410596026	0.580397350993377	-0.682384105960265	0.0852980132450323			
32	760	0.967841059602649	-0.0452450331125828	0.216476821192053	1.43337748344371	0.415364238410596	-0.904900662251656				0.976953642384106	0.0477880794701987	0.0931390728476822	3.23390728476821	2.82781456953642	0.53403973509934				0.981827814569536	0.0467284768211921	0.0720529801324504	0.567417218543046	-0.413509933774833	1.47973509933775				0.480529801324503	-0.256529801324503	-0.789721854304636	-1.15708609271523	0.1835761589404	-0.615629139072848				0.948026490066225	0.0194966887417219	0.101933774834437	-5.3682119205298	2.57192052980133	-3.69748344370861				0.319788079470199	-0.158834437086093	-0.884238410596026	-0.259602649006623	-0.962384105960265	1.20529801324503			
33	780	0.967841059602649	-0.0612450331125828	0.232476821192053	0.593377483443709	-0.424635761589404	-1.18490066225166				0.976953642384106	0.0477880794701987	0.0931390728476822	2.11390728476821	3.38781456953642	1.37403973509934				0.981827814569536	0.0467284768211921	0.0560529801324504	0.847417218543046	0.426490066225167	0.91973509933775				0.480529801324503	-0.256529801324503	-0.805721854304636	-1.71708609271523	1.5835761589404	-0.615629139072848				0.964026490066225	0.0194966887417219	0.0539337748344371	-2.0082119205298	2.85192052980133	-2.29748344370861				0.303788079470199	-0.174834437086093	-0.868238410596026	-0.539602649006623	-0.122384105960265	2.32529801324503			
34	800	0.951841059602649	-0.0772450331125828	0.248476821192053	-0.806622516556291	-0.424635761589404	-0.904900662251656				1.00895364238411	0.0637880794701987	0.109139072847682	2.67390728476821	4.22781456953642	0.53403973509934				0.997827814569536	0.0467284768211921	0.0560529801324504	-0.832582781456954	0.986490066225167	1.19973509933775				0.480529801324503	-0.272529801324503	-0.757721854304636	-3.39708609271523	2.4235761589404	-0.615629139072848				0.964026490066225	0.00349668874172187	0.0699337748344371	-1.4482119205298	2.57192052980133	-0.617483443708608				0.319788079470199	-0.158834437086093	-0.884238410596026	-1.65960264900662	0.717615894039735	1.20529801324503			
35	820	0.951841059602649	-0.0452450331125828	0.248476821192053	-0.806622516556291	0.415364238410596	-1.46490066225166				0.992953642384106	0.0637880794701987	0.109139072847682	5.47390728476821	3.10781456953642	1.93403973509934				0.997827814569536	0.0307284768211921	0.0720529801324504	-1.67258278145695	2.94649006622517	0.63973509933775				0.480529801324503	-0.256529801324503	-0.773721854304636	-4.51708609271523	2.1435761589404	-0.335629139072848				0.964026490066225	0.00349668874172187	0.0859337748344371	-0.0482119205298018	3.97192052980133	-0.897483443708608				0.335788079470199	-0.158834437086093	-0.868238410596026	0.0203973509933773	1.83761589403974	0.0852980132450323			
36	840	0.967841059602649	-0.0292450331125828	0.264476821192053	-0.806622516556291	0.695364238410596	-2.02490066225166				0.992953642384106	-0.000211920529801304	0.0931390728476822	2.95390728476821	2.82781456953642	1.37403973509934				0.981827814569536	0.0627284768211921	0.0720529801324504	-3.35258278145695	1.26649006622517	0.63973509933775				0.496529801324503	-0.256529801324503	-0.789721854304636	-2.55708609271523	2.4235761589404	1.90437086092715				0.980026490066225	0.0194966887417219	0.0859337748344371	-2.5682119205298	3.41192052980132	-1.17748344370861				0.335788079470199	-0.174834437086093	-0.868238410596026	-0.259602649006623	2.67761589403974	-0.474701986754968			
37	860	0.967841059602649	-0.0292450331125828	0.264476821192053	0.313377483443709	0.695364238410596	-1.18490066225166				0.960953642384106	0.0157880794701987	0.0931390728476822	0.713907284768212	0.867814569536424	1.65403973509934				0.981827814569536	0.0627284768211921	0.0720529801324504	-3.63258278145695	-0.413509933774833	0.91973509933775				0.512529801324503	-0.256529801324503	-0.789721854304636	-2.27708609271523	2.7035761589404	2.46437086092715				0.964026490066225	0.0194966887417219	0.101933774834437	-2.8482119205298	3.13192052980133	-1.45748344370861				0.351788079470199	-0.190834437086093	-0.868238410596026	-1.09960264900662	1.83761589403974	0.365298013245032			
38	880	0.951841059602649	-0.0612450331125828	0.248476821192053	2.55337748344371	0.135364238410596	-0.904900662251656				0.992953642384106	0.0317880794701987	0.0931390728476822	-0.406092715231788	1.42781456953642	1.37403973509934				0.997827814569536	0.0467284768211921	0.0560529801324504	-0.552582781456954	-0.133509933774833	0.63973509933775				0.512529801324503	-0.256529801324503	-0.789721854304636	-1.99708609271523	2.1435761589404	2.18437086092715				0.964026490066225	0.00349668874172187	0.101933774834437	-0.0482119205298018	1.45192052980132	-1.17748344370861				0.335788079470199	-0.174834437086093	-0.884238410596026	-1.65960264900662	1.83761589403974	1.76529801324503			
39	900	0.951841059602649	-0.0932450331125828	0.280476821192053	0.873377483443709	0.135364238410596	-1.46490066225166				0.992953642384106	0.0317880794701987	0.0931390728476822	2.67390728476821	2.54781456953642	2.49403973509934				0.997827814569536	0.0307284768211921	0.0560529801324504	2.24741721854305	-0.693509933774834	0.35973509933775				0.496529801324503	-0.240529801324503	-0.773721854304636	-3.11708609271523	0.7435761589404	1.34437086092715				0.964026490066225	0.00349668874172187	0.101933774834437	-2.8482119205298	0.891920529801325	0.502516556291392				0.351788079470199	-0.174834437086093	-0.900238410596026	-1.09960264900662	3.51761589403974	0.925298013245032			
40	920	0.951841059602649	-0.0612450331125828	0.280476821192053	-2.48662251655629	0.975364238410596	-1.18490066225166				0.992953642384106	0.0477880794701987	0.0771390728476822	9.95390728476821	5.06781456953642	2.21403973509934				0.981827814569536	0.0307284768211921	0.0560529801324504	3.08741721854305	1.54649006622517	-0.20026490066225				0.496529801324503	-0.240529801324503	-0.757721854304636	-1.71708609271523	-0.3764238410596	-0.615629139072848				0.964026490066225	0.00349668874172187	0.101933774834437	-2.2882119205298	2.29192052980133	1.06251655629139				0.319788079470199	-0.174834437086093	-0.900238410596026	1.14039735099338	2.11761589403974	0.925298013245032			
41	940	0	0	0	0	0	0				0	0	0	0	0	0				0	0	0	0	0	0				0.496529801324503	-0.240529801324503	-0.757721854304636	-2.55708609271523	1.0235761589404	-1.45562913907285				0.964026490066225	0.00349668874172187	0.101933774834437	-2.2882119205298	2.01192052980133	1.34251655629139				0.319788079470199	-0.174834437086093	-0.900238410596026	3.10039735099338	-0.402384105960265	1.48529801324503			
42	1100	0.967841059602649	-0.0612450331125828	0.248476821192053	-2.76662251655629	1.5353642384106	-2.30490066225166				0.976953642384106	0.0477880794701987	0.141139072847682	-5.44609271523179	1.14781456953642	1.65403973509934				0.981827814569536	0.0467284768211921	0.0720529801324504	-5.87258278145695	-0.413509933774833	-0.76026490066225				0.512529801324503	-0.272529801324503	-0.789721854304636	7.52291390728477	4.3835761589404	1.34437086092715				0.964026490066225	-0.0125033112582781	0.101933774834437	1.6317880794702	0.331920529801325	3.86251655629139				0.335788079470199	-0.190834437086093	-0.852238410596026	1.98039735099338	0.997615894039735	3.44529801324503			
43	1120	0.951841059602649	-0.0452450331125828	0.248476821192053	-3.32662251655629	0.975364238410596	-2.58490066225166				0.960953642384106	0.0637880794701987	0.141139072847682	-2.08609271523179	1.14781456953642	3.05403973509934				0.997827814569536	0.0627284768211921	0.0720529801324504	-6.15258278145695	0.146490066225167	-1.04026490066225				0.496529801324503	-0.288529801324503	-0.789721854304636	5.84291390728477	5.2235761589404	1.62437086092715				0.964026490066225	0.00349668874172187	0.101933774834437	1.6317880794702	0.331920529801325	2.18251655629139				0.335788079470199	-0.174834437086093	-0.852238410596026	3.10039735099338	1.55761589403974	2.04529801324503			
44	1140	0.967841059602649	-0.0292450331125828	0.248476821192053	-6.40662251655629	0.135364238410596	-3.14490066225166				0.976953642384106	0.0477880794701987	0.109139072847682	-2.92609271523179	-3.05218543046358	1.65403973509934				0.997827814569536	0.0627284768211921	0.0720529801324504	-6.15258278145695	-1.53350993377483	-0.48026490066225				0.512529801324503	-0.272529801324503	-0.789721854304636	1.36291390728477	2.9835761589404	1.62437086092715				0.964026490066225	-0.0125033112582781	0.101933774834437	2.1917880794702	1.45192052980132	2.46251655629139				0.335788079470199	-0.190834437086093	-0.868238410596026	3.38039735099338	2.39761589403974	1.48529801324503			
45	1160	0.951841059602649	-0.0292450331125828	0.232476821192053	-9.76662251655629	0.415364238410596	-3.70490066225166				0.992953642384106	-0.000211920529801304	0.0931390728476822	-8.52609271523179	-2.77218543046358	3.05403973509934				0.997827814569536	0.0627284768211921	0.0720529801324504	-5.31258278145695	-2.37350993377483	-0.20026490066225				0.496529801324503	-0.272529801324503	-0.789721854304636	-0.0370860927152318	0.7435761589404	2.46437086092715				0.964026490066225	-0.0125033112582781	0.101933774834437	-0.328211920529802	1.45192052980132	1.06251655629139				0.351788079470199	-0.206834437086093	-0.868238410596026	0.860397350993377	2.39761589403974	1.48529801324503			
46	1180	0.967841059602649	-0.0292450331125828	0.232476821192053	-9.20662251655629	0.695364238410596	-3.98490066225166				0.992953642384106	0.0157880794701987	0.109139072847682	-13.0060927152318	1.42781456953642	3.89403973509934				0.997827814569536	0.0627284768211921	0.0720529801324504	-10.912582781457	-2.65350993377483	0.0797350993377501				0.496529801324503	-0.288529801324503	-0.805721854304636	-1.43708609271523	0.4635761589404	2.18437086092715				0.964026490066225	0.00349668874172187	0.101933774834437	-2.2882119205298	1.45192052980132	0.502516556291392				0.335788079470199	-0.190834437086093	-0.852238410596026	0.300397350993377	2.11761589403974	2.04529801324503			
47	1200	0.967841059602649	-0.0452450331125828	0.248476821192053	-12.5666225165563	0.975364238410596	-3.70490066225166				0.960953642384106	0.0637880794701987	0.125139072847682	-11.6060927152318	0.867814569536424	0.81403973509934				0.981827814569536	0.0787284768211921	0.0880529801324504	-13.432582781457	-4.05350993377483	-0.48026490066225				0.480529801324503	-0.288529801324503	-0.805721854304636	-1.15708609271523	1.5835761589404	1.90437086092715				0.964026490066225	0.00349668874172187	0.101933774834437	-1.7282119205298	1.17192052980133	-0.0574834437086077				0.351788079470199	-0.206834437086093	-0.852238410596026	-2.21960264900662	1.83761589403974	2.32529801324503			
48	1220	0.951841059602649	-0.0292450331125828	0.232476821192053	-14.5266225165563	1.2553642384106	-3.98490066225166				0.992953642384106	0.0637880794701987	0.0771390728476822	-6.84609271523179	-0.812185430463576	3.33403973509934				0.997827814569536	0.0947284768211921	0.0880529801324504	-15.952582781457	-5.17350993377483	0.63973509933775				0.480529801324503	-0.288529801324503	-0.805721854304636	-3.11708609271523	1.8635761589404	2.46437086092715				0.964026490066225	-0.0125033112582781	0.0859337748344371	-3.1282119205298	1.17192052980133	-1.17748344370861				0.367788079470199	-0.206834437086093	-0.852238410596026	-1.65960264900662	0.717615894039735	4.28529801324503			
49	1240	0.967841059602649	0.00275496688741723	0.248476821192053	-18.1666225165563	2.3753642384106	-4.54490066225166				0.992953642384106	0.0317880794701987	0.109139072847682	-13.8460927152318	1.14781456953642	3.33403973509934				0.997827814569536	0.0947284768211921	0.0720529801324504	-17.912582781457	-7.13350993377484	2.03973509933775				0.464529801324503	-0.288529801324503	-0.805721854304636	-5.63708609271523	1.0235761589404	2.74437086092715				0.964026490066225	-0.0125033112582781	0.117933774834437	-7.6082119205298	4.81192052980133	-3.41748344370861				0.367788079470199	-0.222834437086093	-0.852238410596026	-2.21960264900662	-0.962384105960265	5.68529801324503			
50	1260	0.967841059602649	0.0187549668874172	0.232476821192053	-19.5666225165563	2.0953642384106	-3.70490066225166				0.992953642384106	0.0317880794701987	0.0931390728476822	-23.6460927152318	1.98781456953642	0.25403973509934				0.997827814569536	0.0947284768211921	0.10405298013245	-17.352582781457	-6.01350993377483	2.59973509933775				0.448529801324503	-0.288529801324503	-0.821721854304636	-8.15708609271523	-0.6564238410596	4.70437086092715				0.980026490066225	0.00349668874172187	0.101933774834437	-10.4082119205298	0.331920529801325	-3.97748344370861				0.367788079470199	-0.190834437086093	-0.868238410596026	-4.45960264900662	-0.682384105960265	7.64529801324503			
51	1280	0.935841059602649	-0.0132450331125828	0.216476821192053	-19.8466225165563	2.9353642384106	-3.70490066225166				0.960953642384106	0.0317880794701987	0.109139072847682	-26.1660927152318	5.06781456953642	-1.70596026490066				0.981827814569536	0.0947284768211921	0.0720529801324504	-19.872582781457	-7.41350993377483	2.31973509933775				0.448529801324503	-0.304529801324503	-0.869721854304636	-9.55708609271523	0.7435761589404	5.54437086092715				0.964026490066225	0.0194966887417219	0.0859337748344371	-21.8882119205298	2.29192052980133	-7.89748344370861				0.351788079470199	-0.158834437086093	-0.836238410596026	-6.41960264900662	-2.08238410596027	9.88529801324503			
52	1300	0.967841059602649	-0.0292450331125828	0.232476821192053	-25.1666225165563	4.0553642384106	-5.66490066225166				0.992953642384106	0.0637880794701987	0.109139072847682	-29.5260927152318	6.46781456953642	-3.94596026490066				0.981827814569536	0.0947284768211921	0.0400529801324504	-24.072582781457	-7.69350993377483	3.99973509933775				0.416529801324503	-0.368529801324503	-0.981721854304636	-19.9170860927152	12.5035761589404	4.14437086092715				0.964026490066225	0.0194966887417219	0.0859337748344371	-27.2082119205298	6.77192052980133	-9.01748344370861				0.351788079470199	-0.174834437086093	-0.820238410596026	-16.7796026490066	0.157615894039735	9.88529801324503			
53	1320	0.999841059602649	-0.0132450331125828	0.184476821192053	-29.0866225165563	0.975364238410596	-7.62490066225166				0.976953642384106	0.0957880794701987	0.125139072847682	-24.7660927152318	9.82781456953643	-6.46596026490066				1.01382781456954	0.110728476821192	0.0560529801324504	-27.152582781457	-10.2135099337748	4.27973509933775				0.448529801324503	-0.352529801324503	-0.789721854304636	-21.8770860927152	19.2235761589404	-1.73562913907285				0.964026490066225	0.0354966887417219	0.0379337748344371	-34.7682119205298	10.1319205298013	-9.29748344370861				0.351788079470199	-0.158834437086093	-0.852238410596026	-28.2596026490066	2.95761589403974	11.005298013245			
54	1340	0.983841059602649	0.0187549668874172	0.104476821192053	-30.7666225165563	-3.2246357615894	-11.8249006622517				0.944953642384106	0.0637880794701987	0.205139072847682	-7.12609271523179	7.58781456953643	-8.42596026490066				0.965827814569536	0.110728476821192	0.00805298013245037	-25.752582781457	-14.4135099337748	4.83973509933775				0.448529801324503	-0.192529801324503	-0.821721854304636	-25.2370860927152	7.1835761589404	0.504370860927152				0.948026490066225	0.0194966887417219	0.101933774834437	-37.2882119205298	18.5319205298013	-9.85748344370861				0.351788079470199	-0.126834437086093	-0.852238410596026	-29.6596026490066	2.39761589403974	11.845298013245			
55	1360	1.04784105960265	0.162754966887417	-0.00752317880794696	-27.1266225165563	-14.1446357615894	-20.2249006622517				0.976953642384106	0.0317880794701987	0.157139072847682	-14.4060927152318	0.0278145695364242	-8.42596026490066				0.949827814569536	0.126728476821192	0.0400529801324504	-18.752582781457	-12.7335099337748	3.43973509933775				0.480529801324503	-0.144529801324503	-0.853721854304636	-27.7570860927152	8.0235761589404	4.98437086092715				0.964026490066225	0.0194966887417219	0.0859337748344371	-39.2482119205298	16.8519205298013	-10.9774834437086				0.383788079470199	-0.0628344370860927	-0.820238410596026	-45.6196026490066	3.51761589403974	6.24529801324503			
56	1380	1.15984105960265	0.0827549668874172	-0.135523178807947	-13.6866225165563	-34.8646357615894	-19.1049006622517				1.00895364238411	0.0157880794701987	0.173139072847682	-20.8460927152318	-6.69218543046358	-8.42596026490066				0.981827814569536	0.0627284768211921	0.0880529801324504	-18.472582781457	-13.0135099337748	7.35973509933775				0.464529801324503	-0.160529801324503	-0.805721854304636	-15.7170860927152	9.1435761589404	9.18437086092715				0.948026490066225	0.0514966887417219	0.0859337748344371	-32.2482119205298	11.8119205298013	-8.17748344370861				0.399788079470199	-0.0948344370860927	-0.932238410596026	-70.2596026490066	-3.76238410596027	9.04529801324503			
57	1400	1.20784105960265	-0.141245033112583	-0.295523178807947	-20.9666225165563	-68.4646357615894	-14.0649006622517				0.992953642384106	0.127788079470199	0.125139072847682	-33.7260927152318	-7.53218543046358	-5.90596026490066				0.997827814569536	-0.0332715231788079	0.0560529801324504	-19.872582781457	-10.2135099337748	12.9597350993378				0.400529801324503	-0.224529801324503	-0.901721854304636	-26.3570860927152	8.0235761589404	14.5043708609272				0.916026490066225	0.0994966887417219	0.117933774834437	-31.9682119205298	13.7719205298013	-8.17748344370861				0.383788079470199	-0.0948344370860927	-0.868238410596026	-52.0596026490066	-12.4423841059603	16.885298013245			
58	1420	1.06384105960265	-0.141245033112583	-0.375523178807947	-38.8866225165563	-107.104635761589	-15.4649006622517				0.928953642384106	0.207788079470199	0.205139072847682	-42.1260927152318	-6.97218543046358	-8.14596026490066				1.01382781456954	0.0307284768211921	0.0560529801324504	-29.672582781457	-7.41350993377483	16.0397350993378				0.368529801324503	-0.320529801324503	-0.837721854304636	-52.6770860927152	11.9435761589404	10.5843708609272				0.852026490066225	0.163496688741722	0.0699337748344371	-47.3682119205298	10.9719205298013	-11.5374834437086				0.383788079470199	0.0651655629139073	-0.852238410596026	-55.9796026490066	0.437615894039735	27.525298013245			
59	1440	1.04784105960265	0.0187549668874172	-0.327523178807947	-64.9266225165563	-120.544635761589	-33.3849006622517				0.864953642384106	0.143788079470199	0.221139072847682	-31.7660927152318	-8.93218543046358	-8.42596026490066				0.949827814569536	0.110728476821192	0.00805298013245037	-22.112582781457	-13.8535099337748	17.9997350993378				0.432529801324503	-0.128529801324503	-0.789721854304636	-57.1570860927152	0.4635761589404	10.0243708609272				0.804026490066225	0.211496688741722	0.0859337748344371	-68.3682119205298	23.2919205298013	-11.2574834437086				0.367788079470199	0.145165562913907	-0.820238410596026	-37.2196026490066	-6.28238410596027	35.365298013245			
60	1460	1.15984105960265	0.0667549668874172	-0.263523178807947	-81.4466225165563	-138.744635761589	-43.7449006622517				0.976953642384106	0.0637880794701987	0.0931390728476822	-25.6060927152318	-17.0521854304636	-2.82596026490066				0.965827814569536	0.0947284768211921	-0.00794701986754963	-21.832582781457	-19.7335099337748	16.0397350993378				0.432529801324503	0.0474701986754967	-0.789721854304636	-48.4770860927152	6.3435761589404	19.8243708609272				0.852026490066225	0.243496688741722	0.229933774834437	-65.8482119205298	27.2119205298013	-14.0574834437086				0.383788079470199	0.129165562913907	-0.772238410596026	-16.7796026490066	-19.7223841059603	44.605298013245			
61	1480	1.23984105960265	0.114754966887417	-0.167523178807947	-90.6866225165563	-146.024635761589	-49.6249006622517				1.00895364238411	0.351788079470199	0.0291390728476822	-45.4860927152318	-14.5321854304636	-7.86596026490066				1.06182781456954	0.110728476821192	-0.0399470198675496	-23.232582781457	-22.8135099337748	12.3997350993378				0.400529801324503	0.111470198675497	-0.789721854304636	-31.6770860927152	13.3435761589404	36.6243708609272				0.948026490066225	0.227496688741722	0.373933774834437	-50.1682119205298	18.8119205298013	-10.6974834437086				0.447788079470199	0.0811655629139073	-0.820238410596026	-9.49960264900662	-18.8823841059603	51.605298013245			
62	1500	1.14384105960265	0.0507549668874172	-0.00752317880794696	-92.0866225165563	-128.944635761589	-44.8649006622517				1.05695364238411	0.239788079470199	0.141139072847682	-86.0860927152318	12.0678145695364	2.49403973509934				0.997827814569536	0.110728476821192	-0.00794701986754963	-42.832582781457	-27.5735099337748	10.1597350993378				0.368529801324503	-0.000529801324503289	-0.821721854304636	-35.8770860927152	22.0235761589404	49.2243708609272				1.01202649006623	0.195496688741722	0.245933774834437	-24.9682119205298	21.6119205298013	-6.49748344370861				0.543788079470199	0.0331655629139073	-0.868238410596026	-11.7396026490066	2.39761589403974	56.085298013245			
63	1520	0.983841059602649	-0.157245033112583	0.040476821192053	-91.8066225165563	-100.104635761589	-30.0249006622517				1.05695364238411	0.143788079470199	0.269139072847682	-84.1260927152318	0.587814569536424	8.37403973509934				0.917827814569536	0.110728476821192	-0.0399470198675496	-61.872582781457	-25.3335099337748	12.3997350993378				0.352529801324503	-0.112529801324503	-0.821721854304636	-48.1970860927152	24.8235761589404	48.9443708609272				1.02802649006623	0.179496688741722	0.0859337748344371	-43.1682119205298	16.5719205298013	-6.77748344370861				0.559788079470199	0.0171655629139073	-0.836238410596026	-16.2196026490066	25.3576158940397	67.285298013245			
64	1540	0.695841059602649	-0.301245033112583	0.184476821192053	-126.246622516556	-73.2246357615894	-5.38490066225166				0.976953642384106	0.143788079470199	0.109139072847682	-64.5260927152318	-31.0521854304636	3.33403973509934				0.917827814569536	0.174728476821192	-0.0559470198675496	-63.832582781457	-19.1735099337748	14.6397350993378				0.384529801324503	-0.0165298013245033	-0.773721854304636	-47.0770860927152	26.2235761589404	54.5443708609272				0.964026490066225	0.147496688741722	0.181933774834437	-77.8882119205298	12.9319205298013	-7.05748344370861				0.559788079470199	0.0651655629139073	-0.836238410596026	-26.8596026490066	31.2376158940397	79.605298013245			
65	1560	0.583841059602649	0.0187549668874172	0.472476821192053	-163.766622516556	-44.9446357615894	-5.38490066225166				0.928953642384106	0.271788079470199	-0.0508609271523178	-65.0860927152318	-32.7321854304636	-2.26596026490066				0.997827814569536	0.206728476821192	0.0240529801324504	-67.752582781457	-20.5735099337748	17.7197350993378				0.416529801324503	0.0474701986754967	-0.789721854304636	-42.3170860927152	24.8235761589404	69.3843708609272				0.980026490066225	0.179496688741722	0.245933774834437	-70.3282119205298	2.85192052980133	-2.57748344370861				0.511788079470199	0.0651655629139073	-0.884238410596026	-24.3396026490066	23.9576158940397	87.725298013245			
66	1580	0.855841059602649	0.162754966887417	1.01647682119205	-169.086622516556	-23.1046357615894	-4.26490066225166				0.928953642384106	0.255788079470199	-0.0188609271523178	-80.4860927152318	-18.7321854304636	0.53403973509934				0.981827814569536	0.238728476821192	-0.0399470198675496	-67.192582781457	-20.5735099337748	18.2797350993378				0.416529801324503	-0.0645298013245033	-0.805721854304636	-36.4370860927152	23.9835761589404	84.2243708609272				0.996026490066225	0.227496688741722	0.197933774834437	-84.6082119205298	-11.4280794701987	-3.97748344370861				0.495788079470199	0.0651655629139073	-0.932238410596026	-16.4996026490066	16.3976158940397	96.125298013245			
67	1600	0.903841059602649	0.290754966887417	0.488476821192053	-99.9266225165563	-10.2246357615894	5.25509933774834				0.976953642384106	0.207788079470199	0.0931390728476822	-91.1260927152318	-9.49218543046358	4.73403973509934				0.949827814569536	0.206728476821192	-0.0399470198675496	-58.232582781457	-18.6135099337748	17.9997350993378				0.448529801324503	-0.192529801324503	-0.869721854304636	-29.9970860927152	25.3835761589404	99.6243708609272				0.996026490066225	0.227496688741722	0.165933774834437	-93.8482119205298	-15.6280794701987	-4.81748344370861				0.511788079470199	0.0971655629139073	-0.948238410596026	-15.9396026490066	11.0776158940397	104.805298013245			
68	1620	0.503841059602649	0.210754966887417	0.216476821192053	-73.6066225165563	10.4953642384106	8.33509933774834				0.960953642384106	0.239788079470199	0.125139072847682	-100.366092715232	-17.3321854304636	3.89403973509934				0.965827814569536	0.142728476821192	-0.0399470198675496	-45.352582781457	-20.5735099337748	21.3597350993378				0.496529801324503	-0.240529801324503	-0.901721854304636	-23.5570860927152	34.3435761589404	113.904370860927				0.980026490066225	0.211496688741722	0.117933774834437	-93.2882119205298	-12.5480794701987	-5.09748344370861				0.495788079470199	0.0651655629139073	-0.916238410596027	-27.9796026490066	7.99761589403974	116.845298013245			
69	1640	0.551841059602649	-0.141245033112583	0.216476821192053	-86.2066225165563	49.6953642384106	16.1750993377483				0.864953642384106	0.239788079470199	0.125139072847682	-90.5660927152318	-26.0121854304636	8.93403973509934				0.949827814569536	0.0307284768211921	-0.0239470198675496	-54.312582781457	-22.8135099337748	26.9597350993378				0.464529801324503	-0.240529801324503	-0.885721854304636	-31.1170860927152	32.1035761589404	123.984370860927				0.900026490066225	0.195496688741722	0.101933774834437	-101.12821192053	-17.3080794701987	-3.41748344370861				0.431788079470199	0.0651655629139073	-0.820238410596026	-36.0996026490066	2.39761589403974	128.325298013245			
70	1660	0.663841059602649	-0.0292450331125828	0.152476821192053	-145.286622516556	82.7353642384106	0.215099337748344				0.864953642384106	0.0957880794701987	0.0611390728476822	-72.9260927152318	-37.2121854304636	19.8540397350993				0.869827814569536	0.0467284768211921	-0.0719470198675496	-65.792582781457	-20.0135099337748	29.1997350993378				0.368529801324503	-0.160529801324503	-0.837721854304636	-52.9570860927152	18.9435761589404	130.144370860927				0.804026490066225	0.163496688741722	0.117933774834437	-112.88821192053	-14.7880794701987	-3.13748344370861				0.351788079470199	0.113165562913907	-0.788238410596027	-41.4196026490066	-5.16238410596027	136.725298013245			
71	1680	0.967841059602649	0.0667549668874172	0.264476821192053	-175.246622516556	128.655364238411	4.97509933774835				0.880953642384106	0.207788079470199	0.0451390728476822	-80.2060927152318	-31.3321854304636	19.2940397350993				0.917827814569536	0.190728476821192	-0.0399470198675496	-65.512582781457	-16.0935099337748	31.7197350993378				0.336529801324503	-0.0965298013245033	-0.805721854304636	-56.5970860927152	9.9835761589404	137.424370860927				0.820026490066225	0.163496688741722	0.165933774834437	-121.00821192053	-13.1080794701987	-5.93748344370861				0.367788079470199	0.225165562913907	-0.852238410596026	-38.6196026490066	-17.4823841059603	135.885298013245			
72	1700	1.25584105960265	0.322754966887417	0.248476821192053	-195.406622516556	102.055364238411	29.3350993377483				0.912953642384106	0.383788079470199	0.205139072847682	-104.846092715232	-18.4521854304636	10.8940397350993				0.965827814569536	0.302728476821192	-0.00794701986754963	-63.272582781457	-18.3335099337748	37.0397350993377				0.368529801324503	-0.176529801324503	-0.853721854304636	-53.5170860927152	9.1435761589404	145.544370860927				0.900026490066225	0.259496688741722	0.149933774834437	-115.12821192053	-10.3080794701987	-8.73748344370861				0.335788079470199	0.257165562913907	-0.932238410596026	-21.2596026490066	-25.6023841059603	130.565298013245			
73	1720	1.14384105960265	0.242754966887417	0.088476821192053	-179.446622516556	48.8553642384106	39.6950993377484				0.912953642384106	0.399788079470199	0.221139072847682	-110.726092715232	-14.8121854304636	6.41403973509934				0.933827814569536	0.302728476821192	0.0880529801324504	-64.672582781457	-18.3335099337748	48.5197350993378				0.400529801324503	-0.304529801324503	-0.885721854304636	-55.7570860927152	12.2235761589404	150.304370860927				0.900026490066225	0.291496688741722	0.0219337748344371	-116.80821192053	-5.54807947019868	-9.57748344370861				0.271788079470199	0.193165562913907	-0.900238410596026	-7.25960264900662	-23.3623841059603	131.125298013245			
74	1740	1.07984105960265	0.754754966887417	-0.311523178807947	-191.766622516556	24.7753642384106	15.6150993377483				0.832953642384106	0.271788079470199	0.109139072847682	-97.5660927152318	-15.9321854304636	10.0540397350993				0.901827814569536	0.158728476821192	0.13605298013245	-74.192582781457	-17.7735099337748	59.9997350993378				0.352529801324503	-0.320529801324503	-0.869721854304636	-53.5170860927152	22.5835761589404	151.144370860927				0.884026490066225	0.227496688741722	-0.0260662251655629	-117.08821192053	10.1319205298013	-13.2174834437086				0.255788079470199	0.193165562913907	-0.852238410596026	-8.09960264900662	-17.4823841059603	136.445298013245			
75	1760	1.01584105960265	0.946754966887417	-0.231523178807947	-126.806622516556	3.4953642384106	21.4950993377483				0.800953642384106	0.111788079470199	0.109139072847682	-108.206092715232	7.58781456953643	13.9740397350993				0.901827814569536	0.0467284768211921	0.0240529801324504	-89.312582781457	-17.4935099337748	62.7997350993378				0.336529801324503	-0.304529801324503	-0.853721854304636	-56.5970860927152	26.5035761589404	146.664370860927				0.868026490066225	0.0834966887417219	0.00593377483443711	-120.16821192053	16.8519205298013	-17.6974834437086				0.239788079470199	0.129165562913907	-0.852238410596026	-10.8996026490066	-16.6423841059603	137.565298013245			
76	1780	1.51184105960265	0.754754966887417	-0.199523178807947	-36.3666225165563	-46.6246357615894	38.0150993377484				0.912953642384106	-0.0162119205298013	-0.0508609271523178	-146.006092715232	21.3078145695364	15.9340397350993				0.981827814569536	0.0307284768211921	-0.0719470198675496	-102.192582781457	-16.3735099337748	60.8397350993378				0.304529801324503	-0.288529801324503	-0.901721854304636	-68.0770860927152	21.1835761589404	146.944370860927				1.02802649006623	-0.0125033112582781	0.149933774834437	-125.48821192053	11.5319205298013	-21.3374834437086				0.159788079470199	0.0171655629139073	-0.916238410596027	-9.77960264900662	-21.1223841059603	130.565298013245			
77	1800	2.02384105960265	-0.621245033112583	-0.439523178807947	-16.7666225165563	-89.4646357615894	76.3750993377484				1.52095364238411	-0.384211920529801	-0.0828609271523179	-174.286092715232	56.5878145695364	11.4540397350993				1.28582781456954	-0.193271523178808	-0.21594701986755	-121.512582781457	-17.4935099337748	56.3597350993378				0.272529801324503	-0.368529801324503	-0.981721854304636	-63.8770860927152	23.7035761589404	152.544370860927				1.23602649006623	-0.236503311258278	0.245933774834437	-98.6082119205298	9.29192052980133	-12.3774834437086				0.0637880794701987	-0.126834437086093	-1.18823841059603	-18.7396026490066	-9.08238410596027	117.125298013245			
78	1820	0.455841059602649	-0.525245033112583	-0.295523178807947	-129.046622516556	-62.0246357615894	10.8550993377483				1.61695364238411	-0.272211920529801	0.0131390728476822	-142.926092715232	-19.5721854304636	-5.34596026490066				1.54182781456954	-0.577271523178808	-0.37594701986755	-128.512582781457	-28.9735099337748	47.6797350993378				0.416529801324503	-0.752529801324503	-0.821721854304636	-51.8370860927152	36.8635761589404	140.224370860927				1.25202649006623	-0.268503311258278	-0.202066225165563	-91.0482119205298	16.8519205298013	-3.97748344370861				0.0637880794701987	-0.0948344370860927	-1.36423841059603	3.94039735099338	26.7576158940397	102.845298013245			
79	1840	0.279841059602649	-0.157245033112583	0.632476821192053	-18.1666225165563	-48.3046357615894	-15.4649006622517				0.928953642384106	-0.0482119205298013	-0.610860927152318	-101.766092715232	-24.3321854304636	3.89403973509934				1.39782781456954	-0.465271523178808	-0.35994701986755	-115.632582781457	-34.8535099337748	40.6797350993377				0.544529801324503	-0.752529801324503	-0.693721854304636	-50.1570860927152	27.3435761589404	120.064370860927				1.28402649006623	-0.364503311258278	-0.0740662251655629	-120.16821192053	40.9319205298013	-1.73748344370861				-0.128211920529801	-0.254834437086093	-1.15623841059603	42.3003973509934	40.7576158940397	98.925298013245			
80	1860	1.06384105960265	-0.413245033112583	-0.103523178807947	-34.1266225165563	-38.5046357615894	35.7750993377484				1.28095364238411	-0.192211920529801	-0.482860927152318	-123.046092715232	57.4278145695364	29.9340397350993				1.30182781456954	-0.481271523178808	-0.31194701986755	-129.352582781457	-40.4535099337748	42.9197350993378				0.624529801324503	-0.672529801324503	-0.821721854304636	-36.4370860927152	42.4635761589404	114.464370860927				1.28402649006623	-0.364503311258278	0.309933774834437	-108.96821192053	32.5319205298013	-4.25748344370861				-0.112211920529801	-0.526834437086093	-1.14023841059603	3.94039735099338	50.8376158940397	85.485298013245			
81	1880	1.35184105960265	-0.893245033112583	-0.00752317880794696	-39.7266225165563	8.8153642384106	48.3750993377484				1.37695364238411	-0.240211920529801	0.221139072847682	-126.686092715232	39.7878145695364	12.0140397350993				0.981827814569536	-0.305271523178808	-0.31194701986755	-161.832582781457	-52.4935099337748	39.5597350993378				0.576529801324503	-0.752529801324503	-1.04572185430464	-27.4770860927152	83.0635761589404	101.024370860927				1.25202649006623	-0.156503311258278	0.165933774834437	-117.36821192053	17.6919205298013	-7.61748344370861				-0.000211920529801336	-0.574834437086093	-1.17223841059603	-6.13960264900662	44.3976158940397	78.485298013245			
82	1900	1.11184105960265	-0.621245033112583	0.088476821192053	-101.606622516556	19.7353642384106	27.6550993377483				1.21695364238411	-0.176211920529801	0.189139072847682	-103.446092715232	-15.9321854304636	6.69403973509934				0.901827814569536	0.318728476821192	-0.39194701986755	-141.392582781457	-32.3335099337748	9.59973509933775				0.576529801324503	-0.736529801324503	-0.805721854304636	-28.8770860927152	97.9035761589404	70.2243708609272				1.18802649006623	-0.172503311258278	-0.0420662251655629	-91.3282119205298	16.5719205298013	-7.33748344370861				0.0157880794701987	-0.382834437086093	-1.04423841059603	-13.1396026490066	37.1176158940397	84.925298013245			
83	1920	0.887841059602649	-0.0452450331125828	0.104476821192053	-121.766622516556	27.2953642384106	19.8150993377483				0.992953642384106	-0.160211920529801	-0.162860927152318	-121.086092715232	-6.69218543046358	3.05403973509934				0.821827814569536	0.494728476821192	-0.27994701986755	-112.272582781457	-9.93350993377483	-18.6802649006623				0.496529801324503	-0.480529801324503	-0.869721854304636	-40.9170860927152	66.2635761589404	53.1443708609272				1.02802649006623	-0.300503311258278	0.0379337748344371	-98.6082119205298	26.9319205298013	-13.4974834437086				0.0637880794701987	-0.270834437086093	-0.948238410596026	-27.4196026490066	42.1576158940397	82.125298013245			
84	1940	0.871841059602649	0.210754966887417	0.120476821192053	-95.7266225165563	37.0953642384106	16.1750993377483				0.912953642384106	-0.160211920529801	-0.258860927152318	-106.806092715232	-5.01218543046358	8.65403973509934				0.805827814569536	0.174728476821192	-0.23194701986755	-68.032582781457	18.6264900662252	-33.2402649006623				0.480529801324503	-0.432529801324503	-0.773721854304636	-55.4770860927152	37.9835761589404	40.8243708609272				0.900026490066225	-0.268503311258278	0.101933774834437	-117.64821192053	17.1319205298013	-15.7374834437086				0.111788079470199	-0.286834437086093	-0.932238410596026	-35.2596026490066	46.6376158940397	72.885298013245			
85	1960	1.01584105960265	0.226754966887417	0.184476821192053	-71.9266225165563	39.8953642384106	11.9750993377483				0.784953642384106	-0.0642119205298013	-0.290860927152318	-83.5660927152318	16.2678145695364	8.09403973509934				0.709827814569536	-0.209271523178808	0.0400529801324504	-48.992582781457	26.7464900662252	-28.2002649006623				0	0	0	0	0	0				0	0	0	0	0	0				0	0	0	0	0	0			
86	2100	0	0	0	0	0	0				0.960953642384106	-0.0802119205298013	0.0931390728476822	-65.6460927152318	32.2278145695364	-5.62596026490066				0.901827814569536	0.0147284768211921	-0.34394701986755	-150.912582781457	37.3864900662252	14.0797350993378				0	0	0	0	0	0				0	0	0	0	0	0				0	0	0	0	0	0			
87	2120	0.951841059602649	-0.0132450331125828	-0.039523178807947	-36.0866225165563	36.5353642384106	2.17509933774834				0.960953642384106	-0.128211920529801	0.0451390728476822	-68.1660927152318	28.5878145695364	-7.58596026490066				0.885827814569536	0.126728476821192	-0.34394701986755	-142.232582781457	40.1864900662252	10.9997350993378				0	0	0	0	0	0				0	0	0	0	0	0				0	0	0	0	0	0			
88	2140	0.951841059602649	-0.0452450331125828	0.024476821192053	-36.9266225165563	38.4953642384106	-5.38490066225166				0.944953642384106	-0.144211920529801	0.0451390728476822	-68.1660927152318	22.1478145695364	-8.14596026490066				0.837827814569536	0.0787284768211921	-0.21594701986755	-120.392582781457	41.8664900662252	8.47973509933775				0.544529801324503	-0.368529801324503	-0.693721854304636	-10.9570860927152	20.0635761589404	-3.69562913907285				0.996026490066225	-0.188503311258278	0.213933774834437	-22.1682119205298	-0.228079470198675	-16.0174834437086				0.495788079470199	-0.334834437086093	-0.884238410596026	-34.6996026490066	23.6776158940397	32.005298013245			
89	2160	0.983841059602649	-0.0932450331125828	0.072476821192053	-44.7666225165563	34.8553642384106	-11.2649006622517				0.928953642384106	-0.112211920529801	-0.00286092715231785	-74.6060927152318	20.7478145695364	-7.30596026490066				0.901827814569536	0.0467284768211921	-0.13594701986755	-88.752582781457	41.0264900662252	2.03973509933775				0.496529801324503	-0.416529801324503	-0.709721854304636	-17.1170860927152	16.1435761589404	0.504370860927152				0.964026490066225	-0.188503311258278	0.229933774834437	-36.1682119205298	-12.8280794701987	-15.1774834437086				0.463788079470199	-0.270834437086093	-0.932238410596026	-22.9396026490066	13.8776158940397	35.085298013245			
90	2180	0.935841059602649	-0.0932450331125828	0.040476821192053	-52.0466225165563	25.6153642384106	-7.90490066225166				1.00895364238411	-0.0162119205298013	0.0291390728476822	-76.5660927152318	28.0278145695364	-9.54596026490066				0.917827814569536	0.0787284768211921	-0.11994701986755	-96.032582781457	34.5864900662252	2.59973509933775				0.528529801324503	-0.432529801324503	-0.693721854304636	-20.7570860927152	16.1435761589404	9.74437086092715				0.948026490066225	-0.140503311258278	0.261933774834437	-39.8082119205298	-15.3480794701987	-11.5374834437086				0.383788079470199	-0.254834437086093	-0.932238410596026	-16.2196026490066	7.71761589403974	36.485298013245			
91	2200	0.919841059602649	-0.173245033112583	0.056476821192053	-47.8466225165563	27.2953642384106	-2.58490066225166				1.00895364238411	-0.000211920529801304	0.109139072847682	-70.6860927152318	24.3878145695364	-13.1859602649007				0.997827814569536	-0.0812715231788079	-0.13594701986755	-111.712582781457	55.8664900662252	20.2397350993378				0.560529801324503	-0.400529801324503	-0.725721854304636	-20.7570860927152	19.7835761589404	17.3043708609272				0.948026490066225	-0.108503311258278	0.261933774834437	-45.1282119205298	-12.5480794701987	-10.1374834437086				0.351788079470199	-0.270834437086093	-0.868238410596026	-23.4996026490066	14.7176158940397	37.045298013245			
92	2220	0.967841059602649	-0.157245033112583	-0.00752317880794696	-38.6066225165563	32.3353642384106	-1.74490066225166				1.00895364238411	-0.0482119205298013	0.173139072847682	-60.3260927152318	18.7878145695364	-13.7459602649007				1.01382781456954	-0.0812715231788079	-0.11994701986755	-128.792582781457	62.5864900662252	30.5997350993378				0.576529801324503	-0.416529801324503	-0.741721854304636	-27.4770860927152	27.9035761589404	18.1443708609272				0.932026490066225	-0.0605033112582781	0.245933774834437	-58.2882119205298	-9.74807947019868	-12.6574834437086				0.319788079470199	-0.222834437086093	-0.804238410596027	-28.8196026490066	17.2376158940397	36.205298013245			
93	2240	0.999841059602649	-0.141245033112583	-0.023523178807947	-34.4066225165563	29.5353642384106	-3.70490066225166				0.992953642384106	-0.128211920529801	0.205139072847682	-50.5260927152318	9.54781456953642	-15.4259602649007				1.01382781456954	0.0147284768211921	-0.18394701986755	-153.432582781457	60.3464900662252	23.5997350993378				0.560529801324503	-0.352529801324503	-0.709721854304636	-21.3170860927152	26.5035761589404	11.7043708609272				0.884026490066225	-0.0765033112582781	0.229933774834437	-48.4882119205298	-10.0280794701987	-13.4974834437086				0.255788079470199	-0.190834437086093	-0.756238410596026	-24.3396026490066	14.4376158940397	33.125298013245			
94	2260	0.967841059602649	-0.109245033112583	0.056476821192053	-35.5266225165563	32.3353642384106	-11.2649006622517				0.928953642384106	-0.160211920529801	0.173139072847682	-50.5260927152318	-3.05218543046358	-16.8259602649007				0.933827814569536	0.190728476821192	-0.0559470198675496	-138.592582781457	52.2264900662252	5.95973509933775				0.528529801324503	-0.256529801324503	-0.645721854304636	-34.4770860927152	23.1435761589404	1.62437086092715				0.868026490066225	-0.108503311258278	0.213933774834437	-48.4882119205298	-2.46807947019868	-15.7374834437086				0.223788079470199	-0.158834437086093	-0.740238410596026	-26.8596026490066	19.4776158940397	26.685298013245			
95	2280	0.967841059602649	-0.109245033112583	0.104476821192053	-44.4866225165563	34.5753642384106	-19.9449006622517				0.880953642384106	-0.112211920529801	0.109139072847682	-47.4460927152318	-9.49218543046358	-14.0259602649007				0.885827814569536	0.222728476821192	0.21605298013245	-120.672582781457	46.0664900662252	0.63973509933775				0.560529801324503	-0.144529801324503	-0.629721854304636	-37.2770860927152	12.2235761589404	-3.13562913907285				0.852026490066225	-0.0765033112582781	0.181933774834437	-49.3282119205298	0.611920529801325	-17.9774834437086				0.255788079470199	-0.158834437086093	-0.772238410596026	-24.8996026490066	22.2776158940397	19.685298013245			
96	2300	0.999841059602649	-0.0932450331125828	0.120476821192053	-59.0466225165563	24.7753642384106	-21.9049006622517				0.896953642384106	-0.0162119205298013	0.0931390728476822	-37.9260927152318	-8.93218543046358	-16.2659602649007				0.885827814569536	0.254728476821192	0.0720529801324504	-106.952582781457	48.5864900662252	8.75973509933775				0.624529801324503	-0.112529801324503	-0.661721854304636	-30.8370860927152	6.3435761589404	-2.57562913907285				0.900026490066225	-0.0285033112582781	0.197933774834437	-46.2482119205298	-3.86807947019868	-15.4574834437086				0.351788079470199	-0.222834437086093	-0.820238410596026	-31.0596026490066	24.5176158940397	18.285298013245			
97	2320	1.06384105960265	-0.0612450331125828	0.136476821192053	-64.3666225165563	6.2953642384106	-23.8649006622517				0.832953642384106	-0.0162119205298013	0.173139072847682	-32.8860927152318	-3.61218543046358	-22.7059602649007				0.757827814569536	0.318728476821192	0.10405298013245	-109.472582781457	72.3864900662252	9.31973509933775				0.672529801324503	-0.176529801324503	-0.693721854304636	-22.9970860927152	4.6635761589404	-2.29562913907285				0.932026490066225	-0.0125033112582781	0.213933774834437	-47.9282119205298	-8.34807947019868	-14.6174834437086				0.383788079470199	-0.222834437086093	-0.916238410596027	-42.5396026490066	22.2776158940397	21.365298013245			
98	2340	1.09584105960265	-0.0612450331125828	0.056476821192053	-61.8466225165563	-19.1846357615894	-23.8649006622517				1.04095364238411	0.143788079470199	0.221139072847682	-19.4460927152318	10.3878145695364	-24.6659602649007				1.76582781456954	0.606728476821192	-0.67994701986755	-83.992582781457	54.1864900662252	-1.60026490066225				0.640529801324503	-0.224529801324503	-0.789721854304636	-15.9970860927152	2.4235761589404	1.06437086092715				1.04402649006623	0.0514966887417219	0.261933774834437	-49.0482119205298	-13.6680794701987	-16.8574834437086				0.335788079470199	-0.110834437086093	-0.980238410596026	-34.6996026490066	7.71761589403974	21.925298013245			
99	2360	1.31984105960265	0.0507549668874172	0.00847682119205304	-67.1666225165563	-46.9046357615894	-23.3049006622517				1.40895364238411	0.239788079470199	0.317139072847682	-11.0460927152318	19.3478145695364	-20.1859602649007				1.60582781456954	0.494728476821192	-0.91994701986755	101.087417218543	-15.5335099337748	-23.7202649006623				0.640529801324503	-0.352529801324503	-0.981721854304636	-11.2370860927152	9.7035761589404	5.82437086092715				1.09202649006623	0.195496688741722	0.277933774834437	-55.2082119205298	-11.7080794701987	-18.5374834437086				0.335788079470199	0.00116556291390731	-1.07623841059603	-32.4596026490066	6.31761589403974	14.085298013245			
100	2380	1.09584105960265	0.226754966887417	0.024476821192053	-66.0466225165563	-74.0646357615894	-21.0649006622517				1.10495364238411	0.239788079470199	0.429139072847682	-6.56609271523179	26.9078145695364	-14.5859602649007				0.597827814569536	-0.385271523178808	-0.13594701986755	110.607417218543	-5.17350993377483	10.1597350993378				0.656529801324503	-0.384529801324503	-0.997721854304636	-19.0770860927152	25.3835761589404	-0.0556291390728476				1.04402649006623	0.211496688741722	0.00593377483443711	-47.9282119205298	7.33192052980133	-19.9374834437086				0.399788079470199	0.0811655629139073	-0.980238410596026	-30.2196026490066	15.8376158940397	18.005298013245			
101	2400	1.07984105960265	0.242754966887417	0.088476821192053	-38.0466225165563	-77.7046357615894	-19.9449006622517				0.960953642384106	-0.0482119205298013	0.205139072847682	-14.6860927152318	-26.0121854304636	-9.54596026490066				0.773827814569536	-0.00127152317880793	0.21605298013245	-10.072582781457	16.1064900662252	16.8797350993378				0.608529801324503	-0.176529801324503	-0.853721854304636	-36.4370860927152	19.5035761589404	0.784370860927152				0.836026490066225	0.211496688741722	0.197933774834437	-43.7282119205298	21.3319205298013	-24.4174834437086				0.351788079470199	0.113165562913907	-0.852238410596026	-36.3796026490066	4.63761589403974	25.565298013245			
102	2420	1.03184105960265	0.194754966887417	0.072476821192053	-34.9666225165563	-67.9046357615894	-20.5049006622517				0.912953642384106	0.111788079470199	-0.0828609271523179	-31.2060927152318	-16.2121854304636	-7.86596026490066				0.949827814569536	0.0147284768211921	-0.0239470198675496	-123.472582781457	25.6264900662252	7.07973509933775				0.560529801324503	0.0474701986754967	-0.805721854304636	-48.1970860927152	1.3035761589404	6.38437086092715				0.900026490066225	0.227496688741722	0.341933774834437	-44.2882119205298	16.2919205298013	-23.5774834437086				0.367788079470199	0.113165562913907	-0.884238410596026	-29.3796026490066	-8.24238410596027	24.725298013245			
103	2440	0.983841059602649	0.0507549668874172	0.104476821192053	-26.5666225165563	-60.0646357615894	-19.6649006622517				1.04095364238411	0.127788079470199	0.173139072847682	-17.2060927152318	0.307814569536424	-5.34596026490066				1.09382781456954	0.542728476821192	0.10405298013245	-8.95258278145695	36.5464900662252	-2.16026490066225				0.528529801324503	0.111470198675497	-0.757721854304636	-42.3170860927152	-4.0164238410596	11.1443708609272				1.01202649006623	0.227496688741722	0.229933774834437	-37.2882119205298	5.09192052980133	-19.0974834437086				0.367788079470199	0.129165562913907	-0.900238410596026	-20.4196026490066	-0.122384105960265	16.605298013245			
104	2460	0.887841059602649	-0.0292450331125828	-0.023523178807947	-26.5666225165563	-60.9046357615894	-17.7049006622517				0.976953642384106	0.191788079470199	0.189139072847682	-2.36609271523179	-9.77218543046358	-2.26596026490066				0.933827814569536	0.286728476821192	0.0880529801324504	53.7674172185431	3.22649006622517	4.55973509933775				0.512529801324503	0.0474701986754967	-0.773721854304636	-35.0370860927152	-5.9764238410596	12.5443708609272				0.996026490066225	0.211496688741722	0.101933774834437	-30.0082119205298	3.13192052980133	-14.6174834437086				0.351788079470199	0.145165562913907	-0.916238410596027	-26.0196026490066	15.2776158940397	12.685298013245			
105	2480	0.839841059602649	-0.0772450331125828	-0.071523178807947	-39.4466225165563	-56.4246357615894	-7.34490066225166				0.816953642384106	0.143788079470199	0.0611390728476822	20.3139072847682	-27.9721854304636	-1.70596026490066				0.901827814569536	0.0147284768211921	-0.0719470198675496	53.2074172185431	11.9064900662252	11.8397350993378				0.480529801324503	-0.0325298013245033	-0.773721854304636	-26.3570860927152	0.7435761589404	15.0643708609272				0.932026490066225	0.211496688741722	0.101933774834437	-24.4082119205298	3.13192052980133	-9.57748344370861				0.351788079470199	0.129165562913907	-0.932238410596026	-20.4196026490066	7.99761589403974	14.085298013245			
106	2500	0.855841059602649	-0.0932450331125828	0.104476821192053	-79.7666225165563	-48.3046357615894	9.17509933774834				0.864953642384106	0.191788079470199	-0.0348609271523178	14.9939072847682	-18.4521854304636	-2.54596026490066				1.01382781456954	-0.0812715231788079	-0.13594701986755	-24.352582781457	3.22649006622517	17.1597350993378				0.384529801324503	-0.0485298013245033	-0.773721854304636	-22.4370860927152	2.9835761589404	20.1043708609272				0.900026490066225	0.179496688741722	0.133933774834437	-17.1282119205298	-2.46807947019868	-6.49748344370861				0.335788079470199	0.0651655629139073	-0.884238410596026	-10.0596026490066	-7.40238410596027	18.285298013245			
107	2520	0.775841059602649	-0.189245033112583	0.136476821192053	-110.006622516556	-52.2246357615894	32.4150993377484				1.00895364238411	0.143788079470199	-0.0188609271523178	2.67390728476821	-1.65218543046358	2.21403973509934				1.04582781456954	0.0467284768211921	0.00805298013245037	-39.752582781457	4.90649006622517	10.9997350993378				0.384529801324503	-0.0325298013245033	-0.757721854304636	-16.2770860927152	1.5835761589404	24.5843708609272				0.932026490066225	0.147496688741722	0.133933774834437	-23.8482119205298	-7.22807947019868	-9.57748344370861				0.351788079470199	0.0331655629139073	-0.852238410596026	-15.0996026490066	-11.3223841059603	21.365298013245			
108	2540	0.503841059602649	0.0347549668874172	0.600476821192053	-74.7266225165563	11.6153642384106	22.6150993377483				1.04095364238411	0.0637880794701987	0.0291390728476822	-27.2860927152318	1.98781456953642	4.17403973509934				1.02982781456954	0.238728476821192	0.0400529801324504	-23.512582781457	1.26649006622517	3.71973509933775				0.416529801324503	-0.0485298013245033	-0.837721854304636	-15.4370860927152	2.7035761589404	29.6243708609272				0.980026490066225	0.147496688741722	0.117933774834437	-28.6082119205298	-11.9880794701987	-10.6974834437086				0.367788079470199	0.0651655629139073	-0.868238410596026	-17.3396026490066	-11.8823841059603	27.525298013245			
109	2560	0.535841059602649	0.210754966887417	0.648476821192053	-5.84662251655629	51.3753642384106	4.41509933774834				1.04095364238411	-0.000211920529801304	0.0291390728476822	-51.6460927152318	-8.09218543046358	5.57403973509934				0.965827814569536	0.158728476821192	-0.0239470198675496	-12.312582781457	-6.57350993377483	5.11973509933775				0.432529801324503	-0.0965298013245033	-0.901721854304636	-17.6770860927152	4.1035761589404	34.6643708609272				1.01202649006623	0.131496688741722	0.117933774834437	-29.7282119205298	-12.8280794701987	-8.73748344370861				0.415788079470199	0.0811655629139073	-0.900238410596026	-20.1396026490066	-8.80238410596027	33.405298013245			
110	2580	0.647841059602649	0.306754966887417	0.584476821192053	-15.6466225165563	100.935364238411	-4.26490066225166				0.976953642384106	0.0637880794701987	0.0931390728476822	-61.4460927152318	-15.3721854304636	3.89403973509934				0.965827814569536	0.0307284768211921	-0.13594701986755	-33.592582781457	-9.09350993377483	9.87973509933775				0.416529801324503	-0.160529801324503	-0.901721854304636	-17.3970860927152	6.9035761589404	40.5443708609272				0.996026490066225	0.0994966887417219	0.0859337748344371	-31.9682119205298	-15.3480794701987	-6.21748344370861				0.447788079470199	0.0811655629139073	-0.900238410596026	-23.2196026490066	-3.48238410596027	37.605298013245			
111	2600	0.871841059602649	0.290754966887417	0.456476821192053	-21.2466225165563	129.215364238411	-7.90490066225166				0.864953642384106	0.191788079470199	0.157139072847682	-55.8460927152318	-19.5721854304636	6.69403973509934				0.933827814569536	0.0627284768211921	-0.15194701986755	-51.792582781457	-6.01350993377483	8.75973509933775				0.384529801324503	-0.176529801324503	-0.837721854304636	-19.0770860927152	4.1035761589404	43.6243708609272				0.916026490066225	0.115496688741722	0.0699337748344371	-47.0882119205298	-18.9880794701987	-4.81748344370861				0.447788079470199	0.0651655629139073	-0.852238410596026	-22.3796026490066	-2.08238410596027	42.085298013245			
112	2620	1.03184105960265	0.386754966887417	0.232476821192053	-40.5666225165563	114.095364238411	-7.90490066225166				0.816953642384106	0.223788079470199	0.109139072847682	-52.4860927152318	-18.4521854304636	8.65403973509934				0.965827814569536	0.254728476821192	-0.0879470198675496	-49.552582781457	-7.69350993377483	8.47973509933775				0.448529801324503	-0.112529801324503	-0.773721854304636	-26.3570860927152	-5.1364238410596	45.3043708609272				0.868026490066225	0.163496688741722	0.101933774834437	-53.8082119205298	-25.7080794701987	-6.77748344370861				0.383788079470199	0.0651655629139073	-0.788238410596027	-18.1796026490066	-9.36238410596027	45.445298013245			
113	2640	2.02384105960265	0.674754966887417	-0.455523178807947	-52.3266225165563	54.4553642384106	-11.5449006622517				0.992953642384106	0.127788079470199	-0.0348609271523178	-50.5260927152318	5.62781456953642	5.57403973509934				1.01382781456954	0.478728476821192	0.0400529801324504	-32.752582781457	-15.5335099337748	6.51973509933775				0.480529801324503	-0.000529801324503289	-0.837721854304636	-31.6770860927152	-10.4564238410596	51.1843708609272				1.07602649006623	0.163496688741722	0.341933774834437	-50.7282119205298	-31.5880794701987	-10.1374834437086				0.239788079470199	-0.0468344370860927	-0.884238410596026	-19.8596026490066	-16.6423841059603	42.925298013245			
114	2660	1.15984105960265	-0.317245033112583	-0.679523178807947	38.3933774834437	-48.0246357615894	39.6950993377484				1.37695364238411	0.111788079470199	0.285139072847682	-67.6060927152318	47.6278145695364	-8.70596026490066				1.02982781456954	0.494728476821192	0.0720529801324504	-14.832582781457	-28.4135099337748	4.83973509933775				0.608529801324503	-0.160529801324503	-0.901721854304636	-19.6370860927152	5.7835761589404	57.0643708609272				1.15602649006623	0.131496688741722	0.293933774834437	-38.9682119205298	-27.6680794701987	-6.77748344370861				0.191788079470199	-0.0628344370860927	-1.14023841059603	-31.3396026490066	2.95761589403974	29.485298013245			
115	2680	0.327841059602649	-0.589245033112583	0.088476821192053	76.1933774834437	45.7753642384106	75.2550993377483				1.08895364238411	0.127788079470199	0.589139072847682	-41.5660927152318	13.4678145695364	-20.1859602649007				0.981827814569536	0.190728476821192	0.12005298013245	14.287417218543	-23.6535099337748	9.59973509933775				0.768529801324503	-0.384529801324503	-0.773721854304636	-5.07708609271523	24.5435761589404	48.1043708609272				1.01202649006623	0.147496688741722	-0.122066225165563	-38.6882119205298	-17.3080794701987	-6.21748344370861				0.255788079470199	0.0651655629139073	-1.09223841059603	-22.0996026490066	21.9976158940397	32.565298013245			
116	2700	0.759841059602649	-0.429245033112583	0.072476821192053	8.99337748344371	76.5753642384106	28.4950993377483				0.800953642384106	0.0637880794701987	0.0131390728476822	9.39390728476821	-29.3721854304636	-13.7459602649007				0.949827814569536	-0.193271523178808	0.10405298013245	20.727417218543	-12.4535099337748	14.6397350993378				0.768529801324503	-0.384529801324503	-0.629721854304636	-14.5970860927152	13.3435761589404	37.1843708609272				0.756026490066225	0.0354966887417219	0.0539337748344371	-38.6882119205298	12.3719205298013	-6.77748344370861				0.223788079470199	0.0171655629139073	-0.916238410596027	-13.4196026490066	7.15761589403974	41.245298013245			
117	2720	1.03184105960265	0.242754966887417	0.312476821192053	-40.8466225165563	55.5753642384106	-11.8249006622517				0.912953642384106	-0.128211920529801	-0.210860927152318	8.27390728476821	-19.5721854304636	-4.22596026490066				0.933827814569536	-0.401271523178808	0.00805298013245037	-6.99258278145695	4.90649006622517	15.7597350993378				0.704529801324503	-0.144529801324503	-0.645721854304636	-31.9570860927152	-1.7764238410596	34.3843708609272				0.820026490066225	-0.140503311258278	0.261933774834437	-36.7282119205298	14.3319205298013	-2.29748344370861				0.239788079470199	-0.126834437086093	-0.900238410596026	1.14039735099338	-17.7623841059603	37.885298013245			
118	2740	1.12784105960265	0.178754966887417	-0.00752317880794696	-33.8466225165563	16.3753642384106	-29.1849006622517				0.928953642384106	-0.176211920529801	-0.0348609271523178	-23.3660927152318	-2.77218543046358	-0.86596026490066				0.965827814569536	-0.385271523178808	-0.0719470198675496	-40.312582781457	9.66649006622517	16.0397350993378				0.592529801324503	-0.0805298013245033	-0.693721854304636	-34.7570860927152	-6.8164238410596	34.9443708609272				0.980026490066225	-0.0605033112582781	0.229933774834437	-15.7282119205298	-2.74807947019868	-2.85748344370861				0.271788079470199	-0.174834437086093	-0.820238410596026	13.4603973509934	-27.8423841059603	30.885298013245			
119	2760	0.967841059602649	-0.189245033112583	0.00847682119205304	-8.36662251655629	28.6953642384106	-1.18490066225166				1.00895364238411	-0.112211920529801	0.125139072847682	-32.3260927152318	4.22781456953642	-2.26596026490066				1.04582781456954	-0.225271523178808	-0.0239470198675496	-63.552582781457	2.94649006622517	17.4397350993378				0.528529801324503	-0.160529801324503	-0.661721854304636	-19.3570860927152	-6.5364238410596	35.2243708609272				0.996026490066225	-0.0285033112582781	0.0699337748344371	-3.4082119205298	-9.74807947019868	-2.85748344370861				0.271788079470199	-0.126834437086093	-0.820238410596026	-1.37960264900662	-16.6423841059603	28.365298013245			
120	2780	1.09584105960265	-0.365245033112583	0.024476821192053	-15.6466225165563	22.2553642384106	14.4950993377483				1.05695364238411	-0.0642119205298013	0.205139072847682	-28.1260927152318	3.38781456953642	-6.46596026490066				1.04582781456954	-0.0492715231788079	-0.00794701986754963	-47.592582781457	-7.13350993377484	16.5997350993378				0.512529801324503	-0.224529801324503	-0.709721854304636	-7.31708609271523	-5.4164238410596	34.3843708609272				0.964026490066225	-0.0125033112582781	0.117933774834437	-8.7282119205298	-9.18807947019868	-2.01748344370861				0.287788079470199	-0.110834437086093	-0.868238410596026	-8.09960264900662	-7.96238410596027	29.205298013245			
121	2800	1.01584105960265	-0.333245033112583	0.136476821192053	-23.2066225165563	20.5753642384106	7.49509933774834				0.960953642384106	-0.0802119205298013	0.109139072847682	-28.6860927152318	-2.77218543046358	-7.86596026490066				0.965827814569536	0.126728476821192	0.00805298013245037	-31.632582781457	-12.7335099337748	14.9197350993378				0.496529801324503	-0.224529801324503	-0.725721854304636	-5.07708609271523	-2.6164238410596	32.1443708609272				0.932026490066225	-0.0445033112582781	0.165933774834437	-5.6482119205298	-3.30807947019868	-0.337483443708608				0.319788079470199	-0.110834437086093	-0.868238410596026	-3.89960264900662	-1.52238410596026	26.685298013245			
122	2820	0.983841059602649	-0.269245033112583	0.168476821192053	-31.6066225165563	-3.5046357615894	-4.26490066225166				0.928953642384106	-0.0482119205298013	0.0931390728476822	-32.6060927152318	3.94781456953642	-5.06596026490066				0.885827814569536	0.142728476821192	-0.0399470198675496	-29.112582781457	-10.2135099337748	15.7597350993378				0.496529801324503	-0.208529801324503	-0.741721854304636	-5.07708609271523	0.1835761589404	32.4243708609272				0.932026490066225	-0.0285033112582781	0.149933774834437	-3.1282119205298	-5.82807947019868	1.62251655629139				0.303788079470199	-0.0948344370860927	-0.884238410596026	0.0203973509933773	2.39761589403974	25.005298013245			
123	2840	0.935841059602649	-0.0932450331125828	0.072476821192053	-33.5666225165563	-13.5846357615894	-10.9849006622517				0.976953642384106	-0.000211920529801304	0.0771390728476822	-21.4060927152318	3.38781456953642	-3.38596026490066				0.933827814569536	0.0307284768211921	-0.0719470198675496	-24.632582781457	-0.413509933774833	11.2797350993378				0.528529801324503	-0.224529801324503	-0.741721854304636	-4.51708609271523	0.1835761589404	32.1443708609272				0.916026490066225	-0.0125033112582781	0.165933774834437	-10.6882119205298	-5.82807947019868	-0.337483443708608				0.319788079470199	-0.110834437086093	-0.900238410596026	5.90039735099338	-1.24238410596026	26.125298013245			
124	2860	0.967841059602649	0.0187549668874172	0.072476821192053	-19.2866225165563	-9.38463576158941	-11.8249006622517				0.992953642384106	-0.000211920529801304	0.0771390728476822	-11.0460927152318	1.98781456953642	-3.38596026490066				0.997827814569536	-0.0332715231788079	-0.0239470198675496	-17.072582781457	2.66649006622517	5.95973509933775				0.576529801324503	-0.240529801324503	-0.741721854304636	-4.51708609271523	-1.7764238410596	31.8643708609272				0.948026490066225	0.0194966887417219	0.165933774834437	-12.6482119205298	-4.98807947019868	-1.73748344370861				0.319788079470199	-0.110834437086093	-0.900238410596026	7.86039735099338	-8.52238410596027	25.845298013245			
125	2880	0.967841059602649	0.0347549668874172	0.152476821192053	4.51337748344371	-0.984635761589404	-8.18490066225166				1.02495364238411	-0.0482119205298013	0.125139072847682	-16.3660927152318	1.42781456953642	-3.38596026490066				1.01382781456954	-0.113271523178808	-0.0559470198675496	-12.032582781457	-5.17350993377483	4.55973509933775				0.576529801324503	-0.240529801324503	-0.773721854304636	-3.39708609271523	-0.9364238410596	31.3043708609272				0.980026490066225	0.0354966887417219	0.101933774834437	-13.4882119205298	-3.30807947019868	1.34251655629139				0.319788079470199	-0.0948344370860927	-0.932238410596026	3.10039735099338	-8.24238410596027	25.565298013245			
126	2900	0.999841059602649	-0.0452450331125828	0.312476821192053	9.27337748344371	-0.704635761589404	-0.904900662251656				1.00895364238411	-0.0482119205298013	0.0931390728476822	-21.4060927152318	-6.13218543046358	-4.78596026490066				0.997827814569536	-0.161271523178808	-0.13594701986755	-10.912582781457	-4.61350993377483	4.83973509933775				0.560529801324503	-0.208529801324503	-0.757721854304636	-1.43708609271523	2.1435761589404	31.0243708609272				1.01202649006623	0.0194966887417219	0.149933774834437	-14.6082119205298	1.73192052980133	5.54251655629139				0.335788079470199	-0.0788344370860927	-0.964238410596026	1.14039735099338	-4.04238410596027	25.005298013245			
127	2920	0.983841059602649	-0.109245033112583	0.328476821192053	-9.76662251655629	-5.1846357615894	2.17509933774834				1.00895364238411	-0.0482119205298013	0.0451390728476822	-19.4460927152318	-12.0121854304636	-3.66596026490066				0.981827814569536	-0.161271523178808	-0.13594701986755	-12.872582781457	-5.73350993377484	6.51973509933775				0.560529801324503	-0.192529801324503	-0.773721854304636	0.802913907284768	-1.4964238410596	30.7443708609272				1.01202649006623	0.00349668874172187	0.165933774834437	-11.5282119205298	-2.18807947019868	7.78251655629139				0.335788079470199	-0.0788344370860927	-0.948238410596026	5.62039735099338	-0.122384105960265	25.565298013245			
128	2940	0.951841059602649	-0.157245033112583	0.232476821192053	-23.4866225165563	-7.1446357615894	1.89509933774834				0.992953642384106	-0.0162119205298013	0.0931390728476822	-14.1260927152318	-14.5321854304636	-1.98596026490066				0.981827814569536	-0.0972715231788079	-0.0879470198675496	-15.112582781457	-4.33350993377483	7.35973509933775				0.544529801324503	-0.208529801324503	-0.773721854304636	2.76291390728477	-2.3364238410596	28.5043708609272				0.980026490066225	0.00349668874172187	0.149933774834437	-11.2482119205298	-8.90807947019868	9.74251655629139				0.303788079470199	-0.126834437086093	-0.916238410596027	5.90039735099338	1.55761589403974	24.165298013245			
129	2960	0.935841059602649	-0.125245033112583	0.184476821192053	-20.6866225165563	-3.7846357615894	0.775099337748344				0.992953642384106	0.0157880794701987	0.0931390728476822	-10.2060927152318	-14.5321854304636	-1.14596026490066				0.997827814569536	-0.0332715231788079	-0.0399470198675496	-19.312582781457	-4.05350993377483	7.91973509933775				0.544529801324503	-0.240529801324503	-0.741721854304636	4.44291390728477	-2.8964238410596	25.7043708609272				0	0	0	0	0	0				0	0	0	0	0	0			
130	3120	0.967841059602649	-0.0772450331125828	0.168476821192053	-6.68662251655629	-0.704635761589404	-1.18490066225166				0.992953642384106	0.0317880794701987	0.0611390728476822	-3.48609271523179	-11.7321854304636	-2.26596026490066				0.997827814569536	-0.0492715231788079	-0.0239470198675496	-1.67258278145695	-2.37350993377483	0.91973509933775				0	0	0	0	0	0				0	0	0	0	0	0				0.239788079470199	-0.158834437086093	-0.900238410596026	1.14039735099338	-0.122384105960265	7.64529801324503			
131	3140	0.967841059602649	-0.0612450331125828	0.216476821192053	-3.32662251655629	1.5353642384106	0.495099337748344				0.976953642384106	0.0317880794701987	0.0451390728476822	0.153907284768212	-9.49218543046358	-1.70596026490066				0.981827814569536	-0.0172715231788079	-0.0399470198675496	-3.91258278145695	-1.53350993377483	1.47973509933775				0.512529801324503	-0.336529801324503	-0.805721854304636	10.8829139072848	2.7035761589404	8.62437086092715				0.980026490066225	-0.0125033112582781	0.0699337748344371	-5.6482119205298	-8.34807947019868	2.18251655629139				0.255788079470199	-0.126834437086093	-0.916238410596027	-1.93960264900662	-1.24238410596026	4.00529801324503			
132	3160	0.967841059602649	-0.0452450331125828	0.264476821192053	-2.20662251655629	2.0953642384106	0.215099337748344				0.976953642384106	0.0317880794701987	0.0131390728476822	1.27390728476821	-10.3321854304636	-1.14596026490066				0.981827814569536	-0.00127152317880793	-0.0239470198675496	-5.03258278145695	-0.413509933774833	1.19973509933775				0.512529801324503	-0.336529801324503	-0.805721854304636	7.52291390728477	2.7035761589404	7.78437086092715				0.964026490066225	0.00349668874172187	0.0699337748344371	-4.2482119205298	-8.06807947019868	1.62251655629139				0.239788079470199	-0.126834437086093	-0.932238410596026	2.82039735099338	-4.88238410596027	2.04529801324503			
133	3180	0.951841059602649	-0.0292450331125828	0.280476821192053	0.873377483443709	1.2553642384106	-1.46490066225166				0.992953642384106	0.0317880794701987	0.0291390728476822	0.433907284768212	-8.65218543046358	-0.585960264900661				0.981827814569536	-0.0172715231788079	-0.0399470198675496	-1.95258278145695	-0.693509933774834	-0.20026490066225				0.512529801324503	-0.304529801324503	-0.789721854304636	3.04291390728477	-0.0964238410596001	5.26437086092715				0.996026490066225	-0.0125033112582781	0.0539337748344371	-3.1282119205298	-7.78807947019868	2.18251655629139				0.239788079470199	-0.158834437086093	-0.932238410596026	2.82039735099338	-4.60238410596027	2.32529801324503			
134	3200	0.967841059602649	-0.0452450331125828	0.216476821192053	2.55337748344371	0.135364238410596	-2.30490066225166				0.992953642384106	0.0317880794701987	0.0611390728476822	4.07390728476821	-5.29218543046358	-0.585960264900661				0.997827814569536	-0.0332715231788079	-0.0719470198675496	1.96741721854305	0.706490066225167	-0.48026490066225				0.496529801324503	-0.320529801324503	-0.789721854304636	2.20291390728477	-1.2164238410596	4.98437086092715				0.980026490066225	-0.0125033112582781	0.0699337748344371	-3.4082119205298	-6.10807947019868	2.18251655629139				0.239788079470199	-0.174834437086093	-0.916238410596027	2.54039735099338	-2.92238410596027	3.72529801324503			
135	3220	0.967841059602649	-0.0612450331125828	0.168476821192053	2.83337748344371	-0.704635761589404	-1.46490066225166				0.992953642384106	0.0317880794701987	0.0611390728476822	6.03390728476821	-3.89218543046358	-0.585960264900661				0.997827814569536	-0.0332715231788079	-0.0559470198675496	3.64741721854305	-1.53350993377483	-0.20026490066225				0.480529801324503	-0.304529801324503	-0.789721854304636	3.60291390728477	-0.6564238410596	5.54437086092715				0.948026490066225	-0.0125033112582781	0.0699337748344371	-0.608211920529802	-5.82807947019868	1.34251655629139				0.239788079470199	-0.158834437086093	-0.884238410596026	0.300397350993377	-1.80238410596026	3.16529801324503			
136	3240	0.983841059602649	-0.0772450331125828	0.152476821192053	1.71337748344371	-2.1046357615894	-1.74490066225166				0.976953642384106	0.0317880794701987	0.0451390728476822	4.91390728476821	-3.61218543046358	1.09403973509934				0.981827814569536	-0.0492715231788079	-0.0559470198675496	2.80741721854305	-2.65350993377483	-1.04026490066225				0.480529801324503	-0.336529801324503	-0.773721854304636	2.20291390728477	1.3035761589404	4.14437086092715				0.932026490066225	-0.0125033112582781	0.0699337748344371	0.231788079470198	-4.98807947019868	0.502516556291392				0.255788079470199	-0.142834437086093	-0.884238410596026	-1.09960264900662	-2.08238410596027	3.72529801324503			
137	3260	0.967841059602649	-0.0772450331125828	0.168476821192053	1.15337748344371	-2.6646357615894	-0.624900662251656				0.976953642384106	0.0157880794701987	0.0451390728476822	2.95390728476821	-2.77218543046358	1.09403973509934				0.965827814569536	-0.0332715231788079	-0.0399470198675496	3.36741721854305	-2.93350993377483	-1.04026490066225				0.480529801324503	-0.320529801324503	-0.773721854304636	-0.0370860927152318	0.7435761589404	2.46437086092715				0.948026490066225	-0.0125033112582781	0.0699337748344371	-0.0482119205298018	-2.18807947019868	-0.0574834437086077				0.239788079470199	-0.142834437086093	-0.884238410596026	2.54039735099338	-4.32238410596027	3.72529801324503			
138	3280	0.967841059602649	-0.0612450331125828	0.168476821192053	1.43337748344371	-2.9446357615894	-0.904900662251656				0.992953642384106	-0.000211920529801304	0.0451390728476822	4.07390728476821	-0.532185430463576	0.25403973509934				0.965827814569536	-0.0172715231788079	-0.0239470198675496	3.64741721854305	-1.25350993377483	-0.48026490066225				0.480529801324503	-0.288529801324503	-0.757721854304636	-0.0370860927152318	-0.0964238410596001	1.90437086092715				0.964026490066225	-0.0125033112582781	0.0699337748344371	-0.0482119205298018	-2.18807947019868	-0.897483443708608				0.255788079470199	-0.142834437086093	-0.884238410596026	1.42039735099338	-2.08238410596027	3.44529801324503			
